19701227
0.00
0.00
0.00
0.00
0.00
0.00
0.00
0.00
0.00
0.00
0.00
0.00
0.00
0.00
0.00
0.00
0.00
0.00
0.00
0.00
0.00
0.00
0.00
0.00
0.00
0.00
0.00
0.00
0.00
0.00
0.00
0.00
0.00
0.00
0.00
0.00
0.00
0.00
0.00
0.00
0.00
0.16
0.99
0.00
2.55
0.16
0.00
0.00
3.63
0.00
0.00
0.00
0.00
0.00
0.99
0.00
1.48
0.00
0.00
0.00
0.00
0.00
0.00
0.00
0.00
3.46
31.97
0.00
0.00
0.00
0.00
0.00
0.00
0.00
0.00
0.00
1.65
0.00
0.00
0.00
0.00
0.16
6.55
1.85
1.73
0.00
15.33
9.39
5.60
23.24
13.18
0.16
0.16
2.47
14.50
7.91
2.64
8.73
13.10
63.78
1.81
0.00
0.00
6.26
19.94
6.84
4.45
0.00
0.00
0.25
0.00
5.77
2.14
5.44
10.75
12.28
7.58
0.00
0.00
9.23
5.44
5.27
0.00
0.00
0.49
0.16
0.66
8.07
23.73
1.65
8.57
28.67
32.46
4.61
2.06
2.80
7.09
9.72
15.33
42.93
2.31
0.00
1.90
9.23
12.19
20.52
10.38
6.26
7.33
0.00
12.19
6.43
0.00
0.00
0.00
0.00
0.00
5.27
0.00
1.81
0.99
13.68
14.50
33.95
38.23
36.25
59.90
65.05
45.07
57.47
84.21
58.01
50.88
40.79
12.85
2.80
17.14
49.60
35.18
74.69
87.75
58.26
55.21
60.89
33.62
18.87
44.17
79.76
64.60
73.99
68.02
40.70
26.16
13.10
8.07
18.21
0.00
19.94
0.00
0.00
3.96
7.42
20.97
33.08
0.00
18.46
0.00
0.00
15.90
5.40
28.59
32.26
41.08
11.62
1.19
0.00
0.04
6.18
41.86
53.85
70.86
66.91
56.03
45.81
10.18
35.84
28.39
23.19
3.05
0.00
0.00
1.65
1.65
5.11
0.00
25.71
33.54
9.64
30.98
10.01
41.20
66.21
82.27
15.49
0.04
20.43
0.00
0.00
0.00
0.00
0.00
0.00
1.98
0.00
0.00
3.46
18.62
11.37
0.00
0.00
0.00
0.00
8.24
1.65
7.58
37.82
6.76
2.06
0.00
0.00
0.00
0.00
0.00
3.46
4.45
6.10
0.00
1.09
0.00
5.23
0.62
0.00
0.00
0.49
1.98
0.00
0.00
0.00
0.00
0.00
0.00
0.00
0.00
0.00
0.00
0.82
37.00
7.29
0.06
0.00
0.00
0.00
0.00
0.00
0.00
0.00
0.00
0.00
0.00
0.00
0.00
0.00
0.00
0.00
0.00
0.00
0.00
0.00
0.00
0.00
0.00
0.00
0.00
0.00
0.00
0.00
0.00
0.00
0.00
0.00
0.00
0.00
0.00
0.00
0.00
0.00
0.00
0.00
0.00
0.00
0.00
0.00
0.00
0.00
0.00
0.00
0.00
24.06
55.54
21.26
0.33
0.00
0.00
0.00
0.00
0.00
0.00
0.00
0.00
0.00
0.00
0.00
0.00
0.08
0.00
0.00
0.00
0.00
0.00
0.00
0.00
0.00
0.00
0.00
0.00
0.00
0.00
0.00
0.66
2.14
0.00
0.04
0.00
0.00
0.00
0.00
0.00
0.00
0.00
0.00
0.00
0.00
0.00
0.00
0.00
0.00
0.00
0.00
0.00
0.00
0.00
0.58
0.00
0.00
0.00
0.00
0.00
0.00
0.00
0.00
0.00
0.00
0.00
0.00
0.00
0.00
0.00
0.00
0.00
0.00
0.00
0.00
7.25
0.66
0.00
0.00
0.00
0.00
0.00
0.16
0.25
0.00
0.00
3.21
0.08
0.00
0.00
0.00
0.66
1.65
3.30
0.00
0.00
0.00
0.00
1.81
4.00
7.17
3.21
4.57
4.57
0.00
0.00
0.00
0.00
1.24
7.09
4.45
4.94
1.48
0.00
0.00
0.00
0.00
0.00
0.00
0.00
0.00
0.00
0.00
0.00
0.00
0.00
3.17
0.00
0.00
6.84
0.23
1.07
6.39
0.00
0.00
0.00
1.98
2.22
7.25
4.04
4.12
0.16
0.00
0.00
2.72
19.45
29.00
12.85
0.00
2.55
10.38
17.47
8.73
0.00
0.00
19.12
13.18
11.70
7.25
1.15
7.25
29.17
26.20
12.69
22.58
1.65
27.69
11.37
31.97
27.07
18.00
17.80
28.34
11.95
15.16
0.00
0.00
0.00
0.00
0.00
0.00
5.36
9.23
10.88
4.12
1.40
28.59
59.37
53.48
66.66
76.96
72.10
40.70
25.05
24.68
9.78
5.95
12.24
9.19
9.89
12.48
3.79
0.00
0.00
5.73
7.87
0.00
4.53
3.96
4.12
25.71
36.25
41.53
70.70
58.17
53.89
37.57
26.04
22.99
23.40
34.69
55.12
37.49
39.10
37.41
33.21
36.25
21.26
13.10
22.91
39.72
49.23
58.26
70.70
50.72
42.89
45.32
47.05
34.11
9.72
28.02
3.79
28.84
77.45
52.24
12.36
0.00
5.44
1.65
23.48
24.97
21.13
0.70
19.20
18.00
0.00
28.34
33.62
0.00
0.04
13.43
12.94
51.91
58.09
75.72
21.92
9.56
14.01
19.94
8.16
3.63
42.35
0.00
0.00
0.00
0.00
1.48
6.10
5.85
0.00
0.00
0.00
0.00
5.27
3.87
12.73
22.54
8.98
0.00
0.00
0.00
0.00
0.00
0.00
0.00
0.00
0.00
9.06
7.04
7.91
10.05
55.54
14.83
3.13
6.43
6.92
11.54
0.16
8.07
0.00
0.00
0.00
0.00
0.00
0.00
0.00
0.00
0.00
0.82
0.00
0.00
0.00
0.00
0.00
0.00
0.00
0.00
0.00
0.00
0.00
0.00
0.00
0.00
0.00
0.00
0.00
0.00
0.00
0.00
0.00
0.00
0.00
0.00
1.81
0.00
4.12
0.00
0.00
0.00
0.00
0.00
0.00
0.00
0.00
0.00
0.00
0.00
0.00
0.00
0.00
0.00
0.00
0.00
0.00
0.00
0.00
0.00
0.00
0.00
0.00
0.00
0.00
0.00
0.00
0.00
0.00
0.00
0.00
0.00
0.00
0.00
0.00
0.00
0.00
0.00
0.00
0.00
0.00
0.00
0.00
0.00
0.00
0.00
0.00
0.00
0.00
0.00
0.00
0.00
0.00
0.00
0.00
0.00
0.08
0.00
0.00
0.00
0.00
0.00
1.15
0.00
0.00
0.00
0.00
0.00
0.00
0.00
0.00
0.00
0.00
0.00
0.00
0.00
0.00
0.00
0.00
0.00
0.00
0.00
0.00
0.00
0.00
0.00
0.00
0.00
0.00
0.00
0.00
0.00
0.00
0.00
0.00
0.00
0.00
0.00
0.00
0.00
0.00
0.00
0.00
0.00
0.00
0.00
0.00
0.00
0.00
0.00
0.00
0.00
0.00
6.53
21.86
0.78
0.00
0.00
0.95
1.63
2.02
0.00
0.00
0.00
0.00
0.66
1.15
0.00
0.00
0.00
0.00
0.00
0.00
0.00
0.00
0.00
0.00
0.00
0.00
0.00
0.00
0.04
0.21
6.14
0.91
5.69
1.32
0.00
14.50
11.37
4.33
0.00
0.00
0.25
6.26
0.41
4.70
3.67
0.00
3.63
0.00
0.00
6.76
0.82
0.00
4.45
7.91
29.33
15.82
0.00
12.52
12.19
10.55
15.57
3.30
2.64
13.02
33.95
12.85
9.06
27.85
5.44
29.09
21.84
36.58
50.92
15.41
5.77
0.00
0.00
0.00
0.00
0.00
0.00
3.01
6.18
25.87
12.77
25.54
38.40
31.56
24.93
14.25
40.95
46.47
45.90
26.00
31.48
17.02
6.30
12.48
2.02
7.75
52.40
71.52
33.12
53.23
77.12
56.52
78.44
67.24
43.67
60.73
71.40
54.63
38.40
45.20
0.00
0.00
0.00
5.27
26.74
24.64
31.97
53.56
48.94
47.13
152.35
65.01
22.08
60.97
84.21
54.71
12.85
14.30
0.00
0.00
20.68
18.37
54.14
80.54
58.09
22.16
44.49
28.39
0.04
4.12
126.40
32.79
22.82
1.65
0.00
19.73
31.35
6.22
5.44
27.25
66.54
59.37
48.74
2.27
0.00
0.00
0.00
0.04
0.00
39.39
41.45
31.39
47.79
57.84
37.90
25.87
12.19
6.76
35.60
72.34
74.98
24.22
0.00
0.00
0.00
0.00
0.00
11.21
16.85
49.81
36.75
29.42
10.42
1.15
0.00
0.00
0.00
0.00
0.25
0.00
8.94
9.23
26.20
3.38
0.00
10.71
13.22
48.12
40.54
19.86
0.00
0.00
0.00
0.00
0.00
0.00
0.00
0.00
0.00
0.00
0.00
0.00
0.00
0.00
0.00
0.00
0.00
0.00
0.00
0.00
0.00
0.00
0.00
0.00
0.00
0.00
0.00
0.00
0.00
0.00
0.00
0.00
0.00
0.00
0.00
0.00
0.00
0.00
0.00
0.00
0.00
0.00
0.00
0.00
0.00
0.00
0.00
0.00
0.00
0.00
0.00
0.00
0.00
0.00
0.00
0.04
0.04
0.08
0.12
0.04
0.00
0.00
0.00
0.00
0.00
0.00
0.00
0.00
0.00
0.00
0.00
0.00
0.00
0.00
0.00
0.00
0.00
0.00
0.00
0.00
3.83
0.04
11.19
0.04
0.00
0.00
0.00
0.00
0.00
0.00
0.00
0.00
0.00
0.00
0.00
0.00
0.00
0.00
0.00
0.00
0.00
0.00
0.00
0.00
0.00
0.00
0.00
0.00
0.00
0.00
0.00
0.00
0.00
0.00
0.00
0.00
0.00
0.00
0.00
0.00
0.00
0.00
0.00
0.49
0.00
0.00
0.33
2.14
0.00
0.00
0.00
0.00
0.00
0.00
0.00
0.00
2.31
0.33
1.48
0.00
0.00
0.00
0.00
0.00
0.00
0.00
0.00
0.00
0.00
0.00
0.00
0.00
0.00
0.00
1.65
0.00
0.00
0.00
0.00
0.00
0.08
6.26
3.46
9.06
13.18
0.00
0.00
0.16
0.08
4.45
3.79
4.45
0.95
0.12
5.85
7.62
0.04
0.00
3.13
6.02
0.00
19.61
0.00
11.37
4.28
2.31
0.33
0.00
0.00
2.97
3.71
9.56
5.77
4.53
12.19
4.12
0.00
0.16
0.29
0.99
14.01
30.12
35.43
8.57
12.85
10.55
3.79
4.28
14.09
6.76
4.28
26.45
17.14
8.90
21.59
1.32
13.02
6.59
0.00
10.05
1.65
4.12
5.77
8.40
19.28
0.00
12.44
15.66
2.80
0.00
2.31
10.22
0.00
5.44
0.00
0.00
5.11
5.11
0.54
0.45
1.11
21.51
0.82
0.00
6.96
0.49
0.00
0.00
6.02
0.00
0.00
4.53
1.94
6.92
61.39
94.72
62.21
104.81
59.90
52.08
0.08
25.75
15.86
31.56
38.36
39.47
0.00
0.04
3.79
40.37
43.84
43.42
49.27
13.68
30.98
67.24
67.07
63.61
28.02
21.92
31.31
14.17
31.64
66.08
57.02
21.92
43.01
15.82
0.00
0.00
9.23
16.40
13.39
12.36
21.34
15.24
6.84
50.26
51.66
39.51
28.43
39.02
58.46
47.71
32.46
18.00
7.83
31.31
42.02
14.50
52.24
63.12
14.50
18.79
46.47
33.21
17.14
6.34
33.78
12.03
4.61
1.98
10.55
65.75
13.02
35.27
23.73
10.55
12.52
5.44
7.99
46.43
56.65
2.64
0.00
0.00
7.91
42.35
4.45
25.38
19.61
29.00
53.89
36.25
12.85
8.24
17.80
0.00
0.00
0.00
0.00
0.00
2.80
0.00
1.32
0.00
0.00
0.00
0.00
0.00
0.00
0.00
0.00
0.00
4.61
0.00
0.00
11.04
25.71
52.57
14.67
0.00
0.00
14.83
35.14
6.92
0.00
0.00
0.08
0.00
0.00
0.00
0.00
0.00
0.00
0.00
0.00
0.00
0.00
0.00
0.00
0.00
0.00
0.00
0.00
0.00
0.00
0.00
0.00
0.00
0.00
0.00
0.00
0.00
0.00
0.00
0.00
0.00
0.00
0.00
0.00
0.00
0.00
0.00
0.00
0.00
0.00
0.00
0.00
1.57
0.00
0.00
0.00
0.00
0.00
0.00
0.00
0.00
0.00
0.00
0.00
0.00
0.00
0.00
0.00
0.00
0.00
0.00
0.00
0.00
0.00
0.00
0.00
0.00
0.00
0.00
0.00
0.00
0.00
0.00
0.00
0.00
0.00
0.00
0.00
0.00
0.00
0.00
0.00
0.00
0.00
0.00
0.00
0.00
0.00
0.00
0.00
0.00
3.13
0.00
0.16
0.00
0.00
0.00
0.00
0.00
26.53
0.00
0.00
0.00
0.00
0.00
0.00
0.00
0.00
0.00
0.00
0.00
0.00
0.00
0.00
0.00
0.00
0.00
0.00
0.00
0.00
0.00
1.15
0.00
0.00
0.00
0.00
0.00
0.00
0.00
0.00
0.00
1.94
0.00
0.00
0.16
0.00
0.00
0.00
0.00
5.36
0.00
0.00
0.33
0.25
0.00
0.00
0.00
7.25
0.82
0.00
0.16
6.10
1.98
5.11
3.30
8.40
0.00
0.00
10.88
6.92
7.75
3.13
20.60
0.49
2.14
4.94
12.44
20.10
7.91
3.79
0.16
1.81
7.91
5.44
0.00
16.48
6.59
4.12
0.00
0.16
20.76
8.73
8.16
9.89
1.90
15.00
6.26
9.56
0.00
0.00
0.00
5.77
11.37
21.42
1.52
11.04
20.56
12.11
1.19
2.88
9.39
2.97
5.44
11.87
0.33
2.47
21.42
24.47
24.64
18.95
39.47
26.24
0.45
0.08
6.92
1.48
0.00
6.59
10.55
0.82
0.00
2.02
0.00
37.08
56.57
9.48
1.65
1.32
2.64
0.49
4.86
40.70
36.09
39.96
1.90
33.78
29.17
45.98
15.16
28.26
9.39
11.29
0.00
0.00
4.28
27.60
35.02
46.18
84.09
88.62
62.21
59.12
36.54
41.94
12.85
25.01
36.17
34.85
45.81
42.06
36.93
45.34
49.52
38.36
34.61
35.43
36.17
59.00
101.93
81.90
47.17
47.25
83.30
47.75
33.62
42.60
47.96
20.31
21.05
14.17
3.46
0.00
12.69
27.85
36.42
29.33
37.08
30.65
29.50
5.69
20.35
0.21
15.74
67.40
54.46
27.97
10.55
1.81
6.76
6.43
10.59
18.13
42.76
41.36
0.00
0.00
0.00
0.00
25.54
1.48
0.00
0.00
6.18
29.21
32.46
48.70
54.22
0.54
0.00
3.42
6.92
13.60
42.15
41.69
38.93
33.62
36.42
30.16
11.70
2.47
0.00
0.00
0.00
0.00
0.00
0.00
3.21
0.00
8.82
26.90
11.00
12.77
8.12
11.95
2.43
0.00
0.00
0.00
0.00
7.09
2.80
3.79
3.79
8.07
0.16
0.00
0.00
0.00
0.00
0.00
0.00
0.00
0.00
0.00
0.00
0.00
0.00
0.00
0.00
0.00
0.00
0.00
0.00
0.00
0.00
0.00
0.00
0.00
0.00
0.00
0.00
0.00
0.00
0.00
0.00
0.00
0.00
0.00
0.00
0.00
0.00
0.00
0.00
0.00
0.00
0.00
0.00
0.00
0.00
0.00
0.00
0.00
0.00
0.00
0.00
0.00
0.00
0.00
0.00
0.00
1.24
0.00
0.00
0.00
0.00
0.00
0.00
0.00
0.00
0.00
0.00
0.00
0.00
0.00
0.00
0.00
0.00
0.00
0.00
0.00
0.00
0.00
0.00
0.00
0.00
0.00
0.00
0.00
0.00
0.00
0.00
0.00
0.00
0.00
0.00
0.00
0.00
0.00
0.00
0.00
0.00
0.00
2.02
0.00
0.00
0.00
0.47
2.08
0.02
0.00
0.00
0.00
0.00
0.00
0.00
0.00
0.00
0.00
0.00
0.00
0.00
0.00
0.00
0.00
0.00
0.00
0.00
0.08
0.00
0.00
0.00
0.00
0.00
0.00
0.00
0.00
1.65
0.00
0.00
0.00
0.00
0.00
0.00
0.00
0.00
0.00
0.00
0.00
0.00
0.00
0.00
0.00
11.25
0.04
0.04
6.51
0.82
0.00
0.00
0.00
0.00
0.00
0.00
0.00
0.00
0.00
0.00
0.82
0.04
0.00
0.00
0.00
0.00
5.03
15.08
0.16
0.12
13.35
0.12
10.13
7.99
6.02
10.38
0.00
0.00
0.00
7.91
5.77
9.89
0.00
0.33
0.33
0.00
4.78
8.07
6.59
7.09
0.00
12.94
36.58
33.37
0.00
0.00
20.10
14.17
4.94
25.38
14.67
1.81
0.33
0.00
0.00
2.64
14.34
9.72
0.00
9.89
7.75
10.92
6.14
1.98
16.15
15.99
17.30
12.36
0.99
8.86
11.29
23.28
13.84
2.02
0.00
0.00
0.00
0.00
0.00
6.10
6.43
3.96
11.21
31.64
2.64
20.76
12.52
0.00
1.81
4.61
16.97
14.50
8.24
21.92
0.00
7.42
8.57
12.94
14.50
25.21
77.29
15.49
0.00
0.16
0.16
1.48
20.43
0.00
0.00
0.00
7.91
59.53
67.73
86.72
90.64
101.18
109.09
91.46
65.75
44.99
16.64
62.95
88.21
76.92
67.98
47.21
43.01
5.89
0.00
3.25
41.61
50.47
47.75
52.40
51.83
22.58
48.61
69.79
82.97
66.41
28.72
25.05
43.34
13.55
16.19
4.61
2.14
3.30
22.25
35.76
26.53
0.00
0.00
0.00
21.92
0.00
0.00
0.00
7.66
0.00
15.00
3.87
2.72
60.48
72.06
82.81
94.10
86.52
79.18
69.13
51.42
48.37
36.30
42.35
60.64
50.63
33.95
0.00
0.00
11.70
25.54
10.63
0.00
22.74
7.75
17.84
40.91
19.08
17.26
5.48
7.66
16.81
24.31
18.29
24.06
47.71
17.63
0.00
0.00
18.37
11.29
0.00
0.00
0.00
1.98
3.71
6.84
3.87
1.32
2.31
0.00
0.00
0.00
0.00
0.00
0.00
0.00
0.00
0.00
0.00
0.00
0.00
0.00
0.00
0.00
0.00
0.00
0.00
0.00
0.00
0.00
0.00
0.00
0.00
0.00
0.00
0.00
0.00
0.00
0.00
5.81
9.19
0.00
0.00
0.00
0.04
0.04
0.08
0.00
0.00
0.00
0.00
0.00
0.16
0.08
0.00
0.00
0.00
0.00
0.00
0.00
0.00
0.00
0.04
0.00
0.00
0.00
0.00
0.00
0.00
0.00
0.00
0.00
0.00
0.00
0.00
0.00
0.00
0.00
0.00
0.00
0.00
0.00
0.00
0.00
0.00
0.00
0.00
0.00
0.00
0.00
0.00
0.00
0.00
0.00
0.00
0.00
0.00
0.00
0.00
0.00
0.00
0.00
0.00
0.00
0.00
0.00
0.00
0.00
0.00
0.00
0.00
0.00
0.00
0.00
0.00
0.00
0.00
0.00
0.00
0.00
0.00
0.00
0.00
0.00
0.00
0.00
0.00
0.00
0.00
0.00
0.00
0.00
0.00
0.00
0.00
0.00
0.00
0.00
0.00
0.00
0.00
0.00
0.00
0.00
0.00
0.16
0.00
0.00
0.00
0.00
0.00
0.00
0.00
0.00
0.00
0.00
0.00
0.00
0.00
0.00
0.00
0.00
0.00
0.00
0.00
0.00
0.00
0.00
0.00
0.16
9.97
2.31
1.32
0.00
0.00
7.75
1.65
0.33
27.85
5.44
11.62
1.32
0.00
0.00
2.88
4.12
0.00
0.00
0.00
0.00
0.00
3.71
6.26
2.31
0.82
8.07
1.48
0.16
0.00
0.00
0.00
0.00
3.50
0.00
0.00
0.00
0.00
0.00
0.08
0.00
6.92
0.00
0.00
0.00
0.00
0.00
0.00
0.00
0.00
5.27
3.13
19.61
2.31
0.00
0.00
4.28
0.00
3.96
5.93
5.27
2.14
0.82
0.66
0.00
3.63
3.63
0.00
51.42
32.96
29.17
10.79
0.00
0.00
0.00
0.00
1.98
19.61
12.03
14.83
17.67
9.23
60.11
52.40
78.61
89.77
90.14
75.39
69.21
28.18
77.95
77.45
46.64
24.39
8.07
10.88
38.36
33.45
28.76
36.91
39.88
72.51
35.60
39.55
39.06
43.34
21.26
47.46
63.28
43.01
65.75
29.33
23.73
0.00
0.00
0.00
1.98
31.31
43.01
59.33
64.35
76.30
36.01
32.59
66.33
64.85
62.70
53.23
52.08
49.44
45.57
62.70
67.40
47.54
49.03
54.88
53.72
28.43
13.27
0.00
0.00
42.72
13.51
0.49
18.29
71.19
66.08
66.58
78.77
65.84
54.46
49.77
48.04
54.38
12.77
2.88
0.00
0.00
6.18
0.00
0.00
0.00
13.51
8.57
20.10
6.43
15.37
12.03
0.00
0.00
0.00
0.00
0.00
0.00
0.00
0.00
25.38
29.58
50.80
26.94
40.37
24.64
32.79
54.22
25.87
18.62
37.16
0.00
3.96
0.00
1.24
30.90
0.00
0.00
0.00
3.71
11.95
18.17
0.00
0.00
0.00
0.00
0.00
0.00
0.00
0.49
0.00
0.00
0.00
0.00
0.00
0.00
0.00
0.00
0.00
0.00
0.00
0.00
0.00
0.00
0.25
20.02
0.00
0.00
0.00
0.00
0.00
0.00
0.00
0.00
0.00
0.00
0.00
0.00
0.00
1.65
3.54
0.00
0.00
0.00
0.00
0.00
0.00
0.00
0.00
0.00
0.00
0.00
0.00
0.00
0.00
0.00
0.00
0.00
0.00
0.00
0.00
0.00
0.00
0.00
0.00
0.00
0.00
9.56
28.92
2.55
0.00
0.00
0.00
0.00
0.00
0.00
0.00
0.00
0.00
0.00
0.00
0.16
0.66
7.09
0.04
0.00
0.00
0.00
0.00
0.00
0.00
0.00
0.00
0.00
0.00
0.00
0.00
0.00
0.00
0.16
0.00
0.66
0.00
0.00
0.00
1.69
0.66
0.10
0.00
0.00
0.00
0.00
0.00
0.00
0.00
0.00
0.00
0.00
0.00
0.00
0.00
0.00
0.00
0.00
0.00
0.00
0.00
0.00
0.00
0.00
0.00
0.00
0.00
0.00
0.00
0.00
0.00
0.00
0.00
0.00
0.00
0.00
0.00
0.00
0.00
0.00
0.00
0.00
0.00
0.00
0.00
0.00
81.49
13.27
0.66
0.00
0.16
0.00
0.00
0.00
0.00
0.00
2.80
0.00
0.00
0.00
0.00
0.00
0.00
0.00
0.00
0.00
0.00
0.00
0.99
0.00
1.73
8.98
5.11
3.71
1.48
2.10
0.00
0.00
0.00
0.00
0.66
3.46
2.55
0.16
0.58
15.08
7.42
0.16
0.00
0.00
0.00
0.00
0.00
2.64
0.00
0.00
0.00
0.00
0.00
5.60
3.96
13.35
9.39
7.42
2.64
0.66
8.57
3.63
3.30
4.28
3.30
2.14
3.96
3.63
38.73
30.32
0.82
16.64
6.76
2.97
4.61
0.00
0.00
0.00
0.00
0.00
16.81
18.62
1.48
0.16
1.32
39.55
15.16
3.46
13.68
0.99
2.06
9.06
13.22
0.87
11.41
8.32
0.00
0.00
0.00
0.00
6.10
2.43
0.00
8.45
40.99
76.51
41.86
33.99
44.91
135.05
230.14
19.57
15.37
3.21
0.04
43.71
54.18
73.50
81.57
47.21
1.40
30.24
0.00
0.00
7.42
0.00
25.54
23.32
15.37
21.42
25.05
30.73
54.55
75.11
59.00
8.73
70.86
26.86
30.49
34.03
22.91
32.63
30.78
20.35
23.94
4.61
11.45
56.85
58.58
61.55
73.42
54.51
44.49
50.55
56.07
12.85
34.73
90.02
49.15
77.70
71.03
39.96
5.44
42.27
35.51
29.17
20.43
10.96
0.00
0.00
0.00
0.00
1.85
1.28
41.86
32.96
32.96
54.55
52.57
73.83
67.98
65.84
50.51
79.18
63.61
47.54
60.40
66.25
39.39
42.85
52.24
48.94
62.13
39.72
25.05
32.14
52.08
36.75
43.67
46.14
25.05
0.00
0.00
0.00
0.00
0.00
0.00
3.67
47.73
19.12
0.00
0.00
0.00
0.00
11.37
33.62
13.68
1.65
1.57
0.00
0.00
0.00
0.00
0.00
0.00
0.00
0.00
0.00
0.00
0.00
0.00
0.00
0.00
1.15
0.00
0.00
0.00
0.00
0.41
0.99
0.00
0.00
0.00
0.00
0.00
0.00
0.00
0.00
0.00
0.00
0.00
0.00
0.00
0.00
0.00
0.00
0.00
0.00
0.00
9.39
88.58
0.66
0.12
0.04
0.00
0.82
20.60
0.58
0.00
0.00
0.00
0.00
0.00
0.00
0.00
0.00
0.00
0.00
0.00
0.00
0.00
0.00
0.00
0.00
0.00
0.00
0.00
0.00
0.00
0.00
0.00
0.00
0.00
0.00
0.00
0.00
0.00
0.00
0.66
0.00
0.00
0.00
0.00
0.00
0.00
0.00
0.00
0.00
0.00
0.00
0.00
0.00
0.00
0.00
0.00
9.89
26.04
52.73
5.85
0.06
0.02
0.04
0.04
0.00
0.27
0.04
0.08
1.98
15.82
0.16
0.00
0.08
0.04
0.00
0.00
0.00
0.00
0.00
0.00
0.00
0.00
0.00
0.00
0.00
0.00
0.00
0.00
0.00
0.00
0.00
0.00
0.00
0.04
0.00
0.00
0.00
0.00
0.00
0.00
0.00
0.00
0.00
0.00
0.00
0.00
0.00
0.00
0.00
0.00
0.00
0.00
0.00
0.00
0.00
0.00
0.00
0.00
0.00
0.00
0.00
0.00
0.00
0.00
0.78
4.33
0.04
0.00
0.00
0.08
0.16
0.91
3.63
0.00
0.00
0.33
9.56
1.65
0.66
10.22
7.75
5.93
5.77
7.91
4.45
0.16
0.33
8.40
14.17
7.91
16.97
4.28
5.93
8.40
19.98
4.86
8.86
11.00
2.60
0.87
5.03
4.94
2.80
11.78
3.13
0.25
0.00
0.00
0.00
0.74
0.00
0.41
1.40
3.30
1.98
0.00
0.00
0.00
0.00
0.16
0.99
0.00
0.00
0.99
3.46
3.30
3.87
10.71
24.06
9.52
7.70
15.41
16.69
2.51
7.95
13.55
0.00
0.00
0.00
0.00
11.33
42.52
2.47
22.99
13.60
18.66
3.30
6.76
46.64
20.85
28.59
45.48
65.26
39.47
31.43
15.12
10.30
36.01
64.31
68.84
41.20
11.97
0.00
11.78
14.34
0.00
1.73
32.26
43.42
19.20
19.53
41.69
10.55
14.50
13.68
14.01
20.76
51.25
48.37
56.03
51.21
12.11
27.93
11.62
15.33
21.84
30.16
52.73
46.31
50.76
52.90
42.52
17.47
0.00
0.00
0.00
0.00
0.00
0.00
0.00
12.36
29.17
29.17
38.89
39.06
25.05
7.42
0.33
13.68
18.95
28.51
28.67
39.06
55.95
69.67
39.08
0.00
3.21
3.79
3.46
14.30
17.92
19.57
46.31
14.83
20.52
36.34
46.68
59.99
18.54
0.04
0.78
5.69
13.02
27.69
14.42
0.00
0.00
0.00
0.00
0.00
0.00
5.27
0.00
3.58
0.00
3.46
0.00
0.00
0.00
0.00
1.69
0.00
9.35
15.61
9.23
0.00
0.00
0.00
0.00
0.00
3.01
8.86
6.06
0.00
5.31
0.00
3.46
2.64
16.64
0.00
9.39
24.06
0.00
0.00
0.00
0.00
0.00
0.00
1.65
3.30
0.00
0.00
0.00
0.00
0.00
0.00
0.00
0.00
0.00
0.00
0.00
0.00
0.00
0.00
0.00
0.00
0.00
0.00
0.00
0.00
0.00
0.00
0.00
0.00
0.00
0.00
0.00
0.00
0.00
0.00
0.00
0.00
0.00
0.00
0.00
0.00
0.00
0.00
0.00
0.00
0.00
0.00
0.00
0.00
0.00
0.00
0.00
0.00
0.00
0.00
0.00
0.00
0.00
0.00
0.00
0.00
0.00
0.00
0.00
0.00
0.00
0.00
0.00
0.00
0.00
0.00
0.00
0.00
0.00
0.00
0.00
0.00
0.00
0.00
0.00
0.00
0.00
0.00
0.00
0.00
0.00
0.00
0.00
0.00
0.00
0.00
0.00
0.00
0.00
0.00
0.00
0.00
0.00
0.00
0.00
0.00
0.00
0.00
0.14
1.54
0.00
0.00
0.00
0.00
0.00
0.00
0.00
0.00
0.00
0.00
0.00
0.00
0.00
0.00
0.00
0.00
0.00
0.00
0.00
0.00
0.00
0.00
0.00
0.00
0.00
0.00
0.00
0.00
0.00
0.00
0.00
0.00
0.00
0.00
0.00
0.00
0.00
0.00
0.00
0.00
0.00
0.00
0.00
0.00
0.49
10.22
14.83
0.00
0.00
0.00
0.00
0.00
1.65
0.33
0.00
0.00
0.00
0.00
0.00
2.88
2.80
0.49
2.47
4.12
0.16
5.27
0.00
1.07
0.54
15.99
16.64
11.21
2.64
0.08
46.64
0.08
7.58
14.83
19.82
32.30
16.69
18.58
0.00
0.00
0.00
10.13
15.49
13.68
5.93
7.25
3.46
34.77
6.26
9.06
20.60
17.06
11.70
9.89
9.23
6.18
13.68
18.46
11.21
8.32
10.05
4.94
11.21
4.45
1.98
0.00
0.99
0.00
6.59
9.56
20.60
16.97
5.60
0.00
0.00
17.80
46.31
53.39
38.56
21.75
5.85
0.08
0.00
0.00
8.73
22.25
26.70
22.49
23.57
36.50
42.76
29.54
12.24
5.93
0.00
0.00
5.81
12.98
6.55
25.54
18.83
8.49
38.69
41.94
64.11
71.36
17.96
47.30
36.09
31.81
19.28
40.37
27.69
16.89
61.22
16.15
27.11
29.83
37.99
37.24
9.31
0.25
0.08
0.00
9.68
0.00
0.00
10.09
16.27
27.93
9.56
38.73
46.55
25.71
18.62
1.65
1.98
9.31
15.57
13.84
15.33
72.67
69.79
68.18
44.29
0.00
6.26
19.12
41.08
49.93
28.63
4.16
6.72
13.02
7.75
51.91
62.42
15.70
2.14
0.00
12.36
18.99
0.00
2.14
2.43
9.23
22.87
42.97
36.42
4.78
0.00
0.00
23.40
11.70
16.15
28.18
16.77
10.88
1.65
5.07
31.81
3.54
16.64
55.45
38.40
7.91
19.61
4.08
0.00
0.00
0.00
0.00
9.23
0.00
0.00
0.00
11.54
39.06
11.87
9.56
0.00
6.02
10.22
7.91
0.00
0.00
0.00
0.00
0.00
0.00
1.73
17.80
7.09
0.99
0.00
0.00
0.00
0.00
0.00
0.00
0.00
0.00
0.00
0.00
0.00
0.00
0.00
0.00
0.00
0.00
0.00
0.00
0.00
0.00
2.64
3.13
0.00
0.00
0.00
0.04
0.00
0.00
0.00
0.00
0.00
0.00
0.00
0.00
0.00
3.96
3.30
0.66
0.99
0.00
0.00
0.00
0.00
0.00
0.00
0.00
0.00
0.00
0.00
0.00
0.00
0.00
0.00
0.00
0.00
0.00
0.00
0.00
0.00
0.00
0.00
0.00
0.21
2.22
0.04
0.00
0.00
3.30
7.00
0.33
0.00
0.00
0.16
0.00
0.00
0.00
0.00
0.00
0.00
0.00
0.00
0.00
0.00
0.00
0.00
0.00
0.00
0.00
0.00
0.00
0.00
0.00
0.00
0.00
0.00
0.00
0.00
0.00
0.00
0.00
0.00
0.00
0.00
0.00
0.00
0.00
0.00
0.00
0.00
0.00
0.00
0.00
0.00
0.00
0.00
0.00
0.00
0.00
0.00
0.00
0.00
0.33
1.32
0.00
0.00
0.00
0.33
0.00
0.00
0.00
0.00
0.00
0.00
0.00
0.00
0.00
0.00
0.00
0.00
0.00
0.00
0.00
0.66
9.06
0.16
0.00
4.12
7.91
32.46
43.59
0.62
9.39
1.98
14.34
16.81
0.00
0.16
0.08
0.21
0.95
6.92
6.10
1.81
5.19
2.64
2.72
5.44
0.00
2.47
0.99
0.00
0.00
4.94
8.90
2.47
6.92
7.15
11.47
2.90
0.00
7.70
10.42
11.33
27.50
3.25
2.06
4.12
2.55
0.00
4.28
0.00
1.57
0.99
3.71
17.14
12.03
12.52
14.83
4.45
0.00
3.05
4.12
4.12
2.64
4.61
3.30
3.96
9.23
7.25
1.81
2.80
0.00
0.00
0.00
6.92
6.51
4.78
0.00
2.22
4.94
3.42
6.76
2.47
6.76
8.57
0.00
0.00
0.82
0.00
0.49
11.54
0.00
0.00
0.00
3.46
4.94
4.53
0.00
0.00
0.00
3.63
5.44
0.00
6.26
8.07
0.66
5.60
2.55
3.38
40.46
140.41
25.58
21.55
21.22
6.14
1.19
11.99
20.68
41.61
22.58
15.00
4.78
10.22
28.51
17.47
19.78
0.00
0.00
0.00
6.43
56.85
59.82
66.04
69.01
49.97
40.29
9.06
16.31
0.00
2.14
0.16
0.33
1.48
1.48
17.55
5.85
3.63
22.74
50.43
7.91
21.67
28.10
31.23
44.25
53.52
42.27
47.75
28.43
0.00
11.37
0.00
39.14
12.24
21.63
0.00
0.00
11.21
28.02
28.02
0.00
14.34
25.87
0.00
5.77
30.82
57.02
23.24
0.00
14.42
6.92
0.00
23.15
35.64
26.82
37.61
36.50
1.65
2.68
0.00
4.04
10.55
12.69
0.49
0.00
5.27
7.25
30.57
24.22
30.90
52.57
40.54
29.00
0.00
0.00
5.44
18.62
1.61
0.00
0.00
0.00
0.00
0.00
1.81
9.10
9.39
0.00
0.00
0.00
0.00
3.46
0.00
0.00
0.00
0.00
0.00
0.00
0.00
0.00
0.00
0.00
0.00
0.00
0.00
0.00
0.00
0.00
0.00
3.58
7.62
2.35
2.16
0.00
0.02
0.00
0.00
0.00
0.00
0.00
0.00
0.00
0.00
0.00
0.00
0.00
0.00
0.00
0.00
0.00
0.00
0.00
0.33
2.72
0.00
0.00
0.00
0.00
0.00
0.00
0.00
0.00
0.00
0.00
0.00
0.00
0.00
0.00
0.00
0.00
0.00
0.00
0.00
0.00
0.00
0.00
0.00
0.00
0.00
0.00
0.00
0.00
0.00
0.00
0.00
0.00
0.00
0.00
0.00
0.00
0.00
0.00
0.00
0.00
0.00
0.00
0.00
0.00
0.00
0.00
0.00
0.00
0.00
0.00
0.00
0.00
0.00
0.00
0.00
0.00
0.00
0.00
0.00
0.00
0.00
0.00
0.00
0.00
0.00
0.00
0.00
0.00
0.00
0.00
0.00
0.00
0.00
0.00
0.00
0.00
0.00
0.00
0.00
0.00
0.49
0.00
0.00
0.00
0.00
0.00
1.67
0.00
0.00
0.00
0.00
0.00
0.00
0.93
8.36
2.08
0.04
0.00
0.00
0.00
0.00
0.00
0.00
0.00
0.00
0.00
0.00
0.00
0.00
0.00
0.00
0.00
0.00
0.00
14.34
6.92
11.87
1.48
0.00
0.00
0.00
0.00
0.00
0.00
4.28
3.13
0.00
2.80
0.00
0.00
0.00
0.00
0.00
0.00
0.00
0.00
0.00
2.14
1.98
0.16
6.43
6.76
29.83
5.93
17.47
5.69
0.08
4.99
3.05
0.66
0.95
0.00
4.53
6.59
0.49
0.00
0.82
3.63
5.27
0.00
6.10
2.47
2.64
9.06
5.44
1.81
3.79
6.34
9.56
1.98
2.80
10.05
5.11
28.02
42.02
6.26
2.80
9.06
0.00
0.00
9.72
36.91
0.33
3.21
0.00
0.00
0.00
0.00
0.00
0.00
0.00
0.00
0.00
0.00
0.00
0.00
0.00
0.00
0.00
0.00
0.00
15.33
7.25
1.98
0.00
3.79
0.00
14.17
8.24
4.45
0.99
11.54
11.95
7.99
6.84
8.73
9.81
25.01
11.41
22.49
10.79
55.33
59.08
83.02
54.71
84.38
38.23
30.98
35.84
74.24
75.02
45.24
9.81
17.22
47.01
28.18
14.83
23.40
26.37
27.60
27.44
25.79
0.00
16.73
42.85
1.94
7.00
32.96
8.65
19.24
35.27
41.69
44.66
66.91
70.70
52.73
23.57
17.30
0.00
20.43
40.70
37.33
45.94
25.09
34.19
0.00
11.04
40.21
35.43
7.25
6.10
11.04
9.31
50.10
51.09
59.00
47.17
40.46
10.05
0.04
0.00
16.97
38.19
5.52
0.00
0.00
0.00
10.46
16.73
22.74
27.85
68.97
70.61
38.23
0.00
0.00
0.00
0.00
0.00
0.00
0.00
7.09
0.00
0.00
0.00
0.00
14.83
30.82
31.43
1.81
5.44
0.00
0.00
0.00
0.00
0.00
0.00
0.00
0.00
0.00
0.00
0.00
0.00
0.00
0.00
1.90
0.00
0.00
0.49
0.08
0.00
0.00
0.00
0.00
0.00
0.00
0.00
6.26
0.00
0.00
0.00
0.00
1.24
0.00
0.00
0.00
0.00
0.00
0.00
0.00
0.00
0.00
0.00
0.00
0.00
0.00
0.00
0.00
0.00
0.00
0.00
0.00
0.00
0.00
0.00
0.00
0.00
0.00
0.00
0.00
0.00
0.00
0.00
0.00
0.00
0.00
0.00
0.00
0.00
0.00
0.00
0.00
0.00
0.00
0.00
0.00
0.00
0.00
0.00
0.00
0.00
0.00
0.00
0.00
0.00
0.00
0.00
0.00
0.00
0.00
0.00
0.00
0.00
0.00
0.00
0.00
0.00
0.00
0.00
0.00
0.00
0.00
0.00
16.97
22.74
0.00
0.00
0.00
0.00
0.00
0.00
0.00
0.00
0.00
0.00
0.00
0.00
0.08
0.00
0.00
0.00
0.00
0.00
0.00
0.00
0.00
0.00
0.00
0.00
0.00
0.00
0.00
0.00
0.00
0.00
0.00
0.00
0.00
0.00
0.00
0.00
0.00
0.00
0.00
0.00
0.00
0.00
0.00
0.00
0.00
0.00
0.00
0.00
3.63
4.12
0.66
0.00
0.00
0.00
0.82
3.30
15.24
45.32
12.90
2.88
0.00
0.00
0.00
3.63
0.00
0.00
2.31
0.16
0.02
0.00
0.00
0.00
0.00
0.00
0.00
0.00
0.00
0.00
4.22
3.83
7.37
0.00
0.00
0.00
0.00
5.77
4.78
0.00
0.00
0.00
0.00
3.21
2.31
2.14
3.46
4.04
3.54
23.48
8.36
2.84
5.44
3.13
3.67
3.38
5.44
2.31
4.53
4.20
12.69
15.53
0.33
0.00
9.31
16.97
11.95
17.80
20.23
8.73
12.52
18.58
36.50
0.00
1.98
1.81
0.00
0.00
4.12
3.63
0.00
5.11
6.92
6.43
6.10
15.82
11.70
8.24
17.80
32.46
18.79
3.13
0.00
0.00
8.07
24.72
27.52
27.77
24.72
132.50
67.20
41.82
0.00
0.00
13.84
23.28
14.63
24.35
71.19
58.21
37.94
42.76
10.96
1.94
5.60
35.80
58.71
27.03
20.76
0.00
0.00
0.00
0.00
4.94
16.89
28.67
5.11
0.00
0.00
0.00
1.07
0.25
0.00
2.64
14.58
41.94
61.22
59.53
45.40
28.67
1.48
6.72
16.23
47.34
44.91
45.90
32.46
54.75
60.64
65.42
90.39
108.35
86.19
43.59
27.56
3.01
24.97
5.77
15.33
27.03
24.88
0.00
0.00
0.00
0.00
5.77
19.78
39.88
68.97
41.94
39.76
23.40
17.84
1.19
20.10
1.90
10.46
0.00
16.89
17.14
30.82
63.78
73.87
53.89
49.77
47.21
10.30
34.19
0.00
0.00
4.37
12.11
13.51
0.00
18.70
12.36
59.24
0.00
0.00
0.00
0.00
0.00
0.00
0.00
20.48
12.73
8.57
6.92
13.02
27.69
12.36
1.48
0.00
0.00
0.00
0.00
17.14
0.00
12.77
2.64
0.00
0.00
0.00
0.00
0.00
15.08
28.67
25.96
20.35
11.70
4.61
1.90
0.00
0.00
0.00
0.99
0.66
0.00
0.00
0.99
8.07
3.79
3.13
3.54
0.16
2.80
1.07
0.00
0.00
0.00
0.00
0.00
0.00
0.00
0.00
0.00
0.00
0.00
0.00
0.00
0.00
0.00
0.00
0.00
0.00
6.76
8.73
0.00
0.08
0.00
0.00
0.00
0.00
0.00
0.00
0.08
0.08
0.00
0.00
0.00
0.00
0.00
0.00
0.00
0.00
0.00
0.16
0.08
0.00
0.00
0.00
0.00
0.00
0.00
0.00
0.00
0.00
0.00
0.00
0.00
0.02
4.49
0.00
0.08
0.00
0.16
0.00
0.00
0.00
0.00
0.00
0.00
0.08
0.16
0.08
0.00
0.00
0.00
0.16
0.00
0.00
0.00
0.00
0.00
0.00
0.00
0.00
0.00
0.00
0.00
0.00
0.00
0.00
0.00
0.00
3.21
1.40
0.00
0.00
0.00
0.00
0.00
0.00
0.00
0.00
0.00
0.00
0.00
0.00
0.00
0.00
0.00
0.08
0.00
0.00
0.00
0.00
0.00
0.00
0.00
0.00
0.00
0.00
0.00
0.00
0.00
0.00
0.00
0.00
0.00
0.00
0.00
0.00
0.00
0.00
0.00
0.00
0.00
0.00
0.00
0.00
0.00
0.00
0.00
4.82
6.72
3.44
1.40
4.24
0.00
0.00
0.00
0.00
0.00
2.47
8.40
8.90
1.40
0.00
0.00
0.00
0.00
7.91
8.57
7.75
2.31
2.31
0.00
6.43
8.57
4.28
5.27
5.03
11.78
18.00
4.04
0.00
0.04
11.87
16.97
5.52
25.30
29.09
37.08
6.26
1.65
6.92
0.00
0.00
0.00
0.00
0.00
0.00
7.17
21.92
1.81
13.60
7.70
14.71
3.96
34.61
0.00
0.99
0.00
0.00
0.00
0.00
3.63
0.00
0.00
0.00
0.00
0.00
0.00
0.00
0.00
0.00
0.00
5.44
17.30
37.41
20.02
18.29
20.35
27.19
25.17
21.46
0.00
5.07
21.46
10.79
21.51
2.14
7.00
40.54
57.39
11.70
8.12
18.58
0.08
0.00
0.00
0.00
20.23
30.12
45.73
15.16
9.39
26.53
21.92
21.42
55.21
12.52
22.74
34.28
33.95
12.19
11.95
7.58
31.31
57.02
47.87
24.14
14.34
3.96
1.98
10.13
11.78
28.02
43.18
49.69
58.34
47.13
19.65
37.41
37.90
31.81
34.32
27.93
15.00
40.05
19.78
65.67
49.11
32.71
32.79
18.21
14.83
10.88
37.66
9.31
24.31
1.98
7.58
15.66
24.06
18.13
21.09
30.16
57.60
101.02
47.54
47.30
44.04
30.16
0.00
16.93
0.00
0.00
0.00
7.95
13.02
1.40
0.00
3.67
7.42
0.00
6.18
0.00
0.00
5.52
3.30
8.90
8.90
30.73
14.01
6.10
2.06
5.11
7.42
14.01
0.00
13.02
0.00
0.00
6.92
0.00
0.00
3.42
4.04
3.46
0.00
0.00
8.73
0.00
0.00
0.00
0.00
0.00
0.00
0.00
0.00
0.00
0.00
0.00
0.00
0.00
3.13
6.76
8.90
11.95
0.00
0.00
0.66
0.00
0.00
0.00
0.00
0.00
0.00
0.00
0.00
0.00
0.00
0.00
0.00
0.00
0.00
0.00
0.00
0.00
7.91
0.00
0.00
0.00
0.00
0.00
0.00
0.00
0.00
0.00
2.06
2.39
18.07
4.53
0.00
0.12
0.08
0.00
0.00
0.00
0.00
0.00
0.00
0.00
0.00
0.00
0.00
0.00
0.00
0.00
0.00
0.00
0.00
0.08
0.00
0.00
0.00
0.00
0.00
0.00
0.00
0.00
0.00
0.00
0.00
0.00
0.00
0.33
2.88
0.00
0.00
0.00
0.00
0.00
0.00
0.00
0.00
0.00
0.00
0.00
0.00
0.00
0.00
0.00
0.00
0.00
0.00
0.00
0.00
0.00
0.00
0.00
0.00
0.00
0.00
0.00
0.00
0.00
0.00
0.00
0.00
1.34
2.37
0.02
0.00
0.00
0.00
0.00
0.00
0.00
0.00
0.00
0.00
0.00
0.00
0.00
0.00
0.00
0.00
0.00
0.08
1.94
5.27
0.04
0.08
0.00
0.00
0.00
0.00
0.00
0.00
0.00
0.00
0.00
0.00
0.00
0.00
0.00
0.00
0.00
0.00
0.00
0.00
0.00
0.00
0.00
0.00
0.00
0.00
0.00
0.00
0.00
0.00
0.00
0.00
0.00
0.00
0.00
0.00
1.48
12.11
36.75
30.40
3.46
0.16
0.00
0.00
2.47
9.23
4.61
4.94
3.63
0.00
0.00
0.00
0.00
0.00
0.00
0.00
0.00
9.39
0.00
0.00
0.00
0.00
0.00
6.10
2.14
0.00
1.48
2.14
0.00
2.47
8.73
6.18
12.85
6.59
2.47
6.92
10.88
0.00
10.22
20.93
6.34
13.10
2.97
14.83
20.10
5.93
0.00
0.00
2.35
26.24
34.94
33.54
43.92
0.00
0.00
0.37
1.65
21.42
39.39
18.46
29.33
64.60
49.60
2.39
6.10
0.00
13.35
11.87
4.78
0.33
0.08
21.92
33.12
17.39
30.69
22.54
6.51
24.97
3.13
0.00
0.00
0.00
0.00
0.00
14.01
40.46
15.49
0.00
0.04
19.32
19.40
35.84
35.60
63.36
84.54
81.41
50.43
35.02
44.00
18.95
0.00
32.63
42.35
25.87
0.00
0.00
0.00
0.00
0.00
1.65
31.31
13.68
4.04
17.14
29.99
45.81
17.80
25.54
45.81
36.42
40.95
35.68
45.15
58.50
45.98
47.63
38.56
44.82
24.55
7.50
4.86
56.28
73.05
72.30
53.56
40.58
21.92
7.33
10.84
0.00
21.13
26.74
5.36
43.42
44.82
64.43
69.21
49.27
40.05
23.98
22.08
0.00
6.26
10.05
0.00
0.00
0.00
8.24
24.06
63.12
49.93
5.69
0.00
0.00
0.00
44.00
4.28
0.00
0.00
0.00
4.94
0.00
16.15
17.47
30.32
6.34
0.00
34.94
36.58
1.98
11.21
5.77
0.08
0.00
3.96
14.67
5.60
0.00
0.00
0.00
0.00
2.14
0.00
0.00
0.00
0.00
1.73
1.48
1.81
7.25
0.00
0.00
0.00
0.00
0.00
0.00
0.08
0.00
0.00
0.00
0.00
0.00
0.00
0.00
0.00
0.00
0.00
0.00
0.00
0.00
0.00
0.00
0.00
0.00
0.00
0.00
0.00
0.00
0.00
0.00
0.00
0.00
0.00
0.00
0.00
0.00
0.00
0.00
0.00
0.08
0.00
0.00
0.00
0.00
0.00
0.00
0.99
5.77
2.80
0.16
0.08
0.08
0.00
0.00
0.00
0.00
0.00
0.00
0.08
0.00
0.00
0.00
0.00
0.00
0.00
0.00
0.00
0.00
0.00
0.00
0.49
8.40
0.00
0.00
0.00
0.00
0.00
0.00
0.00
0.00
0.00
0.00
0.00
0.00
0.00
0.00
0.00
0.00
0.00
0.00
0.00
0.00
0.00
0.00
0.00
0.00
0.00
0.00
0.00
0.00
0.00
0.00
0.00
0.00
0.66
0.00
0.00
0.00
0.00
0.00
0.00
0.00
0.00
0.49
0.00
0.00
0.00
0.00
0.00
0.00
0.00
0.00
0.00
0.00
0.00
0.00
0.00
0.00
0.00
0.00
0.00
0.00
0.00
0.00
0.00
0.00
1.03
0.00
0.00
0.00
0.33
2.31
5.60
5.11
2.31
1.48
0.16
0.00
0.00
4.94
3.46
2.47
1.40
0.00
0.00
0.00
0.00
0.00
0.00
0.00
0.00
0.00
1.32
0.99
0.00
4.86
0.00
8.40
4.61
2.31
4.16
0.00
0.00
0.00
0.00
0.49
4.45
0.00
0.00
0.66
6.76
7.42
0.25
7.09
10.88
5.27
15.24
13.14
8.24
0.16
10.71
1.98
0.16
19.28
2.97
5.69
8.90
0.00
4.41
18.17
2.18
2.64
0.00
0.00
4.94
10.55
13.68
6.51
3.46
6.02
8.73
7.42
2.80
10.55
18.95
21.84
5.93
18.62
12.19
7.09
1.98
0.00
0.00
3.13
3.96
0.00
0.82
0.49
0.66
5.36
5.85
0.00
0.08
0.14
0.16
2.55
2.14
0.00
0.00
0.00
0.00
3.46
5.27
3.13
12.11
14.34
8.90
9.72
2.64
51.75
36.91
31.81
31.15
27.52
44.66
34.77
34.44
28.34
40.70
35.02
38.23
44.91
59.04
40.91
6.22
0.08
19.53
35.80
3.87
53.31
60.89
40.83
35.51
34.52
36.42
20.89
31.43
58.42
47.34
36.30
10.01
0.00
0.00
0.00
2.06
0.00
3.96
9.52
9.39
2.31
0.00
0.00
2.10
4.45
8.57
0.00
5.93
26.45
44.33
64.93
76.22
58.83
39.88
26.53
17.34
21.26
9.89
18.00
0.00
0.00
0.00
4.61
30.65
30.82
0.00
10.55
35.35
62.29
31.97
17.30
9.15
3.21
0.00
12.36
18.54
15.74
4.12
0.00
0.00
2.14
4.86
0.04
0.00
0.00
0.00
0.00
0.00
8.24
22.99
0.00
0.00
0.00
0.00
0.00
0.00
0.00
0.00
0.00
0.00
6.59
8.61
3.87
0.00
0.00
1.73
18.46
26.74
2.97
0.00
0.00
0.00
2.74
2.02
0.00
0.00
0.00
0.00
0.00
0.00
0.00
0.00
16.40
6.92
2.39
0.00
0.00
0.06
0.00
2.14
6.76
11.70
1.81
0.00
0.00
0.00
0.00
0.00
0.00
0.00
0.00
0.00
0.00
0.00
0.00
0.00
0.00
0.00
0.00
0.00
0.82
1.48
0.00
0.00
0.00
0.08
0.00
0.00
0.00
0.00
9.39
29.58
4.78
0.08
0.08
0.08
0.00
0.00
0.00
0.00
0.00
0.00
0.00
0.00
0.00
0.00
0.00
0.00
0.00
1.40
0.00
0.00
0.00
0.00
0.00
0.00
0.00
0.00
0.00
0.00
0.00
0.00
0.16
0.00
0.00
0.00
0.00
0.00
0.00
0.00
0.00
0.00
0.00
0.00
0.00
0.00
0.00
0.00
0.00
0.00
0.00
0.08
1.65
0.91
0.00
0.00
0.00
0.00
0.00
0.00
0.00
0.00
0.00
0.00
0.00
0.00
0.00
0.00
0.00
0.00
0.00
0.00
0.00
0.00
0.00
0.00
0.00
0.00
0.00
0.00
0.00
0.33
1.81
16.48
0.00
0.00
0.00
0.00
0.82
0.33
0.00
1.15
0.21
12.52
3.71
5.93
0.08
0.00
0.00
0.00
0.00
0.00
0.00
0.00
8.40
16.56
10.79
3.21
0.00
0.00
0.00
0.00
3.93
0.04
1.73
0.00
0.00
0.00
0.00
0.00
0.00
0.00
0.00
0.00
0.00
0.00
0.00
0.00
0.25
13.02
5.36
0.16
0.00
0.00
2.47
3.30
1.81
0.00
0.00
0.00
0.00
0.00
0.00
0.00
0.00
0.00
0.00
5.85
4.78
3.96
2.64
7.66
2.22
14.50
20.27
8.90
12.36
2.14
16.31
19.94
9.06
30.16
16.31
12.85
6.92
1.48
0.00
0.00
0.00
2.97
14.34
2.31
5.77
0.00
0.00
0.00
12.61
20.93
2.80
0.00
12.73
26.24
16.03
1.11
0.00
0.00
0.00
0.00
0.00
13.43
16.31
7.17
16.89
21.63
31.35
43.88
1.24
0.00
0.00
5.56
43.26
3.30
21.92
3.46
16.97
25.79
7.99
43.96
20.89
63.69
100.28
65.22
54.73
59.74
14.67
15.33
58.34
72.59
43.01
24.72
0.00
0.00
15.99
1.32
19.78
28.67
29.66
66.41
65.75
21.67
0.00
1.57
0.00
36.75
0.00
48.04
46.31
43.18
5.27
31.64
27.69
0.00
1.98
29.91
63.28
31.02
14.46
53.85
46.97
57.80
43.67
23.19
2.27
0.00
0.00
2.55
3.34
9.15
5.93
22.25
31.23
5.69
9.72
39.55
51.91
48.12
40.70
0.16
0.00
0.00
0.00
22.45
46.64
23.40
3.21
0.00
0.00
0.00
21.67
17.02
24.02
3.50
19.20
20.35
0.00
0.00
5.73
5.19
1.15
10.71
23.11
38.07
0.00
0.00
1.65
16.89
8.12
0.00
7.29
30.98
33.62
9.27
0.00
11.21
0.00
0.00
0.00
0.00
0.41
0.00
0.00
0.00
0.00
0.00
0.00
0.74
3.71
0.00
3.13
0.00
0.00
0.00
0.00
0.00
0.00
0.00
0.00
0.08
0.00
0.00
0.10
0.04
0.04
0.08
0.00
0.00
0.00
0.00
0.00
0.00
0.00
0.00
0.00
0.00
0.00
0.00
0.00
0.00
0.00
0.00
0.00
0.00
0.00
0.00
0.00
0.00
0.00
0.00
0.00
0.00
0.00
0.00
0.00
0.00
0.00
0.00
0.00
0.00
0.00
0.00
0.00
0.00
0.00
0.00
0.00
0.00
0.00
0.00
0.00
0.00
0.00
0.00
0.00
0.00
0.00
0.00
0.00
0.00
0.00
0.00
0.00
0.00
0.00
0.00
0.00
0.00
0.00
0.00
0.00
0.00
0.00
0.00
0.00
0.00
0.00
0.00
0.00
0.00
0.00
0.00
0.00
0.00
0.00
0.00
0.00
0.00
0.00
0.00
0.00
0.00
0.00
0.00
0.00
0.00
14.01
6.76
0.82
0.66
0.00
0.00
0.00
0.00
0.00
0.00
0.00
0.00
0.00
0.00
0.00
0.00
0.00
0.00
0.00
0.00
0.00
0.00
0.00
0.00
0.00
0.00
0.00
0.00
0.16
0.00
0.00
0.00
0.00
0.00
0.00
0.04
0.00
0.00
0.00
0.00
0.00
0.00
0.00
0.00
1.24
2.62
2.31
0.00
0.00
0.00
0.00
0.00
0.00
0.00
0.00
0.00
0.00
0.00
0.00
0.00
0.00
0.00
0.00
0.00
0.00
0.00
0.00
0.00
2.31
4.94
1.98
10.71
30.32
10.46
6.26
29.58
12.26
11.25
16.64
29.29
0.99
0.25
0.12
11.29
7.99
5.11
0.00
0.00
0.62
2.47
4.49
4.37
4.16
0.00
0.00
2.64
8.57
2.64
1.32
3.79
0.00
3.13
4.28
7.58
3.30
0.00
0.00
2.97
11.49
19.90
8.20
2.64
0.00
0.00
13.84
13.35
4.28
18.29
10.05
0.08
3.71
2.31
21.92
18.46
27.85
62.00
53.89
34.24
46.72
13.68
1.61
3.30
0.25
0.12
0.08
0.00
0.00
0.91
2.64
11.45
51.25
49.77
40.37
21.26
9.48
12.98
33.29
22.82
34.94
55.25
40.54
43.01
31.48
47.63
38.89
61.92
60.19
41.20
9.06
0.00
11.87
44.99
33.37
36.71
26.74
50.22
64.93
38.48
31.64
27.69
26.70
37.82
54.79
50.02
44.00
31.89
19.01
23.57
0.00
5.93
71.85
58.50
50.10
51.91
66.41
55.66
36.01
45.36
19.28
10.26
48.00
82.32
78.52
63.94
75.43
74.86
70.29
60.31
62.62
47.13
46.64
40.13
55.04
63.20
50.63
61.47
77.45
47.30
25.79
31.81
73.42
99.78
18.95
0.04
5.64
0.00
0.00
0.00
0.00
1.57
9.15
0.00
0.00
6.76
31.97
4.94
8.90
41.45
32.84
57.39
4.00
0.00
0.00
0.00
0.00
17.78
15.94
37.33
36.01
38.36
40.79
34.30
2.02
0.00
0.00
3.79
10.46
7.58
0.00
1.81
0.00
0.00
0.00
0.00
0.00
1.92
0.00
0.00
0.00
0.00
0.00
0.00
0.00
0.00
0.00
0.00
0.00
0.00
0.00
0.00
0.00
3.54
0.00
31.48
2.47
2.97
0.00
0.00
0.00
0.00
0.00
0.00
0.00
0.00
0.00
0.00
0.00
0.08
0.00
0.00
0.00
0.00
0.00
0.04
0.00
0.00
0.00
0.00
0.00
0.00
0.00
0.00
0.00
0.00
0.00
0.00
0.00
0.00
0.00
0.00
0.00
0.00
0.00
0.00
0.00
0.00
0.00
0.00
0.00
0.00
0.00
0.00
0.00
0.00
0.00
0.00
0.00
0.00
0.00
0.00
0.00
0.00
0.00
0.00
0.00
0.00
0.00
0.00
0.00
0.00
0.00
0.00
0.00
0.00
0.00
0.00
0.00
0.00
0.00
0.00
0.00
0.00
0.00
0.00
0.00
0.00
0.00
0.00
0.00
0.00
0.00
0.00
0.00
0.00
0.00
0.00
0.00
0.00
0.00
0.00
0.00
0.00
0.00
0.00
0.00
0.00
0.00
0.00
0.00
0.00
0.00
0.00
0.00
0.00
0.00
0.00
0.00
3.63
0.00
0.00
0.00
0.00
0.00
0.00
0.19
1.94
0.00
0.00
0.00
0.00
0.00
0.00
0.00
0.00
0.00
0.00
0.00
0.00
0.00
0.00
5.79
0.16
0.02
2.93
7.58
0.45
1.15
0.66
0.00
0.00
1.81
0.00
4.45
6.76
0.04
0.00
0.66
0.99
0.00
0.00
0.00
0.00
0.00
1.15
0.00
0.00
5.27
5.60
0.00
0.00
0.00
5.27
8.90
6.92
8.24
5.44
8.07
0.16
2.80
2.64
21.75
7.42
0.00
0.49
0.00
5.27
3.96
3.46
9.72
15.33
20.68
1.79
5.01
19.45
4.78
0.00
0.00
0.00
0.00
1.15
2.80
0.00
0.00
0.82
1.48
0.25
0.16
2.80
1.81
12.52
9.56
7.75
4.70
38.73
16.81
17.80
1.73
3.30
0.00
0.00
0.00
0.00
0.29
5.69
3.96
5.07
0.00
3.96
17.30
11.87
8.40
11.04
12.69
10.22
23.24
9.06
11.29
49.64
31.97
13.02
30.49
7.42
6.67
8.73
6.76
16.36
40.83
65.46
76.63
78.48
76.63
76.51
28.96
50.43
58.67
70.53
149.88
102.83
56.73
88.91
74.73
72.76
70.61
76.59
53.23
6.72
13.39
44.74
68.39
87.79
74.73
74.49
82.97
83.35
76.38
66.25
41.86
29.33
29.83
36.75
57.18
41.36
32.96
1.15
41.36
23.90
13.68
15.00
37.41
31.81
21.42
0.00
0.00
7.75
6.30
18.95
43.26
41.69
54.05
51.79
52.24
26.90
21.63
35.35
49.93
50.59
16.31
0.66
0.00
0.00
0.00
39.02
45.03
40.62
24.68
18.87
33.78
29.17
0.00
11.70
2.31
9.06
21.05
45.52
44.04
66.00
22.04
15.00
0.00
20.89
3.05
12.28
7.33
1.65
1.98
0.00
0.00
0.00
0.00
0.00
0.00
0.00
0.00
0.00
0.00
0.00
3.21
8.69
8.90
9.60
23.24
22.91
0.00
0.00
0.00
0.00
0.00
0.00
0.00
0.00
0.00
0.00
0.00
0.00
0.00
9.39
8.24
12.36
7.25
43.84
11.54
0.00
0.00
0.00
0.00
0.00
0.00
0.00
1.03
0.00
0.00
0.00
0.00
0.33
2.14
3.63
0.00
2.55
0.00
0.08
0.16
0.00
0.00
0.00
0.00
0.00
0.00
0.00
0.00
0.00
0.00
0.00
0.00
0.00
0.99
0.00
0.00
0.00
0.00
0.00
0.00
0.00
0.00
0.00
0.00
0.00
0.33
0.16
0.00
0.00
0.00
0.00
0.00
0.00
0.00
0.08
0.00
0.00
0.00
0.00
0.00
0.00
0.06
0.04
0.04
0.00
0.00
0.00
0.00
0.00
0.00
0.00
0.00
0.00
0.00
0.04
0.00
0.00
0.00
0.00
0.00
0.00
0.00
0.00
0.00
0.00
0.00
0.00
0.00
0.00
0.00
0.00
0.00
0.00
0.00
0.00
0.00
0.00
0.00
0.00
0.00
0.00
0.00
0.00
0.00
0.00
0.00
0.00
0.00
0.00
0.00
0.00
0.00
0.00
0.00
0.00
0.00
0.00
0.00
0.00
0.21
0.00
0.00
0.00
0.49
1.73
9.72
18.46
0.00
0.00
0.00
0.00
0.00
0.00
0.00
0.00
0.41
0.00
0.00
0.00
11.08
27.56
8.49
0.00
3.96
0.00
0.00
0.00
0.00
0.00
0.00
0.00
0.00
0.00
0.00
0.00
0.33
0.00
0.00
0.00
0.82
1.32
0.00
0.00
2.80
7.91
0.00
6.59
0.00
0.00
2.64
1.98
1.98
5.93
5.97
0.00
2.14
2.64
5.77
8.07
4.28
0.16
13.02
21.09
6.59
17.96
5.11
0.99
13.35
16.48
31.85
8.73
12.03
16.97
18.79
7.50
11.62
13.72
10.46
7.04
0.00
0.00
0.00
1.32
0.00
0.00
0.00
0.00
0.00
0.00
0.25
2.64
0.00
19.78
12.52
0.00
0.00
0.00
0.00
4.53
25.87
3.96
21.55
50.67
76.01
23.69
0.00
6.76
0.00
19.45
0.00
2.14
14.17
29.83
28.67
75.64
40.05
31.23
25.38
56.36
62.37
59.66
70.04
54.22
41.36
40.05
4.28
24.06
58.67
58.34
37.41
58.83
44.33
64.93
59.00
23.69
33.29
31.23
45.94
0.00
0.00
0.00
9.23
0.82
0.99
7.17
10.79
41.28
33.21
15.08
10.30
29.66
48.90
45.85
38.27
44.41
34.65
59.61
63.82
63.20
44.91
40.21
32.46
19.45
16.81
25.63
15.00
13.02
7.58
0.00
0.00
0.00
11.45
3.05
8.94
18.21
11.54
0.00
14.09
0.00
22.82
0.00
7.00
0.00
23.19
44.21
51.99
5.03
11.12
9.52
0.00
3.50
3.87
0.00
0.00
1.24
16.89
18.37
27.44
4.94
0.00
0.00
0.00
0.00
0.00
0.00
0.00
0.00
0.00
0.00
0.00
0.00
0.00
0.00
0.00
0.00
0.00
0.00
0.00
0.00
0.00
0.00
0.00
0.00
0.00
0.00
0.00
0.00
0.00
0.00
0.00
0.00
0.00
12.77
8.82
1.81
0.00
0.00
0.00
0.00
0.16
16.48
60.40
5.85
0.74
0.00
0.00
0.00
0.00
0.00
11.54
24.06
0.00
0.00
0.00
0.00
0.00
0.00
0.00
0.00
0.00
0.00
0.00
0.00
0.00
0.00
0.00
0.00
0.00
0.00
0.00
0.00
0.16
11.41
0.00
0.00
0.00
0.00
0.00
0.00
0.00
0.00
0.00
0.00
0.00
0.00
0.00
0.00
0.00
0.00
0.16
1.81
0.00
0.00
0.00
0.00
0.00
0.00
0.00
0.00
0.00
0.00
0.00
0.00
0.00
0.00
0.00
0.00
0.00
0.00
0.00
0.00
0.00
0.00
0.00
0.00
0.00
0.00
0.00
0.00
0.00
0.00
0.00
0.00
0.00
0.00
0.00
0.00
0.00
0.00
0.00
0.00
0.00
0.00
0.00
0.00
0.00
0.00
0.00
0.00
0.00
0.00
0.00
0.00
0.00
0.00
0.00
0.00
0.00
0.00
0.00
0.00
0.00
0.00
0.00
0.00
0.00
0.00
0.00
0.00
0.00
0.00
0.00
0.00
0.00
0.00
0.00
0.00
0.00
0.00
0.00
0.00
0.00
0.00
0.00
0.00
0.00
0.00
0.00
0.00
0.00
0.00
3.87
2.72
1.48
0.00
0.00
0.16
0.70
8.32
25.05
17.30
11.70
15.82
0.70
9.43
6.51
5.27
1.24
9.02
18.25
5.85
0.00
0.00
6.65
16.54
12.38
0.74
7.17
11.76
6.30
25.21
9.46
0.08
3.58
35.39
16.44
10.71
6.76
10.22
16.48
4.28
15.16
10.71
10.05
1.81
10.22
15.33
4.94
15.90
14.91
7.25
0.00
0.82
0.00
2.97
4.94
15.82
13.51
16.15
11.37
0.00
0.00
0.00
11.21
6.76
13.02
23.24
6.26
7.09
7.75
4.78
5.11
21.26
0.00
0.00
0.00
0.00
0.00
0.25
0.82
0.00
0.00
0.00
0.08
5.11
7.25
12.85
4.20
6.55
27.89
5.52
15.99
13.43
50.26
46.64
36.09
8.73
0.00
15.00
1.98
6.76
13.35
69.38
58.01
9.06
47.96
0.04
1.98
5.52
8.36
10.88
31.15
43.59
55.37
51.25
52.69
44.33
53.23
3.05
0.00
0.91
4.94
7.62
13.72
11.58
9.60
4.41
34.85
16.40
42.02
49.77
60.48
54.05
42.19
37.66
21.26
22.99
26.37
23.85
33.95
41.53
36.83
13.51
21.67
0.00
0.00
0.00
4.99
7.66
32.14
40.37
45.15
36.25
17.30
0.41
0.00
0.00
14.67
38.89
46.02
17.96
26.28
8.65
17.92
19.24
6.67
19.94
66.00
56.98
46.64
43.34
1.65
10.88
30.24
20.52
0.00
23.28
71.23
9.02
7.46
3.25
4.37
0.00
0.00
0.00
0.00
0.00
0.00
10.55
5.44
5.27
0.00
1.48
14.34
13.18
26.70
39.39
28.02
14.34
12.28
0.41
5.44
4.28
6.72
2.14
0.00
0.00
0.00
1.65
7.09
0.66
0.00
0.00
2.35
4.45
17.02
12.11
0.00
0.00
0.00
0.00
11.21
14.25
16.64
7.29
0.00
0.08
0.00
0.00
0.00
0.00
0.00
0.00
0.04
0.08
0.00
0.00
0.00
0.00
0.00
0.00
0.00
0.00
0.00
0.00
0.00
0.00
7.58
0.00
0.00
0.00
0.00
0.00
0.00
0.00
0.00
0.00
0.00
0.00
0.00
0.00
0.00
0.00
0.08
0.12
0.08
0.00
0.00
0.00
0.00
0.00
0.08
0.08
0.00
0.00
0.00
0.00
0.00
0.00
0.00
0.00
0.00
0.00
0.00
0.00
0.00
0.00
0.00
0.00
0.00
0.00
0.00
0.00
0.04
0.16
0.00
0.00
0.00
0.00
0.00
0.00
0.00
0.00
0.00
0.00
0.00
0.00
13.31
0.16
0.08
0.00
0.00
0.00
0.00
0.00
0.00
0.00
0.00
0.00
0.00
0.00
0.00
0.00
0.00
0.00
0.00
0.00
1.57
4.12
0.00
0.00
0.00
0.00
0.00
1.52
0.00
0.00
0.00
0.00
0.00
0.00
1.07
0.00
0.08
0.00
0.00
2.72
0.00
0.00
0.00
0.00
0.00
0.00
0.00
0.00
0.00
0.00
0.00
0.00
0.00
0.00
0.00
0.00
0.00
0.00
0.00
0.00
0.00
0.58
0.00
0.00
0.00
0.00
0.00
0.00
0.16
1.48
3.79
11.37
15.49
11.21
0.16
0.00
0.49
3.63
0.00
0.00
0.00
0.00
3.71
0.00
0.00
2.64
16.81
23.90
15.33
0.00
0.00
0.00
0.00
2.76
3.83
11.78
9.64
22.58
6.26
0.00
0.00
1.98
45.81
28.51
24.55
8.57
0.33
16.48
17.14
3.79
6.43
21.92
28.18
6.26
0.00
0.00
0.00
0.00
10.88
35.76
1.32
3.87
52.65
77.29
35.51
20.76
14.34
3.13
0.00
0.33
0.00
0.00
2.06
19.45
33.29
20.81
11.04
5.15
22.25
8.53
29.83
23.24
13.68
0.00
0.00
0.00
0.00
0.00
0.00
0.00
0.00
0.00
9.43
20.19
55.54
61.14
60.81
43.67
62.29
47.96
37.90
48.45
6.10
7.75
7.58
1.81
29.66
46.31
41.86
0.66
0.00
6.88
42.43
42.76
21.38
25.71
28.10
2.06
31.35
34.28
52.90
57.68
44.66
17.14
53.56
42.68
66.58
53.39
75.64
59.33
37.08
10.13
7.37
58.67
40.54
11.54
0.00
0.00
0.00
15.90
53.68
58.42
61.39
39.06
26.37
41.03
43.01
50.10
54.05
11.54
0.00
0.00
0.00
0.00
0.00
0.00
0.00
27.36
43.67
0.00
0.00
0.00
0.00
0.00
0.00
0.00
18.09
11.66
15.53
19.98
47.91
71.64
37.99
0.00
2.31
6.96
0.00
0.00
5.11
1.65
0.00
0.00
5.77
20.93
39.22
77.95
52.08
41.20
0.00
6.43
21.92
24.55
26.70
10.38
6.76
12.52
0.99
0.00
0.00
0.00
0.00
0.00
0.00
0.00
0.00
0.00
0.00
0.99
1.32
6.02
10.38
8.40
0.00
0.00
0.66
0.00
0.00
0.00
0.00
0.00
0.00
0.00
0.00
0.00
0.00
0.00
0.00
0.00
0.00
0.00
0.00
0.00
0.00
0.00
0.00
0.00
0.00
0.00
0.00
0.00
0.00
0.00
2.31
0.00
0.00
0.00
0.00
0.00
0.00
0.00
0.00
0.00
0.00
0.00
0.00
0.00
0.00
0.00
0.00
0.00
0.00
0.00
0.00
0.00
0.00
0.00
0.00
0.00
0.00
0.00
0.00
0.00
0.00
0.00
0.00
0.00
0.00
0.00
0.00
0.00
0.00
0.00
0.00
0.00
0.00
0.00
0.00
0.00
0.00
0.00
0.00
0.00
0.00
0.00
0.00
0.00
0.00
0.00
0.00
0.41
5.52
2.80
0.00
0.00
0.00
0.00
0.00
0.00
0.00
0.00
0.00
0.00
0.00
0.00
0.00
0.00
0.00
0.00
11.29
0.82
0.04
0.00
0.00
0.16
4.04
0.00
0.00
0.00
0.00
0.00
0.00
0.00
0.00
0.00
3.58
0.00
3.09
0.08
0.00
0.00
0.00
0.00
0.00
0.00
0.00
0.00
0.00
0.00
0.00
4.86
10.71
0.00
0.00
0.00
26.86
13.68
0.00
0.00
0.00
11.87
3.96
0.00
0.00
0.00
1.65
0.49
0.00
0.00
0.99
0.00
0.00
0.00
0.00
0.00
0.00
0.00
0.00
0.00
2.93
0.00
1.81
19.94
15.82
36.58
9.15
8.73
3.13
0.16
0.00
3.96
1.32
0.00
1.15
0.00
0.00
0.00
4.78
4.78
0.82
0.00
0.00
0.00
0.00
0.99
6.59
8.40
2.64
0.00
13.84
0.16
5.27
1.15
22.58
0.99
16.31
5.11
29.66
5.44
1.81
0.00
6.59
10.71
5.77
9.72
0.00
6.26
12.36
11.54
1.48
4.04
20.27
31.81
34.44
25.71
34.94
3.30
3.87
21.34
8.73
0.25
8.03
29.91
10.88
21.59
8.07
9.72
12.69
16.31
5.19
0.00
0.00
0.00
0.00
0.00
4.78
20.85
48.49
21.92
6.30
51.37
80.87
68.80
20.10
0.00
1.32
0.00
0.00
0.00
0.00
0.00
0.00
0.00
0.00
1.15
52.57
23.73
15.49
36.25
23.90
10.09
34.52
29.21
0.00
0.00
0.33
11.37
48.28
42.68
4.53
5.44
20.93
29.50
73.33
23.73
0.00
14.63
0.00
0.00
0.00
0.00
7.87
52.61
64.60
34.61
40.05
33.54
60.15
48.28
24.88
58.01
52.24
63.28
14.01
50.59
18.95
4.94
0.00
1.65
33.29
54.46
86.35
58.42
43.30
64.35
60.27
43.30
29.42
0.00
0.00
13.14
44.33
69.26
20.27
0.00
8.24
67.73
64.60
34.19
12.19
0.00
0.00
1.48
36.09
26.78
2.97
0.00
2.97
0.00
0.00
0.00
0.00
13.43
13.10
10.46
18.70
8.36
28.02
60.85
23.69
0.04
0.08
0.00
0.00
1.65
2.47
0.00
0.00
0.00
0.00
0.00
0.00
0.00
0.00
0.00
0.00
0.00
0.00
0.00
0.00
0.00
0.00
0.00
0.00
0.00
0.00
0.00
0.00
0.00
0.00
0.33
88.99
42.19
26.37
0.00
0.08
0.08
0.00
0.00
0.00
0.08
0.12
0.12
0.12
0.08
0.00
0.00
0.00
0.00
0.00
0.00
0.00
0.00
0.00
0.00
0.00
0.00
0.00
0.00
0.00
0.00
0.00
0.00
0.00
0.00
0.08
0.16
0.00
0.00
0.00
0.00
0.00
0.00
0.00
0.00
0.00
0.00
0.00
0.00
0.00
0.00
0.00
1.98
4.45
0.00
0.00
0.00
0.00
0.00
0.00
0.00
0.00
0.00
0.00
0.00
0.00
0.00
0.00
0.00
0.00
0.00
0.00
0.00
0.00
0.00
0.00
0.00
0.00
0.00
0.00
0.00
0.00
0.00
0.00
0.00
0.00
0.00
0.00
0.00
0.00
0.00
0.00
0.00
0.00
0.00
0.00
0.08
0.00
0.00
0.00
0.00
0.00
0.00
0.00
1.32
2.22
8.98
0.82
0.04
0.00
0.00
2.72
0.00
0.00
0.00
0.00
0.00
3.30
2.97
0.00
0.00
0.00
0.00
0.00
0.00
2.31
1.92
3.91
4.33
15.61
8.98
0.06
0.00
0.00
9.06
2.35
6.26
1.40
0.10
0.00
0.00
0.00
1.98
3.13
0.00
0.00
0.00
0.00
4.12
2.14
0.33
6.55
0.00
2.47
7.29
1.57
5.64
0.37
0.00
0.00
0.00
0.00
0.00
0.33
0.00
4.61
7.42
0.00
0.00
0.00
0.00
0.00
3.30
0.66
15.49
24.88
5.93
13.35
13.93
0.00
0.00
3.34
25.34
19.82
6.30
13.93
24.88
4.04
8.73
18.46
11.70
1.48
16.31
15.82
7.75
5.60
0.66
6.10
29.17
32.14
0.49
1.15
10.88
7.42
8.07
7.09
3.13
7.91
16.23
8.12
24.22
0.00
0.00
0.00
0.00
0.00
0.00
0.00
0.00
5.81
7.42
13.93
8.82
38.31
13.10
10.59
18.54
31.31
47.83
52.40
33.78
43.51
33.04
0.00
10.38
5.11
8.90
0.91
23.81
29.00
34.77
44.49
46.31
25.38
46.14
22.74
30.82
18.95
3.30
9.89
5.52
2.14
38.31
44.08
2.47
0.91
11.62
45.61
37.45
21.71
31.56
17.92
0.08
4.74
16.89
39.96
24.72
22.08
34.44
26.86
52.82
68.47
74.73
52.78
44.37
32.63
14.01
19.73
27.48
45.77
2.72
28.10
31.97
46.22
44.82
55.45
64.68
70.94
72.72
78.77
48.12
87.51
59.08
20.27
81.90
34.11
37.74
65.51
26.53
0.00
0.00
9.23
16.15
13.31
28.92
38.19
25.03
10.92
0.00
0.00
10.34
15.00
11.21
0.58
0.00
2.47
1.98
39.34
62.62
55.99
32.84
5.19
2.55
1.48
1.48
8.40
15.49
53.06
60.97
21.92
0.00
0.00
4.12
2.06
1.32
1.98
5.77
0.00
0.00
0.00
0.00
0.00
0.00
0.49
0.00
0.00
0.00
0.00
0.00
0.00
0.00
0.00
0.00
0.00
0.00
0.00
4.37
13.72
10.34
12.19
22.08
5.36
0.00
0.00
0.74
0.00
0.00
0.00
0.00
0.00
0.00
0.00
0.00
0.00
0.00
0.00
0.00
0.00
0.00
0.00
2.31
2.39
3.96
10.79
0.16
0.00
0.00
0.00
0.00
0.00
0.00
0.00
0.00
0.00
0.00
0.00
0.00
0.00
0.00
0.00
1.81
35.27
25.71
28.43
0.00
0.08
0.08
0.08
0.00
0.00
0.00
0.00
0.00
0.04
0.04
0.00
0.00
0.00
0.00
0.00
0.02
0.04
0.00
0.00
0.00
0.00
0.00
0.00
0.00
0.00
0.00
0.00
0.00
0.00
29.17
0.02
0.02
0.00
0.04
0.04
0.00
0.00
0.00
0.00
0.00
0.00
0.00
0.00
0.00
0.00
0.00
0.00
0.00
0.00
0.00
0.00
0.00
0.00
0.00
0.00
0.00
0.00
0.00
0.00
0.00
0.00
0.00
0.00
0.00
0.00
0.00
4.45
49.44
0.16
0.00
0.00
0.00
0.00
0.99
0.16
0.00
0.00
0.00
0.00
0.00
0.00
0.00
0.00
0.00
6.10
0.00
0.00
0.00
0.00
0.00
0.00
0.00
0.00
0.00
10.05
0.08
0.00
0.00
3.30
8.98
0.08
14.17
0.41
0.00
0.00
0.00
4.04
5.27
0.00
0.00
0.00
0.33
0.00
0.00
0.00
0.00
0.16
4.12
0.00
0.00
0.00
1.15
6.10
0.49
1.98
33.45
5.77
6.43
0.16
3.96
6.92
9.06
24.06
4.45
14.50
1.65
0.00
0.00
0.00
11.54
14.83
21.42
9.56
5.19
5.97
4.12
10.13
19.20
16.40
6.10
0.00
2.80
0.00
0.16
0.00
0.00
0.00
0.00
6.47
3.21
2.14
5.11
13.18
3.05
14.17
0.00
7.37
14.91
0.00
3.96
0.82
0.66
0.00
0.00
4.49
28.92
24.47
20.64
26.99
13.35
27.60
31.06
10.67
21.18
2.35
34.52
11.91
18.09
49.60
0.00
0.00
1.15
38.73
37.90
20.76
34.65
50.76
63.36
78.20
44.66
22.95
9.31
37.12
21.42
28.67
36.01
50.02
60.64
58.01
32.79
26.86
69.13
49.77
36.13
61.59
22.16
4.28
6.92
13.93
2.39
19.12
36.34
0.04
17.67
65.51
61.76
62.66
74.28
40.87
20.64
8.36
1.44
0.00
3.38
10.22
48.04
39.34
38.77
55.21
65.09
47.83
1.73
0.00
20.68
67.52
75.81
52.94
23.90
18.95
3.79
63.45
73.50
61.67
56.85
14.05
24.97
0.00
8.90
38.64
0.00
0.82
28.84
40.21
26.37
0.00
0.00
0.00
5.44
17.63
13.76
26.12
35.88
30.98
41.49
19.24
12.19
5.03
0.00
0.00
10.30
29.91
0.00
0.00
0.00
0.00
0.00
0.00
0.00
0.00
0.00
0.00
0.33
0.00
13.51
0.00
0.00
4.94
28.02
0.00
0.00
0.00
0.00
0.00
0.00
0.00
0.00
0.00
0.00
0.00
0.00
0.00
0.00
0.00
0.00
0.00
17.55
2.80
0.00
0.00
0.00
0.16
0.00
0.00
0.00
0.00
0.00
0.00
0.00
0.00
0.00
0.00
0.00
0.00
0.00
1.40
0.00
0.00
0.00
0.00
0.00
0.00
0.00
0.00
0.00
0.00
0.00
0.00
0.00
0.00
0.00
0.00
0.49
18.29
10.71
13.18
0.99
0.00
0.02
0.00
0.00
0.00
0.00
0.00
0.00
0.00
0.00
0.00
0.00
0.00
0.00
0.00
0.00
0.00
0.08
0.00
0.00
0.00
0.00
0.00
0.00
0.00
0.00
0.00
0.00
0.00
0.00
0.00
0.00
0.00
0.00
0.00
0.00
0.00
6.67
3.54
0.00
0.00
0.00
0.00
0.00
0.00
0.00
0.00
0.00
0.00
0.00
0.00
0.00
0.00
0.00
0.00
0.00
0.00
0.00
0.00
0.00
0.00
0.00
0.00
0.00
0.00
0.00
0.00
0.00
0.00
0.00
0.00
0.00
0.00
0.00
0.00
0.00
0.00
0.00
0.00
0.00
0.00
0.00
0.00
0.00
0.00
0.00
0.00
0.00
0.00
0.00
0.00
0.08
0.23
0.82
0.08
0.00
0.00
0.00
3.96
6.59
3.30
15.33
12.57
15.94
18.09
0.00
0.00
0.00
12.24
0.37
0.00
0.00
5.48
0.80
0.00
1.77
0.00
0.00
7.79
0.00
0.12
5.81
2.43
10.51
9.27
0.00
0.00
1.48
0.00
0.00
0.00
0.00
1.48
0.49
0.33
0.00
0.00
2.64
5.19
8.73
4.94
3.79
2.80
3.79
2.31
8.82
19.86
47.46
7.91
0.00
0.00
3.30
26.70
8.07
2.31
6.51
13.35
0.00
0.99
1.32
5.77
6.26
7.75
10.38
9.72
3.46
14.01
10.05
15.82
3.30
9.56
25.21
21.75
13.51
0.00
0.00
0.00
0.00
0.00
0.00
0.00
0.00
0.00
0.00
0.00
0.00
0.00
0.00
2.80
6.43
8.57
0.00
0.00
32.71
51.09
84.91
65.34
56.98
7.66
19.16
12.32
38.56
29.00
23.57
6.51
15.61
9.27
14.83
6.76
15.08
51.42
11.62
0.04
0.33
0.16
0.00
13.76
0.00
25.63
10.63
6.43
20.10
37.00
2.55
25.13
51.50
65.42
38.56
41.69
44.49
62.46
61.47
18.62
37.90
1.57
0.00
13.55
38.01
18.66
0.82
0.99
6.47
15.12
22.74
39.88
28.55
54.96
50.10
54.63
32.59
46.93
34.03
49.93
47.30
63.69
62.46
52.73
53.23
55.62
50.18
32.26
34.11
22.91
34.11
51.83
59.66
64.60
40.46
15.00
7.25
32.38
14.17
29.33
38.31
52.61
38.31
33.95
31.35
9.23
5.19
27.85
28.18
14.58
1.48
0.00
0.00
5.19
8.28
14.38
13.76
14.63
36.83
24.06
26.41
1.52
0.00
0.00
0.00
0.00
0.00
0.00
0.00
0.00
0.00
0.00
8.40
18.29
3.96
1.40
0.00
0.00
0.00
0.00
0.00
0.00
0.00
11.33
14.83
0.00
0.00
0.00
0.00
0.00
0.00
0.00
0.00
7.50
6.26
6.39
11.95
0.00
0.00
0.00
0.00
0.54
0.16
0.02
0.00
6.80
6.57
2.88
0.00
0.00
0.00
0.00
0.00
0.00
0.00
0.00
0.00
0.00
0.00
0.00
1.32
0.00
0.00
0.00
0.00
0.00
0.00
0.00
4.61
0.00
0.00
7.58
2.55
0.00
0.00
0.00
0.00
0.00
0.00
0.00
0.00
0.00
0.00
0.00
0.00
0.00
0.00
0.00
0.00
0.00
0.00
0.00
0.00
0.00
0.00
0.00
0.00
0.00
0.00
0.00
0.00
0.00
0.00
0.00
0.00
1.48
40.37
0.00
0.00
0.00
0.00
0.00
0.06
0.04
0.00
0.00
0.00
0.00
0.00
0.00
0.00
0.02
0.00
0.00
0.00
0.00
0.00
0.00
0.00
0.00
0.00
0.00
0.00
0.00
0.00
0.00
0.00
0.00
0.00
0.00
0.00
0.00
0.00
0.00
0.00
0.00
0.00
0.00
0.00
0.00
0.00
0.00
0.00
0.82
0.00
0.00
0.00
0.00
0.00
0.00
0.00
0.00
0.00
0.00
0.00
0.00
0.00
0.00
0.00
0.00
0.00
0.00
0.00
0.00
0.00
0.00
9.39
20.76
21.92
17.80
4.28
3.87
0.00
4.37
3.83
3.79
10.84
19.82
0.00
0.00
5.77
9.06
0.33
0.25
3.09
22.04
0.08
7.04
2.72
7.00
8.40
0.00
0.00
2.22
6.10
5.60
0.99
6.92
0.00
8.40
3.79
6.18
1.28
5.42
0.97
10.22
10.84
4.08
0.08
0.00
0.33
5.77
4.45
11.12
8.32
4.78
3.96
9.06
13.51
4.61
5.93
16.69
12.52
0.00
0.00
0.00
7.95
25.71
42.68
21.09
15.49
16.48
2.31
0.00
0.00
12.03
22.91
3.30
0.00
0.00
0.00
10.05
21.75
12.85
14.34
24.55
30.16
21.75
21.09
19.12
11.37
19.69
8.24
0.00
0.00
0.00
1.98
2.64
1.32
0.00
17.63
7.58
11.04
9.72
0.00
26.53
25.71
36.34
48.86
6.76
17.30
70.41
81.66
57.10
9.97
0.00
27.48
31.81
46.80
20.64
30.08
21.71
0.00
0.00
2.35
0.00
1.24
21.05
62.58
66.62
59.41
16.48
18.19
44.82
21.79
69.38
73.75
65.18
101.76
38.69
15.00
53.76
91.05
30.40
9.56
0.00
0.91
19.90
11.66
15.66
0.00
2.06
11.82
43.01
31.81
26.74
39.80
62.87
44.78
9.60
0.04
24.06
49.52
4.16
3.58
15.61
5.11
0.00
0.00
0.00
0.00
4.57
29.05
25.91
4.16
0.00
0.00
0.00
20.27
5.07
0.00
25.58
26.45
0.00
23.15
11.87
34.52
41.36
28.84
21.92
0.00
0.00
6.92
5.03
21.30
6.72
6.22
29.00
10.46
21.96
34.65
34.65
4.37
0.00
0.00
0.00
0.00
0.00
0.00
0.00
0.00
0.00
0.00
0.00
0.00
1.65
20.60
16.64
7.75
0.99
0.00
0.00
0.00
0.00
0.00
4.12
10.22
0.00
0.00
0.00
0.00
0.00
0.00
0.00
0.00
0.00
0.00
0.00
0.00
0.00
0.00
0.66
4.61
17.80
14.42
0.66
0.00
0.00
0.00
0.00
0.00
0.00
0.00
0.00
0.00
0.00
0.00
0.00
0.00
0.00
0.00
0.00
12.44
5.77
12.90
3.13
0.00
0.04
0.00
0.00
0.00
0.00
0.00
0.00
0.00
0.00
0.00
0.00
0.00
0.00
0.00
0.00
0.00
0.00
0.00
0.00
0.00
0.08
0.16
0.16
0.16
0.25
0.12
0.00
0.16
0.00
0.00
0.00
0.00
4.78
4.28
5.77
0.00
0.04
0.78
0.00
0.00
0.04
0.04
0.12
0.00
0.00
0.00
0.00
0.00
0.41
0.33
0.00
0.00
0.00
0.00
0.00
0.00
0.00
0.00
0.00
0.00
0.00
0.00
0.00
0.00
0.00
0.00
0.00
0.00
0.00
0.00
0.00
0.00
0.00
0.00
0.02
0.00
0.00
0.00
0.02
0.00
0.00
0.00
0.00
0.00
0.00
0.00
0.00
0.00
0.00
0.00
0.00
0.00
0.00
0.00
0.00
0.00
0.00
0.00
0.00
0.00
0.00
0.00
0.00
0.00
0.00
0.00
0.00
0.00
0.00
0.00
0.00
3.46
15.49
0.00
0.16
0.00
0.00
0.00
0.00
0.00
0.00
0.00
0.00
0.00
0.00
0.00
0.00
0.00
5.27
7.09
0.99
0.00
0.00
0.00
1.98
11.21
16.81
16.81
6.51
26.78
12.94
10.26
2.64
1.15
6.26
0.16
0.00
3.38
10.71
3.46
0.00
0.00
6.26
2.80
3.30
0.00
1.24
0.91
3.79
6.92
0.00
10.71
0.00
1.32
2.47
9.89
19.78
6.43
2.31
0.00
0.00
0.00
0.00
2.14
13.68
19.45
0.33
0.00
2.31
10.38
4.28
14.34
18.13
0.82
2.72
0.00
0.00
0.00
0.00
0.00
0.00
0.00
12.19
6.59
46.97
16.31
53.43
23.52
25.38
27.19
12.28
0.58
0.00
0.00
0.00
2.06
8.65
57.72
67.07
41.53
39.02
58.91
67.73
41.53
54.71
57.35
57.68
46.80
12.03
5.69
8.45
21.63
55.45
38.07
32.46
34.77
42.60
38.23
69.38
55.21
76.71
81.33
56.77
56.28
91.79
112.39
128.87
137.60
117.99
115.19
87.18
100.03
58.50
7.75
45.48
46.80
22.08
21.42
39.30
12.85
12.36
58.50
63.86
57.68
3.63
6.76
21.92
8.53
8.82
30.03
40.00
45.98
61.72
36.25
44.78
34.19
0.04
15.45
71.15
54.92
38.73
4.66
10.55
4.78
0.00
0.00
3.46
0.00
7.42
11.87
0.00
0.00
0.00
0.00
8.57
43.09
17.34
0.00
5.91
7.87
18.33
1.32
0.00
0.00
0.00
0.00
0.00
1.32
8.82
5.93
16.97
17.47
25.71
0.00
0.00
0.00
0.00
0.00
10.71
0.00
0.00
0.00
1.24
1.57
0.00
0.00
0.00
0.00
0.00
0.00
0.00
0.00
0.08
0.00
0.00
0.00
0.00
0.00
0.00
0.00
0.00
0.00
0.00
0.00
0.00
0.00
1.15
0.04
0.04
0.00
0.00
0.00
0.00
0.00
0.00
0.00
0.00
0.00
0.00
0.00
0.00
0.00
0.00
0.00
0.00
0.00
0.00
0.00
0.00
0.00
0.00
0.00
0.00
0.00
0.00
0.00
0.00
0.00
0.00
0.00
0.00
36.42
84.05
3.79
0.00
0.00
0.08
0.00
0.00
0.00
0.00
0.00
0.00
0.00
0.00
0.00
0.00
0.00
0.00
0.00
0.00
0.16
0.00
0.00
0.00
0.00
0.00
0.00
0.00
0.00
0.00
0.00
0.00
0.00
0.00
0.04
0.08
0.00
0.08
0.08
0.00
0.00
0.00
0.00
0.00
0.00
0.00
0.00
0.00
0.00
0.00
0.00
0.00
0.00
0.00
0.00
0.00
0.00
0.00
0.00
0.00
0.00
0.00
0.00
0.00
0.00
0.00
0.00
0.00
0.00
0.00
0.00
0.00
0.00
0.00
0.00
0.00
0.00
0.00
0.00
0.00
0.00
0.00
0.00
0.00
0.00
0.00
0.00
0.00
0.00
0.00
0.00
0.00
0.06
2.84
0.04
0.00
2.06
2.55
0.00
0.00
0.00
0.00
0.00
0.00
0.00
0.00
0.00
0.00
0.00
0.00
2.72
2.47
0.00
0.00
0.00
0.00
0.00
8.45
0.00
0.00
0.00
0.00
1.81
0.00
0.00
0.00
0.00
0.00
0.00
0.00
0.00
0.00
0.00
0.00
0.00
0.00
6.26
5.77
1.65
0.08
3.63
5.11
3.30
6.43
2.31
9.39
0.33
0.33
5.27
3.96
8.07
1.81
0.00
0.00
0.00
0.00
0.00
0.00
0.00
0.00
1.11
0.49
0.49
0.16
0.00
0.00
0.00
0.00
14.75
0.54
9.19
2.97
3.21
14.25
12.11
2.10
0.82
2.68
7.79
2.02
9.31
13.51
2.47
25.54
0.08
0.00
0.00
0.00
3.96
27.93
2.97
40.91
53.19
84.91
29.25
4.00
1.77
0.12
0.00
17.51
12.44
37.66
21.18
29.58
36.05
59.45
55.62
63.98
83.63
46.22
24.97
56.61
34.03
50.26
0.00
22.08
41.78
56.36
63.45
53.93
33.87
21.84
54.46
58.91
40.54
13.35
4.00
22.82
14.42
0.00
1.65
0.00
5.23
19.45
40.21
45.81
41.20
33.87
21.67
35.27
16.56
29.83
38.77
57.93
63.61
54.38
39.72
50.92
34.28
46.47
20.02
13.18
31.31
19.94
1.79
34.24
16.60
28.14
43.79
24.18
10.63
13.02
15.24
22.66
17.67
0.00
0.00
11.99
32.26
48.41
2.68
8.73
29.66
17.06
19.20
5.19
0.00
11.78
11.21
36.25
12.94
3.38
19.86
12.28
27.52
24.22
32.55
18.62
0.00
0.00
0.00
0.00
0.00
0.00
11.45
30.90
11.29
3.05
4.78
1.65
1.98
0.00
0.00
0.00
0.00
0.00
0.00
0.00
0.00
0.00
0.00
0.00
0.00
0.00
0.00
0.00
0.25
9.76
0.58
120.30
9.64
0.00
0.00
6.84
17.92
2.84
0.00
0.00
0.00
0.00
0.00
0.00
0.00
0.00
0.00
0.00
0.00
0.00
0.00
0.00
0.00
0.00
0.00
0.00
0.00
0.00
3.91
2.84
0.08
0.00
0.00
0.00
0.00
0.00
0.00
0.00
0.00
0.00
0.00
0.00
0.00
0.00
0.00
0.00
0.00
0.00
0.00
0.00
0.00
0.00
0.00
0.00
0.00
0.00
0.00
0.00
0.00
0.00
0.00
0.00
0.00
0.00
0.00
0.00
0.00
0.00
0.00
0.00
0.00
0.00
0.00
0.00
0.00
0.00
0.00
0.00
0.00
0.00
0.00
0.00
0.00
0.00
0.00
0.00
0.00
0.00
0.00
0.00
0.00
0.00
0.00
0.00
0.00
0.00
0.00
0.00
0.00
0.00
0.00
0.00
0.00
0.00
0.00
0.00
0.00
0.00
0.00
0.45
0.00
0.00
0.00
0.00
0.00
0.00
0.00
0.00
0.00
0.00
2.12
1.44
1.67
0.00
0.00
0.00
0.00
0.00
0.00
0.91
0.49
0.00
3.25
2.47
0.00
0.00
0.00
0.00
0.00
0.82
0.00
0.00
0.00
0.00
0.00
0.00
0.00
0.00
0.00
0.00
0.00
0.00
0.00
0.00
0.00
0.00
0.00
0.00
0.00
0.00
0.00
0.00
5.44
6.92
3.63
0.33
5.69
0.00
5.11
8.24
0.00
0.74
8.32
19.12
29.09
0.49
0.16
1.15
0.08
0.04
2.64
8.40
8.07
7.50
6.88
3.79
17.30
1.24
4.12
5.27
0.00
5.77
3.30
2.97
2.97
1.48
1.98
0.08
4.61
1.90
0.91
7.46
5.15
7.66
10.38
1.69
8.90
16.89
11.95
14.79
2.72
0.00
0.00
0.00
0.00
20.68
15.00
1.32
9.81
28.51
32.30
6.34
10.63
0.00
4.86
30.90
21.92
24.88
56.69
18.13
13.18
9.89
11.70
11.87
14.50
5.27
19.45
47.30
30.65
34.28
44.17
64.43
14.17
25.87
35.76
61.14
46.80
37.16
23.24
35.93
47.63
29.17
42.19
25.21
40.70
32.63
10.05
0.99
11.37
42.52
33.62
42.76
28.84
23.57
0.00
0.00
0.00
0.00
0.00
0.00
0.00
0.00
15.90
33.41
42.72
22.95
8.32
16.11
34.11
63.65
21.71
20.64
36.58
61.80
69.79
68.55
74.57
58.83
53.48
21.92
48.86
44.00
46.80
5.93
5.93
0.00
0.00
1.48
9.72
11.04
0.00
0.00
0.00
0.00
4.45
12.69
0.00
10.88
15.45
60.07
71.44
51.54
59.66
35.55
45.65
18.29
19.86
4.20
0.00
0.00
13.02
2.80
7.25
41.12
21.01
17.47
33.21
26.53
60.15
41.69
24.39
8.32
0.00
0.00
0.00
0.00
0.25
26.70
7.50
22.25
13.72
0.00
0.00
0.00
0.00
10.71
0.00
0.00
0.00
0.00
0.00
0.00
0.00
0.00
0.00
0.00
0.00
0.00
0.00
0.00
0.41
0.00
0.66
10.30
19.20
0.08
0.00
0.00
0.00
0.00
0.00
0.00
0.00
0.58
14.96
1.15
0.00
1.48
0.00
0.00
0.00
7.42
5.44
7.25
4.12
8.65
2.80
0.08
0.00
0.00
0.00
0.00
0.00
0.00
0.00
0.00
0.16
0.08
0.08
0.00
0.00
0.08
0.00
0.04
0.00
0.00
0.00
0.08
0.08
0.00
0.00
0.00
0.00
0.00
0.00
0.00
0.00
0.00
0.00
0.00
22.41
0.00
0.00
0.16
0.00
0.49
0.82
0.00
0.00
0.00
0.00
0.00
0.00
0.00
0.00
0.08
0.08
0.00
0.00
0.00
0.08
0.12
0.00
0.00
0.00
0.00
0.00
0.00
0.00
0.00
0.00
0.00
0.00
0.00
0.00
0.00
0.00
0.00
0.00
0.00
0.00
0.00
0.00
0.00
0.00
0.00
0.00
0.00
0.00
0.00
0.00
0.00
0.00
0.00
0.00
0.00
0.00
0.00
0.00
0.00
0.00
0.00
0.00
0.00
0.00
0.00
0.00
0.00
0.00
0.00
0.00
0.00
0.00
0.00
0.00
0.00
0.00
0.00
0.00
0.00
0.00
0.00
0.00
0.00
0.00
0.00
0.00
0.00
0.00
0.00
0.00
0.16
0.00
0.00
0.00
7.00
0.00
0.00
0.00
0.00
6.10
4.45
0.00
0.16
4.78
7.25
13.14
26.61
20.97
32.59
15.41
2.80
0.00
0.00
0.00
10.55
2.97
7.58
7.58
15.00
14.34
0.00
4.45
13.35
11.45
11.58
1.81
0.04
0.08
0.00
0.00
0.00
0.00
0.00
0.00
3.30
3.13
4.12
1.32
0.00
1.32
1.15
5.93
0.00
0.00
0.00
0.00
0.00
0.00
0.00
0.00
0.00
0.00
0.00
10.13
15.33
11.54
15.33
34.44
23.24
14.01
7.42
5.40
14.83
12.36
25.54
6.43
16.97
15.99
27.03
16.15
38.23
22.74
41.82
76.51
114.04
0.62
15.78
4.55
17.02
11.70
4.12
0.00
13.14
23.40
12.44
0.00
28.43
58.34
53.89
0.00
1.48
0.33
10.71
25.63
45.98
43.34
45.48
50.76
26.37
4.04
14.09
27.73
47.83
6.39
46.14
42.52
19.61
0.33
16.15
44.17
54.79
56.03
88.33
56.94
58.83
33.70
37.99
29.66
9.48
0.00
32.09
33.62
45.61
57.76
57.02
37.24
42.19
50.43
59.74
42.19
44.74
15.41
10.96
0.00
1.81
41.20
79.60
70.70
76.96
36.83
6.43
16.40
33.37
36.50
35.27
23.24
33.78
22.04
15.70
16.19
10.46
9.72
24.22
2.31
15.82
26.78
66.17
38.23
3.71
0.00
15.99
32.55
7.62
0.00
0.00
4.08
0.00
1.90
19.08
21.75
26.16
23.61
17.55
24.06
50.51
44.00
45.81
0.00
0.00
17.30
36.42
2.93
0.00
0.00
0.00
1.48
0.00
0.00
0.00
17.80
6.26
0.00
10.88
23.90
10.09
13.10
15.37
0.00
0.00
0.00
0.00
0.00
0.00
0.00
0.00
0.00
0.00
0.00
0.00
0.00
0.00
7.58
4.45
9.39
18.87
6.18
7.42
2.64
44.33
26.86
0.33
0.00
0.00
0.00
0.00
0.00
0.00
0.00
0.00
0.00
0.00
0.00
0.00
0.00
0.00
3.21
0.00
1.65
2.06
6.02
0.04
0.00
11.99
34.61
13.10
10.42
14.58
0.00
0.00
0.00
0.00
0.00
0.00
0.00
0.00
0.00
0.00
0.00
0.00
0.12
0.08
0.08
0.08
0.00
0.00
0.00
0.00
0.00
0.00
0.00
0.00
0.00
0.00
0.00
0.00
0.00
0.00
0.00
0.00
0.00
0.00
0.00
0.00
0.00
0.00
0.00
0.00
0.00
0.00
0.00
0.00
0.00
0.00
0.00
0.00
0.00
0.00
0.00
0.00
0.00
0.00
0.00
0.00
0.00
0.00
0.00
0.00
0.00
0.25
0.08
0.08
0.10
0.00
0.00
0.00
0.00
0.00
0.00
0.00
0.00
0.00
0.00
0.00
0.00
1.24
5.73
3.48
0.00
0.00
0.00
0.00
0.00
0.00
0.00
0.00
0.33
3.25
0.00
0.00
0.00
0.00
0.00
0.00
0.00
0.00
0.00
0.54
0.04
0.00
0.00
0.00
0.00
0.00
4.45
1.94
0.00
0.00
0.00
0.00
0.00
0.00
3.46
26.70
9.56
23.32
0.00
0.00
0.00
0.00
0.00
0.00
1.81
0.16
0.87
1.11
10.67
1.98
2.84
0.25
0.04
1.90
15.94
8.07
0.00
0.00
0.00
0.00
1.48
0.00
0.00
0.00
3.83
6.02
0.00
0.00
0.00
0.00
0.00
2.51
4.70
5.77
7.58
4.45
0.25
0.00
12.24
4.00
17.96
23.65
18.54
2.64
0.00
4.45
3.79
0.00
0.00
0.00
0.00
0.00
0.00
0.00
0.49
9.06
6.43
0.16
0.00
0.00
0.00
0.00
0.00
12.19
10.71
1.73
5.11
6.47
25.63
45.73
40.00
23.61
5.23
14.17
23.24
7.42
4.61
2.14
29.50
27.69
0.00
4.61
11.70
40.70
82.56
95.09
82.23
59.16
53.06
65.75
26.37
17.80
37.41
10.22
13.35
28.34
45.15
64.11
84.17
86.52
62.83
75.76
74.45
48.37
20.76
0.41
0.00
24.27
36.54
30.98
61.22
47.13
39.22
28.02
0.00
0.00
0.00
15.16
25.05
59.66
54.22
31.48
0.00
0.00
0.00
10.55
21.42
26.12
24.55
32.46
17.47
16.31
21.18
23.28
16.93
13.93
0.00
0.00
21.59
12.36
9.72
35.27
67.24
63.12
49.85
71.77
70.61
74.32
25.54
59.33
37.24
51.91
55.54
21.59
33.62
35.93
12.85
0.99
1.98
37.49
64.76
67.57
51.25
23.24
52.90
65.42
50.26
43.51
31.64
20.60
5.44
0.00
0.00
10.05
14.67
5.52
3.13
8.40
0.00
0.00
0.00
0.00
0.00
0.00
0.99
18.46
7.04
0.00
0.00
0.00
0.00
0.82
17.72
4.04
17.63
7.66
0.00
0.00
0.00
5.60
0.00
0.00
0.00
0.00
0.00
0.00
0.00
0.00
0.00
0.00
0.66
13.35
3.79
0.00
0.00
2.39
0.00
0.00
0.00
0.00
0.00
0.00
0.00
0.00
0.00
0.00
0.00
0.00
0.00
0.00
0.00
0.00
0.00
0.00
0.00
0.04
11.45
0.00
0.04
0.08
0.08
0.16
0.16
0.00
0.00
0.00
0.00
0.00
0.00
0.00
0.00
0.00
0.00
0.00
0.00
0.00
0.33
0.08
0.00
0.00
0.00
0.00
0.00
0.00
0.00
0.00
0.00
0.00
22.41
90.64
0.16
0.00
3.30
0.16
0.00
0.00
0.00
0.00
0.99
16.15
0.08
0.00
0.00
0.08
0.08
0.00
0.00
0.00
0.00
0.00
0.00
0.00
0.00
0.00
0.00
0.00
0.00
0.00
0.00
0.00
0.00
0.08
0.04
0.00
0.00
0.00
0.00
0.04
0.10
0.00
0.00
0.00
0.00
0.00
0.00
0.00
0.00
0.00
0.00
0.00
0.00
0.00
0.00
0.00
0.00
0.00
0.00
0.00
0.00
0.00
0.00
0.00
0.00
2.80
0.00
0.45
0.00
0.00
3.50
0.00
0.00
0.00
0.00
0.00
0.00
1.07
0.21
0.00
12.11
2.97
0.00
0.00
0.00
0.00
0.00
0.00
0.00
0.00
6.84
0.66
1.48
0.00
0.00
0.00
1.07
0.00
0.02
5.23
41.53
11.21
7.87
3.79
2.47
0.08
6.67
6.43
0.00
0.00
3.91
0.00
3.83
8.32
11.70
23.24
7.33
7.25
0.16
1.15
1.15
10.30
10.38
8.90
0.00
8.57
13.68
2.14
19.94
27.85
7.58
0.00
1.48
4.45
42.19
9.23
1.15
5.11
14.67
3.79
5.77
0.00
0.00
0.00
11.04
16.81
26.86
19.28
24.22
31.31
31.15
28.18
35.10
26.86
17.47
3.46
9.89
13.35
0.00
8.40
5.11
19.61
41.36
17.39
38.52
0.00
0.00
0.00
0.00
0.08
0.00
4.70
0.00
6.67
41.82
51.75
26.70
22.08
29.50
11.54
0.99
15.33
28.84
40.05
31.31
14.25
44.66
30.28
59.33
12.11
37.26
32.49
65.51
86.89
73.00
50.92
19.28
6.10
0.66
11.45
33.74
25.30
7.37
17.76
38.73
36.91
45.98
36.75
29.33
73.00
51.58
0.00
0.00
0.00
36.50
35.72
24.43
31.64
48.20
27.85
48.28
36.83
48.82
48.49
18.46
35.97
11.12
0.00
0.00
0.00
0.00
0.00
0.00
0.00
7.21
0.00
0.00
19.12
0.00
23.90
18.21
3.87
15.45
33.66
5.11
0.00
7.33
11.21
16.36
50.43
52.24
25.79
26.61
0.00
4.61
48.49
20.76
10.71
2.31
3.96
49.77
88.25
17.10
0.16
0.00
0.00
0.00
9.27
0.00
0.00
0.00
10.71
0.00
25.54
32.96
8.07
2.31
0.00
0.00
0.00
0.04
2.97
1.65
0.00
0.00
0.00
0.00
0.00
0.00
8.12
0.99
8.98
0.00
0.00
0.00
0.00
0.00
0.00
0.16
0.00
0.58
8.57
3.21
20.81
1.15
1.73
0.00
0.00
0.00
0.00
0.00
0.04
0.16
0.00
0.00
0.00
0.00
0.00
0.00
0.00
0.00
0.00
0.16
0.00
0.00
0.00
0.00
0.00
0.04
0.00
0.00
0.00
0.00
0.00
0.00
0.00
0.00
0.00
0.00
0.00
0.00
0.00
0.00
0.00
0.00
0.00
0.04
0.00
0.00
0.00
0.00
0.00
0.00
0.00
0.00
0.00
0.00
0.00
0.00
0.00
0.00
0.00
0.00
0.00
0.00
0.00
0.00
1.98
0.00
0.00
0.00
0.00
0.00
0.00
0.00
0.00
0.00
0.00
0.00
0.00
0.00
0.00
0.00
0.00
0.00
0.00
0.33
0.00
0.00
0.00
0.00
0.00
0.00
0.00
0.00
0.00
0.00
0.00
0.00
0.00
0.00
0.00
0.00
0.00
0.00
0.00
0.00
0.00
0.00
0.00
0.00
0.00
0.00
0.00
0.00
0.00
0.00
0.00
0.00
0.00
0.00
0.00
0.00
0.00
0.00
0.00
0.00
0.00
1.61
2.64
0.00
0.00
0.00
0.00
0.00
0.00
0.00
0.00
0.00
0.00
0.00
0.00
0.00
2.47
0.00
2.31
0.00
0.00
0.00
0.16
1.81
0.00
0.00
0.00
0.00
0.00
0.00
10.38
0.49
0.16
0.00
0.00
0.00
0.08
0.04
14.75
1.73
0.00
0.00
6.84
19.94
2.64
0.21
2.35
4.04
6.39
10.18
25.54
0.08
0.04
4.45
16.23
27.44
0.00
0.00
6.43
5.77
1.24
0.00
24.88
63.12
11.54
0.00
0.00
0.00
10.96
43.59
0.33
28.02
0.66
0.00
0.00
7.75
4.20
6.59
0.00
1.32
0.00
14.34
22.41
17.96
22.58
9.89
16.81
2.64
11.70
1.15
8.40
8.24
6.76
19.20
3.30
5.44
4.82
0.00
6.34
19.53
0.00
7.25
6.14
6.26
14.17
32.96
39.22
2.47
0.00
0.00
0.00
10.88
6.10
24.64
0.00
10.05
31.97
19.45
16.73
14.05
11.08
18.79
9.56
8.16
6.10
9.39
5.11
5.15
5.31
20.68
25.63
18.99
4.86
0.00
13.93
0.00
0.00
0.00
0.00
21.18
59.24
48.61
35.60
39.88
18.29
33.45
49.69
35.18
9.97
0.04
9.31
0.00
0.00
31.23
38.56
58.67
70.94
114.94
43.67
39.55
97.23
66.91
47.96
21.09
73.17
15.08
0.00
0.00
16.15
0.00
0.00
28.18
0.16
0.00
0.00
0.00
0.00
23.48
0.00
0.00
0.00
15.37
30.61
12.61
0.00
19.61
50.43
42.19
70.29
69.05
40.05
6.26
6.59
24.06
23.57
12.03
45.81
61.80
32.88
12.36
7.42
0.00
28.34
41.36
46.55
43.55
23.94
1.57
26.04
27.64
0.00
0.00
0.00
4.74
2.18
7.62
49.11
66.00
12.11
1.52
0.00
0.00
0.00
0.00
5.19
5.77
7.00
0.00
0.00
0.00
0.16
7.75
108.44
32.67
3.30
0.00
0.00
0.04
0.00
0.00
0.00
0.00
0.00
0.00
0.00
0.00
0.00
0.00
0.00
0.00
0.00
0.00
0.00
3.63
0.16
0.00
0.00
0.00
0.00
0.00
0.00
0.00
0.00
0.00
0.00
0.00
0.00
0.00
0.00
0.00
0.00
0.00
0.00
0.00
0.00
0.00
0.00
0.00
0.00
0.04
0.00
0.02
0.04
0.00
0.00
0.00
0.00
0.00
0.00
0.00
0.00
0.00
0.00
0.00
0.00
0.00
0.00
0.00
0.00
0.00
0.00
0.00
0.00
0.00
0.00
0.00
0.00
0.00
0.00
0.00
0.00
0.00
0.00
0.00
0.00
0.00
0.00
0.00
0.00
0.00
0.00
0.00
0.00
0.00
0.00
32.96
0.33
0.00
0.00
0.00
0.00
0.16
0.00
0.00
0.00
0.00
0.00
0.00
0.00
0.00
1.32
0.00
0.00
0.00
0.00
0.00
0.00
0.00
0.00
0.00
0.00
0.00
0.00
0.00
0.00
0.00
0.00
0.00
0.00
0.00
0.00
0.00
0.00
0.00
0.00
0.00
0.00
0.00
0.00
0.00
0.00
0.16
0.00
0.00
0.00
0.00
7.04
5.81
6.96
0.00
0.00
0.00
0.00
0.00
0.00
0.00
0.00
0.00
0.00
0.00
5.60
6.10
2.88
0.08
0.00
0.33
7.09
5.44
3.13
0.00
0.00
0.00
4.61
0.00
3.79
0.00
0.00
0.00
0.00
5.97
0.04
0.00
7.09
26.24
2.93
0.00
0.00
0.00
0.66
6.67
1.03
0.00
0.00
0.00
0.00
0.00
0.00
0.87
1.57
0.00
1.36
0.00
0.00
0.00
0.00
0.00
0.99
5.77
12.52
29.91
3.96
1.32
4.94
6.59
8.07
33.29
21.34
7.50
0.00
0.00
0.00
1.81
9.89
29.99
14.67
27.85
35.93
64.68
10.88
18.29
0.00
21.51
67.11
38.89
70.20
46.55
6.92
36.58
38.23
84.70
80.09
106.21
87.51
89.81
66.08
14.50
0.49
0.66
0.16
35.43
17.55
14.50
59.82
36.25
40.37
37.41
26.37
22.91
47.54
62.66
99.70
89.32
90.88
3.01
46.55
71.93
63.45
47.13
16.64
0.00
0.00
4.12
17.80
15.66
18.79
15.00
6.43
49.11
60.15
51.66
63.61
17.88
82.15
73.99
62.62
34.77
0.00
4.28
19.12
48.53
37.28
32.46
21.59
0.00
7.58
0.00
8.12
8.86
6.80
11.54
13.31
4.16
41.16
25.09
11.41
5.31
26.12
33.12
47.63
56.20
68.84
56.69
64.85
60.40
77.95
93.85
77.45
82.56
181.93
51.91
11.82
23.65
22.82
26.99
0.00
0.00
0.00
0.00
0.00
0.00
1.07
14.75
32.01
38.97
23.98
17.80
18.05
28.10
2.35
16.93
7.83
7.91
0.00
0.00
14.17
0.00
6.88
8.07
51.83
59.49
40.05
61.22
52.57
47.05
5.27
6.76
2.64
0.00
0.00
0.00
0.00
0.00
0.00
0.00
0.00
0.00
0.00
0.00
0.00
0.00
0.00
0.99
85.53
2.97
0.00
0.00
0.00
0.00
0.00
0.00
0.00
0.00
0.00
0.08
0.00
0.00
0.00
0.00
0.00
0.00
0.00
0.00
0.00
0.00
0.00
0.00
0.00
0.00
0.00
0.00
0.00
0.00
0.00
0.00
0.00
0.00
0.00
0.00
0.00
0.00
0.00
0.00
0.16
0.00
0.00
0.00
0.00
0.00
0.00
0.00
0.00
0.00
0.00
0.00
0.00
0.00
0.00
0.00
0.00
0.00
0.00
0.00
0.00
0.00
0.00
0.00
0.00
0.00
0.00
0.00
0.00
0.00
0.00
0.00
0.00
0.00
0.00
0.00
0.00
0.00
0.00
0.00
