19701227
0.00
0.00
0.00
0.00
0.00
0.12
0.00
0.00
0.00
0.00
0.00
0.00
0.00
0.00
1.32
0.41
0.00
0.00
0.00
0.00
0.00
0.00
0.00
0.00
0.00
0.00
0.00
0.00
0.00
0.00
0.00
0.00
0.00
0.00
0.00
0.08
0.12
0.08
0.06
0.08
0.04
0.00
0.82
3.54
10.96
1.40
0.16
0.00
0.00
1.61
0.00
0.00
2.43
0.00
0.82
1.07
4.20
2.64
4.20
0.16
0.00
0.00
6.34
0.00
1.81
0.82
4.28
7.09
5.77
0.08
0.00
1.48
5.11
4.45
1.32
1.98
5.11
0.16
2.14
0.08
0.16
0.00
0.00
0.00
0.00
0.00
2.14
0.00
0.00
1.81
10.71
0.00
2.97
4.12
2.64
0.00
0.00
3.13
1.90
5.27
5.44
0.00
0.49
0.00
6.59
6.76
7.42
0.99
0.25
0.00
0.00
0.00
1.24
2.39
3.91
9.97
6.10
3.21
4.04
0.00
0.00
0.00
0.00
0.00
0.00
0.00
0.16
16.15
8.40
1.15
0.00
6.76
20.76
22.91
3.13
3.30
26.04
18.79
13.84
35.10
7.91
0.00
0.00
0.00
1.15
10.13
8.57
13.18
10.38
5.44
7.58
9.23
6.84
0.00
0.00
0.00
0.00
6.10
0.00
4.78
0.00
9.56
1.32
9.72
24.06
16.48
17.51
25.17
21.26
21.79
24.72
22.54
19.69
13.84
12.03
0.00
17.30
12.52
14.50
13.93
7.99
2.64
0.00
5.19
0.00
18.13
27.52
4.45
16.97
18.87
46.55
65.01
25.46
17.30
11.70
6.34
0.00
0.00
0.00
0.00
11.37
5.77
12.28
0.00
0.00
0.00
0.00
0.00
0.00
22.41
18.05
0.00
13.93
18.21
24.22
8.57
10.84
19.69
17.63
12.81
11.78
23.48
23.07
3.30
12.19
6.02
1.73
3.34
3.13
4.94
4.78
8.07
13.68
11.29
43.18
43.18
24.88
12.94
11.87
4.28
0.00
0.00
0.00
1.44
0.00
24.31
0.99
0.82
0.00
10.38
10.71
5.44
15.16
15.86
10.96
16.31
8.90
5.60
0.00
24.22
11.87
22.66
20.85
3.30
13.43
24.02
17.02
0.00
0.00
7.25
0.00
12.03
24.88
42.68
21.09
9.15
10.42
27.64
6.80
9.39
7.46
1.07
1.98
0.00
0.00
0.49
0.00
0.00
2.88
0.16
0.00
0.00
1.28
0.49
4.78
3.30
188.36
0.25
0.14
0.54
2.35
1.11
8.32
1.15
0.00
0.00
0.16
0.33
0.00
0.00
0.08
0.00
0.00
0.16
0.00
0.16
0.16
0.00
0.00
0.00
0.00
0.00
0.00
0.00
0.00
0.00
0.00
0.00
0.00
0.08
0.16
0.16
0.33
0.16
0.08
0.16
0.00
0.00
0.49
6.10
0.00
0.00
0.00
0.00
0.00
0.00
0.00
7.91
0.99
2.31
0.00
0.08
0.16
0.16
0.16
0.08
0.66
1.32
0.16
0.00
0.00
0.00
0.00
0.08
0.08
0.00
0.08
0.16
0.12
0.16
0.16
0.00
0.00
0.00
0.00
0.00
0.00
0.00
0.00
1.07
0.16
0.00
0.00
0.00
0.00
0.00
0.00
0.00
0.00
0.00
0.00
0.00
0.00
0.00
0.00
0.00
0.00
0.00
0.00
0.00
0.00
0.00
0.00
0.00
0.00
0.00
0.00
0.00
0.00
0.00
0.00
0.00
0.00
0.00
0.00
0.00
0.00
0.00
0.00
1.15
0.16
0.00
0.00
2.31
3.63
1.32
0.16
1.32
0.16
1.65
4.53
1.90
3.63
3.87
0.16
0.00
0.00
0.00
0.66
0.00
0.00
0.00
0.16
0.00
0.00
0.00
0.00
0.58
9.60
0.99
1.98
0.00
0.00
0.00
0.00
0.00
10.55
0.49
6.92
2.47
0.00
0.00
0.00
0.00
0.00
0.00
0.00
0.00
0.00
0.00
0.00
5.11
7.99
0.49
1.81
2.02
3.42
5.66
3.79
1.48
2.60
0.00
0.00
0.00
1.48
0.41
1.73
5.77
4.94
8.07
0.00
2.14
3.46
6.10
1.81
24.22
23.40
12.52
12.19
17.96
5.60
4.78
7.91
25.54
11.87
10.55
8.57
20.60
27.19
21.42
32.14
51.91
51.42
17.88
37.90
22.25
8.49
1.77
9.48
14.75
25.91
9.23
12.90
0.00
0.00
0.00
11.70
0.08
11.29
14.34
11.37
14.17
12.03
14.58
14.05
18.21
11.33
11.49
25.63
18.91
21.46
5.95
8.38
11.99
11.08
14.89
22.87
18.66
18.75
10.88
9.31
11.70
11.33
15.33
17.06
15.99
16.97
9.56
7.25
11.70
18.29
15.82
10.71
17.80
20.43
14.25
3.79
16.15
7.17
9.72
13.84
7.42
19.12
17.63
10.88
10.22
15.33
7.50
12.98
13.31
3.96
13.72
20.27
21.92
35.02
30.98
37.24
11.04
12.69
13.51
18.13
9.06
5.60
8.57
1.48
5.31
0.00
0.00
8.90
31.06
24.06
7.66
7.21
16.11
0.04
9.31
0.08
0.08
19.53
19.94
20.52
21.67
29.95
15.49
16.31
11.29
11.70
0.00
7.91
8.57
10.38
2.97
17.88
34.11
30.49
0.82
0.00
0.00
14.42
0.00
13.14
0.00
23.57
30.90
7.62
0.00
0.00
8.32
0.00
14.75
20.85
6.59
0.00
0.00
14.50
1.07
3.67
5.03
5.44
4.28
4.45
7.58
12.52
0.08
0.00
1.81
2.14
0.00
0.00
0.00
0.00
0.00
1.98
0.00
0.00
1.98
0.99
0.00
0.00
0.00
0.00
0.00
2.14
0.16
0.00
0.00
0.00
0.00
0.00
0.00
0.00
0.00
0.00
0.00
0.00
0.00
0.00
0.00
0.00
0.00
1.15
1.32
0.00
0.33
0.00
0.00
0.00
0.00
0.00
0.00
0.08
0.04
0.00
0.00
0.00
0.04
0.00
0.00
0.04
0.08
0.08
0.16
0.00
0.00
0.00
0.00
0.00
0.00
0.00
0.00
0.00
0.00
0.00
0.00
0.00
0.00
0.00
0.00
0.00
0.00
0.00
0.00
0.00
0.00
0.00
0.00
0.00
0.00
0.00
0.00
0.00
0.00
0.00
0.00
0.00
0.00
0.00
0.00
0.00
0.00
0.00
0.00
0.00
0.00
0.00
0.00
0.00
0.00
0.58
0.00
0.00
0.00
0.00
0.00
0.00
0.00
0.00
0.00
0.00
0.00
0.00
0.00
0.00
0.00
0.00
0.00
0.00
0.00
0.00
0.00
0.00
7.09
0.00
0.00
0.00
0.00
0.00
0.00
0.00
0.00
0.00
0.00
0.00
0.00
0.00
0.00
0.00
0.00
0.33
0.00
0.00
3.54
0.02
0.02
0.00
0.02
0.00
1.81
6.86
9.89
0.00
0.00
1.24
8.20
4.14
4.41
0.00
0.00
0.00
0.00
0.16
0.00
0.00
0.00
0.00
0.00
0.00
0.00
2.22
3.91
0.08
0.00
0.66
4.28
0.41
0.21
1.85
0.37
4.70
3.13
6.18
2.55
6.34
0.00
0.00
0.00
0.00
1.15
0.66
2.06
0.00
0.00
9.10
0.00
18.83
15.82
7.09
8.90
5.27
9.72
11.21
14.67
52.08
15.66
15.82
21.26
16.31
25.38
31.64
27.19
29.17
13.02
19.94
11.21
14.67
10.55
19.86
4.94
0.00
6.26
11.12
23.73
19.28
11.54
0.00
0.00
0.00
0.00
2.27
3.71
9.23
6.34
0.00
0.00
0.00
13.76
13.43
7.91
12.52
10.13
12.98
12.77
17.80
20.76
15.70
21.30
9.72
25.71
18.46
13.68
20.43
11.95
16.73
16.64
27.19
25.54
17.96
8.24
14.83
10.46
0.00
7.50
12.65
13.22
20.89
24.51
13.60
14.17
12.36
28.67
32.96
41.53
13.10
11.70
1.48
0.00
0.00
0.00
5.23
0.00
0.00
0.00
15.74
11.12
21.26
15.00
23.98
42.11
12.48
14.50
23.81
13.51
18.79
0.00
0.00
16.15
32.22
28.96
10.46
33.08
26.28
14.38
16.44
19.28
14.63
32.84
8.03
12.57
18.75
21.63
5.85
4.28
9.48
11.04
15.82
16.64
8.90
17.80
11.21
7.75
16.31
36.58
12.03
27.03
27.27
27.52
8.24
24.72
0.00
4.99
0.00
11.41
0.00
21.18
16.19
1.32
0.00
0.00
0.00
0.00
7.58
16.15
16.73
21.01
6.92
18.21
19.12
12.40
0.00
0.00
0.00
0.00
5.93
14.17
9.97
9.48
0.00
0.00
0.00
0.00
0.00
0.00
0.00
0.00
0.00
0.00
0.00
3.83
4.33
1.65
0.00
0.00
0.00
0.00
0.04
0.00
0.08
0.08
0.12
0.12
0.00
0.00
3.87
0.82
0.00
0.00
0.00
0.16
0.00
0.00
0.16
0.00
0.00
0.00
0.00
0.00
0.08
0.00
0.00
0.00
0.00
0.00
0.08
0.00
0.00
0.00
0.00
0.00
0.00
0.00
0.00
0.00
0.00
0.00
0.00
0.00
0.00
0.00
0.00
0.00
0.00
0.00
0.00
0.00
0.00
0.00
0.00
0.00
0.00
0.00
0.00
0.00
0.99
0.14
0.00
0.00
0.00
0.00
0.00
0.00
0.00
0.00
0.00
0.00
0.00
0.00
1.15
0.00
0.00
0.00
0.00
0.00
0.00
0.00
0.00
0.00
0.00
0.00
2.14
2.22
0.00
0.00
0.00
0.00
0.00
0.00
0.00
0.00
0.00
0.00
0.00
0.00
0.00
0.00
0.00
0.00
0.00
0.00
1.32
1.98
0.00
0.00
0.00
3.96
0.16
0.00
0.00
0.00
2.55
3.38
4.61
0.25
0.00
0.82
0.33
1.15
3.05
0.78
0.00
0.08
0.00
0.00
0.00
0.00
0.00
1.98
0.16
0.00
0.00
0.00
2.97
1.07
4.12
5.11
3.30
16.23
2.97
4.45
0.16
2.72
0.66
7.25
3.85
3.21
5.93
0.41
2.39
0.00
1.69
1.57
2.02
0.00
2.64
0.00
0.00
0.00
2.14
0.82
0.66
0.00
0.00
0.00
0.00
0.00
1.57
0.41
2.80
8.53
5.81
3.87
3.09
2.43
2.68
5.03
9.23
4.28
5.93
6.92
11.29
5.89
3.46
5.69
2.18
10.67
17.26
25.87
35.60
34.11
19.61
35.43
35.68
32.46
30.16
24.06
27.03
21.92
28.92
20.35
30.65
14.50
6.92
0.00
0.00
0.00
0.00
0.00
0.00
0.00
0.00
0.00
0.00
0.00
13.10
1.28
0.00
5.48
47.79
8.69
10.46
31.06
23.94
0.08
5.48
2.31
22.62
27.56
21.79
11.95
2.47
15.16
3.79
20.02
18.91
17.72
21.75
21.30
14.17
11.74
14.17
72.02
53.19
21.71
72.34
30.20
19.45
11.54
17.96
8.07
21.09
29.99
12.19
3.63
0.00
3.30
4.78
12.03
10.05
0.00
0.00
0.00
7.17
9.06
6.67
15.08
14.42
17.80
0.00
35.68
11.54
11.78
14.34
16.31
12.69
9.72
7.83
8.90
8.12
13.60
11.12
4.12
1.65
15.99
15.99
13.51
18.29
26.20
13.43
17.47
0.00
12.19
25.54
1.98
0.00
14.01
16.64
24.22
9.23
8.90
5.77
10.88
17.96
11.91
20.68
10.46
16.69
9.23
22.08
7.42
4.94
13.68
3.13
0.00
0.00
0.00
7.75
0.00
0.00
0.00
0.00
2.97
0.00
0.00
0.00
0.00
0.00
0.00
0.00
14.75
0.00
0.00
0.00
14.83
0.00
0.00
0.00
2.22
1.98
7.58
7.25
4.12
33.78
2.31
0.00
0.78
9.02
7.99
1.81
0.00
0.00
0.00
0.08
0.08
0.00
0.00
0.00
0.00
0.00
0.00
0.00
0.00
0.00
0.16
0.00
0.00
0.00
0.00
0.00
0.00
0.00
0.00
0.08
0.16
0.00
0.00
0.00
0.00
0.00
0.00
0.00
0.00
0.00
1.32
0.58
0.00
0.00
0.00
0.00
0.00
0.00
0.00
0.00
0.00
0.49
0.00
0.00
0.00
0.00
0.00
0.00
0.00
0.00
0.00
0.00
0.00
0.00
0.00
0.00
0.00
0.00
0.00
0.00
0.00
0.00
0.00
0.00
0.00
0.00
0.00
0.00
0.00
0.00
0.00
0.00
0.00
0.49
0.00
0.00
0.00
0.00
0.00
0.00
0.00
0.00
0.00
0.00
0.00
0.00
0.00
0.82
9.39
3.30
3.30
0.00
0.00
0.00
0.00
0.00
4.12
5.44
0.00
0.00
0.00
0.00
0.00
0.00
0.00
0.00
0.00
0.00
0.00
0.00
0.00
0.00
0.00
0.00
0.00
0.00
0.00
0.00
3.30
4.45
3.05
6.10
0.00
0.00
0.00
0.16
0.00
0.00
0.00
0.70
2.72
8.40
3.30
0.66
4.78
2.88
1.90
1.85
0.08
3.25
2.55
0.00
0.00
0.00
1.98
1.90
0.08
0.82
1.32
0.16
1.98
3.13
11.54
6.43
0.00
0.00
0.00
0.00
0.00
6.59
15.00
28.84
16.64
5.27
1.81
2.31
6.59
1.81
0.00
0.00
0.00
0.82
2.14
5.11
4.94
5.44
4.12
12.52
17.80
8.57
28.43
10.46
0.33
0.00
64.60
0.66
8.90
14.01
2.14
13.84
7.91
6.02
0.00
7.29
8.73
4.49
0.08
0.99
2.97
6.26
2.64
7.42
4.45
2.47
9.72
9.60
1.24
0.00
9.52
6.47
14.75
0.00
0.00
0.00
0.00
0.00
0.00
0.00
0.00
0.00
0.00
0.00
0.00
0.00
0.16
1.32
0.00
0.00
0.00
0.00
0.00
0.00
11.62
6.10
7.75
0.00
3.05
4.61
0.00
0.00
0.00
0.00
11.00
38.15
21.59
16.03
12.61
25.87
28.67
22.74
11.87
15.49
0.00
0.00
5.52
4.99
0.00
0.00
0.00
7.33
5.85
8.40
12.52
9.06
0.00
0.00
5.23
19.45
5.19
17.39
20.23
11.41
9.27
9.93
16.56
14.54
16.07
17.63
15.99
20.27
1.81
13.18
19.28
5.93
0.00
0.00
0.25
0.00
0.00
18.09
32.30
28.34
41.28
29.83
16.15
18.46
23.73
25.21
9.39
3.38
0.00
0.00
0.00
0.00
0.00
0.00
23.90
23.40
16.15
0.00
0.00
11.78
9.97
0.00
13.27
13.39
8.03
18.87
21.79
8.40
14.46
15.90
14.67
14.01
4.28
14.91
19.36
20.35
0.82
21.92
18.29
0.16
1.98
0.74
13.35
15.41
7.95
19.49
17.67
13.80
6.26
0.70
3.30
13.68
15.16
6.51
7.00
10.55
10.22
10.38
1.15
0.33
0.00
0.00
0.00
0.00
0.00
0.00
0.00
0.00
0.00
0.00
0.00
0.00
1.85
0.00
0.00
0.00
0.00
0.00
0.00
0.00
0.00
0.00
1.48
0.00
0.00
0.00
0.00
0.00
3.96
0.00
0.00
0.00
0.00
0.00
0.00
0.00
0.00
0.00
0.00
0.00
0.00
0.00
0.00
0.00
0.00
0.00
0.00
0.00
0.00
0.00
0.00
0.00
0.00
0.00
0.00
1.40
0.00
0.00
0.00
0.00
0.00
0.00
0.00
0.00
0.00
0.00
0.00
0.00
0.00
0.00
0.00
0.00
0.00
0.00
0.00
0.00
1.81
7.42
1.98
0.00
0.00
0.00
0.00
0.00
0.00
0.00
0.00
0.00
0.00
0.00
0.00
0.00
0.00
0.00
0.00
0.00
3.13
2.14
1.15
0.00
0.00
0.00
0.00
0.49
0.00
0.00
0.00
0.00
0.00
0.16
1.81
0.08
0.00
0.00
0.00
0.00
0.00
0.00
0.00
0.00
0.00
0.00
0.00
0.00
0.00
0.00
0.00
0.49
0.58
0.08
0.93
0.08
0.00
0.00
0.00
0.00
0.00
0.00
3.71
0.00
0.00
0.25
0.00
0.00
0.04
0.12
2.27
9.10
4.57
0.08
0.00
0.00
0.00
0.25
2.97
0.29
0.00
0.00
0.00
0.00
0.00
0.00
0.00
0.00
0.66
2.80
0.00
0.54
0.00
4.53
0.82
3.01
2.39
5.23
0.78
7.33
5.85
7.91
0.00
0.00
2.97
0.00
19.61
5.27
3.30
4.94
0.66
0.00
0.00
0.16
6.92
4.94
5.44
2.31
52.90
13.18
3.67
0.00
3.46
16.15
0.00
4.61
7.25
10.88
5.60
0.41
3.96
3.96
11.21
3.46
6.59
5.93
6.34
8.49
7.17
5.11
12.69
13.02
5.60
8.24
3.13
4.16
7.91
2.43
7.13
10.59
2.39
0.00
0.00
0.00
0.00
0.00
3.71
6.92
6.10
19.45
22.58
9.56
28.18
9.89
16.15
16.48
20.93
37.41
15.82
40.37
40.54
19.12
28.02
29.75
0.00
19.45
15.24
17.14
10.88
24.22
31.48
37.08
27.03
11.21
9.89
13.35
11.95
12.03
10.18
5.77
12.48
0.00
16.64
6.72
0.00
0.00
16.97
11.04
11.87
3.96
9.27
20.93
18.95
29.91
27.11
16.81
10.13
0.00
0.00
0.00
0.00
17.80
12.36
8.32
19.86
12.61
15.53
15.16
22.54
21.63
8.07
6.10
9.72
12.19
6.51
0.00
0.00
0.00
0.00
0.00
0.00
0.00
0.00
11.70
11.87
8.07
17.47
3.46
9.39
0.00
1.44
8.16
4.45
8.49
4.37
0.00
12.32
0.00
9.72
11.62
0.00
0.00
0.00
0.00
31.68
10.51
9.19
0.00
13.47
0.00
5.31
9.97
13.39
16.23
15.33
23.32
18.87
25.58
19.28
0.00
0.00
0.00
0.00
19.28
18.66
15.53
13.60
14.05
3.46
0.00
6.59
6.59
17.63
9.48
16.15
18.95
5.77
2.31
0.33
0.00
0.00
0.00
0.00
0.00
0.00
0.00
0.00
0.16
0.00
0.00
0.00
0.00
0.00
0.00
0.00
0.00
0.00
0.00
0.00
0.00
0.00
0.00
0.00
0.00
0.00
0.00
5.48
1.65
1.44
2.93
0.04
0.00
0.00
0.00
0.00
0.00
0.00
0.00
0.00
0.00
0.08
0.16
0.00
0.16
0.00
0.00
0.00
0.00
0.00
0.00
0.00
0.00
0.00
0.00
0.00
0.00
0.00
0.00
0.00
0.00
0.00
0.00
0.00
0.00
0.00
0.00
0.00
0.00
0.00
0.00
0.00
0.00
0.00
0.00
0.00
0.00
0.00
0.00
0.00
0.00
0.00
0.00
0.00
0.00
0.00
0.00
0.00
0.00
0.00
0.00
0.00
0.00
0.00
0.00
0.00
0.00
0.00
0.00
0.00
0.00
0.00
0.00
0.00
0.00
0.00
4.28
4.94
0.08
0.00
0.00
0.00
0.00
0.00
0.00
0.00
0.00
0.00
0.00
0.00
0.00
0.00
0.00
0.00
0.00
1.73
4.70
3.46
0.16
0.00
0.00
0.00
0.00
0.00
0.00
1.81
1.94
0.00
0.00
0.00
0.00
0.00
0.00
0.00
0.00
0.00
0.00
0.00
0.06
0.00
0.00
0.00
0.04
0.00
0.00
0.00
0.00
0.00
0.00
0.00
0.00
3.79
3.96
0.66
0.00
1.48
1.15
1.65
10.22
7.42
0.16
2.80
0.00
0.00
0.49
0.00
0.00
0.00
0.00
0.37
1.81
6.43
4.78
2.80
7.91
7.75
4.12
0.00
0.00
0.00
0.00
0.00
0.00
3.05
0.00
0.00
0.00
0.00
4.94
0.33
0.00
1.81
2.97
0.00
0.00
0.00
0.00
0.00
0.00
3.13
18.13
26.37
7.42
0.00
13.18
0.00
0.00
0.00
0.00
0.00
0.00
0.00
3.13
4.78
2.47
20.60
21.09
14.83
17.06
0.00
0.00
0.00
0.00
0.00
0.00
0.00
20.10
15.57
26.00
21.59
13.51
15.57
22.37
16.44
22.66
9.72
20.43
15.99
9.89
3.63
0.00
0.00
0.00
0.00
0.00
0.00
0.00
0.00
0.00
0.00
0.00
0.00
0.00
13.84
9.23
0.00
0.00
13.51
13.02
0.00
0.00
0.00
12.52
11.54
10.88
15.49
15.33
13.18
26.53
53.11
24.60
8.61
7.75
3.30
16.97
13.35
12.19
11.87
3.79
12.94
1.32
0.00
0.00
0.00
0.00
0.00
0.00
0.00
0.00
0.00
0.00
14.67
8.90
0.00
3.79
8.07
7.33
17.72
14.63
0.00
0.00
0.00
0.00
0.00
0.00
15.49
0.00
2.02
21.84
17.02
5.11
13.64
7.70
13.10
14.71
0.70
3.17
0.49
5.11
2.06
2.80
0.00
0.00
15.41
11.87
6.06
20.35
17.96
20.68
15.49
31.48
20.76
24.31
30.90
18.95
16.56
20.85
0.00
0.00
7.42
14.87
14.91
19.78
5.03
11.45
0.08
0.00
0.00
0.00
0.00
0.00
6.84
0.08
0.00
0.00
0.00
0.00
0.00
0.00
0.00
0.00
0.00
2.47
0.00
0.00
5.77
2.43
10.22
1.90
0.41
0.00
1.15
13.60
0.00
0.00
0.00
0.00
0.00
0.00
0.00
3.54
0.00
0.00
0.00
0.00
0.00
0.00
0.00
0.00
1.48
0.00
0.00
0.00
0.00
0.00
0.00
0.00
0.00
0.00
0.00
0.00
0.00
0.00
0.00
0.00
0.00
0.00
0.00
1.81
3.13
3.38
23.85
10.30
0.08
0.00
0.00
0.16
0.16
0.16
0.00
0.82
10.22
2.06
0.00
0.00
0.00
0.00
0.00
0.00
0.00
0.00
0.00
0.00
0.00
0.00
2.80
0.04
0.00
0.00
0.00
0.00
0.00
0.00
0.00
0.00
0.00
0.00
0.00
0.00
0.00
0.00
0.00
0.00
0.00
0.00
0.00
0.00
0.00
0.00
0.00
0.00
0.41
0.41
0.00
0.00
0.00
0.00
0.00
0.00
0.00
0.00
0.00
0.00
0.00
0.00
0.00
0.00
0.00
0.00
0.00
0.00
0.00
0.00
0.00
0.00
0.00
0.00
0.00
0.00
0.00
0.00
0.00
0.00
0.00
0.00
24.88
2.06
5.77
2.47
0.00
0.00
0.00
0.00
0.00
0.00
0.00
2.80
0.00
0.00
0.00
0.00
0.00
0.00
0.00
0.00
0.00
0.00
0.00
2.68
0.00
0.00
0.00
0.00
0.00
0.00
0.00
0.04
0.00
0.00
0.00
0.00
0.00
0.00
0.00
5.52
9.06
2.31
2.47
7.75
5.11
0.00
3.79
0.82
0.00
0.00
0.00
0.00
0.33
0.33
10.71
11.21
14.67
4.45
2.64
5.44
0.00
0.00
0.00
0.00
0.00
2.14
1.65
4.61
9.72
17.47
2.39
3.79
9.48
4.53
7.25
2.80
0.00
0.00
0.00
0.00
11.21
0.91
1.81
1.15
6.10
33.87
39.55
26.20
2.97
4.37
6.51
0.00
0.00
8.90
0.00
0.00
0.00
0.00
6.47
0.00
0.04
7.87
9.21
13.88
8.24
4.90
20.52
23.24
11.95
100.11
43.51
18.00
0.04
0.00
0.00
0.00
0.00
0.00
6.18
9.23
17.39
59.57
34.94
10.79
23.90
15.00
0.08
0.04
0.04
0.04
0.00
0.00
0.00
0.00
0.00
6.43
9.23
11.04
3.63
7.09
11.58
20.97
18.09
14.87
15.00
10.46
10.05
24.06
27.36
15.08
24.18
19.49
27.03
33.82
25.67
32.96
28.47
2.10
2.00
11.08
23.94
34.36
41.86
18.29
20.02
22.41
2.88
17.47
11.12
0.08
19.36
28.76
2.84
27.52
14.50
9.23
9.97
11.45
17.96
12.77
10.79
7.09
3.25
3.21
5.69
0.00
0.00
2.31
14.67
6.43
0.00
7.09
0.00
5.11
2.64
10.22
7.09
1.32
0.00
0.00
0.00
4.61
0.00
0.00
0.00
0.00
9.89
0.00
0.00
0.00
6.88
14.01
1.15
10.13
10.79
20.10
11.70
13.35
0.00
0.00
0.00
18.13
0.00
0.00
2.72
3.83
3.87
4.94
4.61
0.00
0.00
0.00
8.24
0.00
3.63
0.00
0.82
1.32
1.98
1.24
0.99
0.00
2.27
0.00
0.00
0.00
0.00
0.00
0.00
0.00
0.00
0.00
0.00
0.00
0.00
0.00
0.00
0.00
1.65
16.64
172.38
0.00
0.00
0.00
0.08
17.30
6.26
0.00
0.00
0.08
0.04
0.08
0.00
0.00
3.05
0.00
0.08
0.12
0.16
0.08
0.16
0.16
0.16
0.16
0.08
0.49
0.00
0.04
0.12
0.08
0.00
0.00
0.08
0.25
0.16
0.12
0.16
0.00
0.33
0.00
0.16
0.08
0.08
0.00
0.00
0.16
0.00
0.00
0.00
0.00
0.00
0.00
0.00
0.00
0.00
0.00
0.00
0.66
14.91
0.00
0.00
0.00
0.00
0.00
0.00
0.00
0.00
0.00
0.00
5.77
16.31
1.48
0.00
0.00
0.04
0.00
0.00
0.04
0.00
0.02
0.12
0.00
0.00
0.00
0.00
0.00
0.00
0.00
0.00
0.00
0.00
0.00
0.00
0.00
0.00
0.00
0.00
0.00
0.00
0.00
0.00
2.31
0.99
2.72
0.08
0.00
0.00
0.00
0.00
0.00
0.00
0.00
0.49
0.82
0.00
0.00
0.00
0.00
0.00
0.00
0.00
0.00
0.66
2.35
3.01
6.92
3.42
0.16
2.39
0.00
0.00
0.41
9.31
4.61
1.48
3.38
3.96
0.00
1.48
5.11
4.45
3.30
3.79
2.97
3.30
4.94
6.59
8.73
8.07
4.94
5.77
0.00
0.58
5.60
4.24
3.21
6.14
13.64
1.61
1.69
2.76
0.00
0.00
3.05
4.28
0.00
0.00
0.00
0.00
1.73
1.24
0.41
4.12
0.00
0.41
0.00
0.00
0.00
0.00
0.00
0.00
0.16
0.33
0.00
0.00
0.00
12.19
9.56
24.68
38.69
29.25
21.71
40.29
16.69
20.64
9.89
7.25
0.00
0.00
0.00
0.00
2.35
0.00
0.00
0.00
0.00
13.68
8.65
2.22
8.90
7.42
6.26
0.37
4.04
7.42
10.84
1.11
20.02
15.78
24.10
27.48
11.37
14.83
14.75
7.70
14.75
14.01
23.36
27.15
34.69
8.40
20.43
15.82
2.64
8.90
10.96
11.95
8.12
12.90
8.20
18.58
17.51
14.01
15.99
10.46
12.03
10.38
7.09
3.46
0.00
0.00
0.00
0.00
0.00
0.00
0.00
0.00
0.00
0.00
6.92
17.30
4.12
6.92
9.89
0.00
0.00
14.83
9.39
13.02
7.09
10.05
7.09
2.84
1.30
6.80
0.06
1.98
16.19
23.15
10.09
16.64
9.48
7.83
22.08
23.28
22.66
33.74
58.17
30.82
9.02
3.34
0.00
0.00
0.00
0.00
0.00
17.88
40.54
10.13
0.00
26.90
14.50
1.34
14.42
12.11
14.13
22.74
19.98
12.28
19.57
48.86
24.72
13.88
15.94
13.68
0.00
13.39
0.00
0.00
12.69
10.63
22.62
25.17
4.70
7.42
0.00
0.00
0.00
0.00
30.98
19.78
0.00
0.00
0.00
0.00
10.55
19.61
18.79
8.40
0.74
0.00
0.00
0.00
0.00
0.00
0.00
0.00
0.00
0.00
0.00
0.00
0.00
1.15
30.90
18.17
0.00
0.00
0.00
0.00
0.33
0.00
0.00
0.00
0.00
0.08
0.08
0.00
0.00
0.00
0.00
0.00
0.00
0.00
0.00
0.00
0.00
0.00
0.00
0.00
0.00
0.00
0.16
0.00
0.00
0.00
0.00
0.00
0.00
0.16
0.00
0.16
0.00
0.16
0.16
0.16
0.00
0.00
0.00
0.00
0.00
0.16
0.00
0.00
0.00
0.00
0.00
0.12
0.00
0.00
0.00
0.00
0.00
0.00
0.00
0.00
0.00
0.00
0.00
0.00
0.00
0.00
0.00
0.00
0.00
0.00
0.00
0.00
0.00
0.00
0.00
0.00
0.04
0.12
0.00
0.00
0.00
2.18
0.16
0.00
1.44
10.22
0.08
0.00
0.00
2.22
0.00
0.00
0.00
0.00
0.00
0.00
0.00
0.00
0.00
0.16
1.65
0.08
0.00
0.00
0.00
0.00
0.00
0.00
2.14
0.16
1.81
1.65
0.16
0.00
0.00
0.00
0.00
0.00
0.00
0.00
0.49
0.33
2.64
1.07
0.00
0.16
0.41
0.00
0.49
0.99
0.00
0.00
0.33
0.00
0.00
0.00
0.00
0.00
1.98
0.00
0.00
0.91
0.41
3.38
1.32
1.98
2.64
1.32
1.65
0.00
3.13
3.96
3.21
3.38
6.10
7.42
10.38
12.36
13.02
4.94
12.36
19.45
10.55
16.87
19.03
26.41
16.52
4.04
3.01
7.75
4.94
4.45
7.91
4.28
3.79
8.73
15.99
17.47
7.09
2.97
6.67
11.21
8.65
8.07
4.28
5.44
4.28
5.44
7.83
17.63
5.69
7.09
9.06
7.42
14.83
3.30
0.00
5.93
9.23
5.77
5.27
15.66
0.66
0.00
7.25
13.02
0.00
19.94
23.90
37.33
0.00
0.00
1.48
11.21
0.00
0.00
0.00
0.00
8.90
15.04
21.05
36.83
38.07
3.96
22.33
30.36
33.33
12.57
10.88
4.57
7.91
5.36
11.12
1.81
5.60
11.37
12.69
7.91
16.15
13.68
14.67
108.02
206.24
31.81
19.12
0.00
0.00
0.00
0.00
5.36
22.49
47.34
37.33
11.25
1.98
0.00
0.00
9.27
10.79
9.06
11.21
9.97
4.45
0.00
16.81
20.27
17.06
11.37
11.37
20.19
13.60
17.30
3.05
9.85
11.08
8.12
11.74
17.26
18.05
13.82
19.57
23.24
18.54
25.96
30.03
44.91
21.05
16.36
24.06
9.35
16.48
12.85
14.34
2.27
11.54
13.55
20.48
16.31
10.38
13.51
9.27
12.85
8.07
17.06
13.10
37.00
34.11
33.62
54.26
40.62
22.41
7.75
7.99
42.02
0.00
1.65
14.42
19.65
18.79
15.41
21.75
0.00
0.00
0.00
15.33
0.00
15.00
0.00
20.27
15.24
20.19
8.40
0.00
5.85
3.13
0.33
0.41
0.00
0.00
0.00
0.00
1.98
2.14
2.22
1.28
0.00
0.00
0.00
0.00
0.00
0.00
0.12
0.00
0.00
0.00
0.00
0.00
0.00
0.00
0.00
0.00
0.00
0.00
3.30
3.46
0.00
0.00
0.00
0.00
0.00
0.00
0.00
0.00
0.00
0.00
0.00
0.00
0.00
0.00
0.00
3.46
6.26
0.16
0.00
0.00
0.00
0.00
0.00
0.00
0.00
0.00
0.00
0.00
0.00
0.00
0.00
0.00
0.00
0.00
0.00
0.00
0.00
0.00
0.00
0.00
0.00
0.00
0.00
0.00
0.00
0.49
54.55
13.27
0.00
0.00
0.00
0.16
0.08
0.08
0.00
0.00
0.00
0.00
0.00
0.00
0.00
0.00
0.00
0.00
0.00
0.00
0.00
0.00
0.00
0.00
0.00
0.00
0.00
0.00
0.00
0.00
0.00
0.00
0.00
0.00
0.00
0.00
0.00
0.00
0.00
0.00
0.00
0.00
0.00
3.13
2.31
0.00
0.00
0.00
0.00
0.00
0.00
0.00
0.00
0.00
0.00
0.00
0.00
0.00
0.00
0.00
0.00
0.00
0.00
0.00
0.00
0.00
0.00
0.00
0.66
0.04
1.24
1.48
4.86
0.16
1.32
3.63
2.47
3.30
1.98
2.80
1.65
17.63
6.84
3.96
2.64
0.00
2.31
5.44
2.47
3.46
2.60
0.04
0.00
1.65
1.48
4.86
2.72
2.22
0.16
3.63
3.30
4.45
0.00
2.80
0.49
1.98
8.90
5.69
2.16
8.32
7.50
0.00
3.38
3.79
0.00
1.26
4.08
2.27
0.82
0.00
0.00
0.00
2.14
0.00
1.57
2.39
2.64
1.65
2.31
4.28
3.96
1.90
2.31
2.39
0.00
0.49
0.82
1.15
0.00
8.90
0.00
0.00
0.00
0.00
0.00
0.00
3.79
1.90
7.75
5.48
0.00
0.00
1.94
4.45
0.00
0.00
0.00
0.00
0.00
0.00
0.00
0.00
13.35
15.37
5.48
0.00
0.00
0.00
0.00
6.67
0.00
0.00
0.00
0.00
0.00
0.00
0.00
0.00
12.69
11.78
14.01
80.26
55.21
0.00
0.00
0.00
0.00
0.00
0.00
0.00
0.00
0.00
11.37
13.68
22.08
21.26
10.22
0.00
0.00
0.00
0.00
0.00
5.77
9.15
18.21
29.95
45.24
50.26
46.80
39.88
20.43
36.42
57.84
2.31
22.25
15.74
9.39
11.37
17.14
9.06
10.55
18.46
23.98
6.10
1.81
15.82
11.45
7.17
22.91
28.10
22.41
0.00
4.90
27.36
31.43
12.07
16.23
11.87
14.50
17.96
12.85
13.68
17.96
14.50
12.52
8.07
11.04
11.70
0.00
0.00
10.96
0.00
33.37
27.60
3.17
13.68
26.12
21.22
39.96
25.05
8.28
5.44
12.19
5.27
20.43
25.05
19.61
44.17
25.05
18.79
19.94
10.88
11.37
17.47
0.00
24.22
21.59
10.22
19.86
16.56
0.00
11.95
0.00
16.81
10.46
21.01
11.33
0.00
0.00
1.65
207.81
40.37
0.00
0.00
0.00
0.00
0.00
1.07
1.81
0.82
0.00
3.13
0.00
0.00
8.57
0.00
0.00
5.27
13.22
11.82
4.16
11.49
6.10
15.06
4.84
0.00
0.00
0.00
0.08
0.08
0.00
0.00
0.00
0.00
0.00
1.15
0.41
0.00
0.00
5.11
5.27
14.34
63.36
6.67
0.00
0.00
0.00
0.00
0.08
0.25
0.16
0.33
0.16
0.16
0.16
0.16
0.25
0.16
0.16
0.21
0.21
0.04
0.08
0.25
0.25
0.12
0.16
0.16
0.00
0.04
0.16
0.08
0.08
0.16
0.08
0.00
0.00
0.00
0.00
0.16
0.00
0.00
0.00
0.00
0.00
0.00
0.00
0.00
0.00
0.00
0.00
0.08
0.00
0.00
1.07
2.97
0.00
0.00
0.00
0.00
0.00
0.00
0.00
0.00
0.00
0.00
0.00
0.00
0.00
0.00
0.00
0.00
0.00
0.00
0.00
0.00
0.00
0.00
0.00
0.00
0.00
0.00
0.00
0.00
0.00
0.00
0.00
0.08
0.08
0.12
0.02
0.00
1.92
0.08
0.10
0.39
1.63
0.06
1.98
10.61
3.65
0.16
0.00
0.00
0.00
0.00
0.00
0.00
0.00
0.00
0.00
0.00
0.16
0.00
0.16
0.00
1.65
0.08
1.24
0.25
0.00
0.00
0.00
0.16
2.97
0.82
1.98
1.48
2.14
0.00
0.00
1.65
0.00
0.00
0.00
0.16
0.00
0.00
0.00
0.00
0.00
0.00
0.00
5.27
5.60
2.47
4.28
11.70
7.75
5.19
0.29
4.00
3.28
0.00
0.70
1.03
0.00
1.69
3.87
0.00
0.00
0.00
0.00
3.30
0.00
0.66
5.60
3.46
15.00
7.33
9.52
3.79
0.00
0.00
3.96
7.42
5.93
6.26
15.33
22.91
11.87
0.00
0.00
0.00
2.72
1.85
15.45
2.97
0.49
0.00
0.00
0.00
0.00
0.00
0.00
0.00
0.25
0.00
0.00
0.00
0.00
0.00
0.00
0.00
0.00
0.00
0.00
0.00
0.00
0.00
0.00
0.00
0.00
0.00
0.00
0.00
0.00
0.00
0.00
0.00
0.00
11.37
22.12
12.85
24.72
21.55
11.45
29.09
41.12
36.09
9.72
29.83
17.80
16.97
12.98
5.69
0.08
1.36
0.00
0.00
0.00
0.00
0.00
0.00
0.00
0.00
0.00
14.01
0.08
1.90
11.62
11.45
9.52
14.63
6.92
2.64
0.00
2.80
6.10
3.13
12.69
5.93
7.09
15.16
14.09
8.49
8.12
8.61
8.49
9.48
5.77
15.66
13.51
9.39
3.30
4.12
2.80
0.00
9.64
15.66
20.64
16.48
15.78
26.00
18.95
15.49
11.37
4.28
13.84
0.00
0.00
28.76
37.00
15.33
15.08
9.39
4.37
32.63
16.64
23.57
22.08
5.77
20.93
20.10
34.11
32.79
18.13
20.35
16.97
20.76
20.85
0.00
0.00
0.00
4.20
2.14
0.00
7.17
1.24
0.00
0.00
0.00
2.31
0.00
0.00
0.00
0.00
10.46
0.00
0.33
9.97
8.32
0.00
0.00
13.68
0.00
0.00
0.00
7.46
4.53
0.91
0.74
0.00
1.98
0.00
5.31
2.88
0.62
0.00
0.00
0.00
1.11
0.00
0.00
0.00
0.00
0.00
0.00
0.00
0.00
0.00
0.00
0.00
0.00
0.00
0.00
0.00
1.32
1.15
0.25
0.00
0.00
0.00
0.00
0.00
0.00
0.00
0.00
0.00
0.00
0.00
0.00
0.00
0.00
0.00
0.00
0.00
0.00
0.00
0.00
0.00
0.00
0.00
0.00
0.00
0.00
0.00
0.00
0.00
0.00
0.00
0.00
0.00
0.00
0.00
0.00
0.00
0.00
0.00
0.00
0.00
0.00
0.00
0.00
0.00
0.00
0.00
4.78
5.27
0.00
0.00
0.00
0.00
0.00
0.00
0.00
0.00
0.00
0.00
0.00
3.87
0.08
0.00
0.00
0.58
0.00
0.00
0.00
0.00
0.00
0.00
0.00
0.00
0.00
3.01
3.46
0.16
0.00
0.00
0.06
0.00
0.00
0.00
0.00
1.48
0.00
0.00
0.00
0.00
0.00
0.00
0.00
0.00
0.00
0.00
0.00
0.00
0.82
2.14
9.06
4.45
4.61
2.47
3.05
6.92
7.50
8.82
16.56
8.32
0.08
0.00
0.00
1.98
0.00
5.11
3.63
3.79
0.02
0.00
0.00
0.00
0.00
0.00
0.00
0.00
0.00
0.29
1.17
4.37
8.94
5.64
0.00
0.00
0.00
0.00
10.22
0.49
1.40
0.08
0.00
0.00
0.00
6.76
1.48
1.81
0.08
0.00
3.71
16.89
8.82
2.14
3.09
0.00
0.00
2.64
2.14
0.58
6.14
19.49
8.24
5.27
5.03
7.50
3.87
9.23
13.97
9.23
5.77
7.91
10.22
3.79
0.00
0.00
0.00
0.00
15.82
3.13
0.00
3.30
3.79
6.10
10.88
6.10
1.65
5.11
5.60
8.90
10.22
17.14
1.15
0.00
0.00
2.31
14.67
19.61
25.71
66.17
40.62
31.11
12.94
16.11
7.75
0.00
0.00
13.10
16.27
21.51
20.97
37.86
30.12
38.07
20.89
7.66
8.98
67.73
37.08
9.23
0.00
16.97
7.17
0.00
3.83
0.00
0.00
0.00
0.00
0.00
0.00
2.72
0.00
0.00
0.00
0.00
8.36
4.20
6.59
3.79
13.27
19.61
26.20
21.34
16.44
25.54
19.12
11.41
19.08
12.85
15.41
4.94
14.17
15.24
13.60
22.00
15.16
16.56
24.72
18.62
0.00
0.00
0.00
0.00
0.00
6.92
6.43
6.39
2.80
0.00
2.93
6.43
0.00
33.21
19.86
7.99
5.44
6.26
2.39
8.40
15.49
22.91
20.27
18.46
12.69
0.00
0.00
0.00
0.00
34.44
32.38
13.80
15.82
0.00
16.89
27.36
13.43
0.00
0.00
0.00
1.98
0.54
5.85
25.30
16.19
7.58
11.21
9.89
17.30
14.83
25.87
20.93
9.97
0.00
0.00
15.33
10.71
2.14
5.27
11.21
4.78
0.00
0.00
0.00
3.38
4.20
9.23
10.30
12.36
12.19
9.23
1.73
1.81
1.90
0.00
0.16
3.13
1.81
0.00
0.00
1.48
3.38
6.59
4.45
0.00
1.15
5.52
0.74
0.00
0.00
0.00
0.00
5.93
4.04
0.00
2.64
0.00
0.00
0.00
0.00
0.00
0.00
0.49
0.00
0.00
9.23
7.42
0.00
0.00
0.00
0.08
0.08
0.08
0.08
0.16
0.16
0.00
0.00
0.00
0.00
0.00
0.16
0.16
0.00
0.00
0.00
0.08
0.08
0.04
0.16
0.16
0.08
0.00
0.16
0.16
0.16
0.00
0.00
0.00
0.00
0.00
0.00
0.00
0.00
0.00
0.00
0.00
0.08
0.16
0.00
0.16
0.00
0.08
0.00
0.08
0.00
0.00
0.00
0.00
0.00
0.00
0.00
0.00
0.00
0.00
0.00
0.00
0.00
0.00
0.00
0.00
0.00
0.00
0.00
0.00
0.00
7.99
0.08
0.00
0.00
0.00
0.00
0.00
0.00
0.00
0.00
0.00
0.00
0.00
0.00
0.00
0.00
0.00
0.00
0.00
0.00
0.00
0.00
0.00
0.00
0.00
0.00
0.00
0.00
0.00
0.00
0.00
0.00
0.00
0.00
0.00
0.00
1.48
0.91
2.88
0.16
0.16
0.99
0.00
0.00
0.00
0.00
0.00
0.00
0.04
0.16
0.04
0.00
2.35
0.00
0.00
0.00
0.00
4.08
2.14
1.65
1.65
7.42
6.26
4.28
0.00
0.00
0.00
0.00
2.97
13.02
7.42
0.00
3.79
4.45
5.11
0.00
3.54
0.14
0.78
2.97
0.00
7.29
7.66
10.05
12.03
8.16
12.03
13.84
1.32
1.98
2.31
7.75
13.84
0.00
0.00
0.00
0.00
2.14
32.75
9.81
4.16
2.72
4.70
0.82
18.37
26.12
25.21
17.80
24.22
12.03
18.29
24.06
15.33
15.74
5.77
0.00
0.00
0.00
0.00
0.00
0.00
0.00
7.09
10.38
8.73
14.34
10.96
12.77
19.53
47.71
44.25
16.60
1.61
8.57
0.00
0.00
12.36
12.28
16.31
13.39
26.37
54.30
8.57
0.00
0.00
6.02
0.00
12.81
0.00
15.08
15.82
17.80
18.95
52.57
153.42
26.53
1.32
16.81
40.37
14.34
25.21
24.47
13.35
16.31
12.85
15.49
4.70
8.24
10.71
9.48
12.69
12.94
23.98
3.09
10.22
26.33
21.32
11.25
4.57
10.13
14.58
12.73
11.21
13.27
18.05
16.81
18.95
19.28
16.15
17.06
20.35
15.33
21.92
28.84
24.64
32.46
28.96
41.45
42.19
36.91
39.88
25.87
39.39
48.86
40.79
30.40
10.63
5.81
0.00
0.00
0.00
0.00
0.00
0.00
0.00
8.90
0.00
0.00
0.00
0.00
23.07
16.93
12.94
11.58
3.38
7.00
14.58
10.63
16.15
39.55
49.69
1.24
2.64
21.51
14.83
0.91
0.00
7.42
18.66
17.84
12.81
0.00
0.00
24.18
11.95
16.64
2.31
0.66
0.91
5.36
0.00
0.08
0.00
8.53
0.00
0.00
3.46
0.00
0.00
4.94
12.44
3.38
6.10
7.58
16.64
17.72
17.47
15.16
4.78
1.81
0.00
0.00
0.00
0.00
0.00
0.74
0.00
0.00
0.00
0.00
0.00
0.00
0.00
1.15
1.32
1.48
0.00
0.00
0.00
0.00
0.00
0.00
0.00
0.00
0.00
0.00
0.00
1.52
0.00
0.04
0.08
0.12
0.04
0.00
0.00
0.66
0.74
0.00
0.00
0.00
0.00
0.00
0.00
0.00
0.91
0.00
0.00
0.00
0.00
0.16
0.16
0.16
0.16
0.16
0.16
0.00
0.00
0.00
0.00
0.00
0.00
0.00
0.00
5.03
0.08
0.16
0.00
0.00
0.00
0.00
0.00
0.00
0.00
0.00
0.00
0.00
0.00
0.00
0.00
0.00
0.00
0.00
0.00
0.00
0.00
0.00
0.00
0.00
0.00
0.00
0.00
0.00
0.00
0.00
0.00
1.52
0.99
2.41
0.12
0.00
0.00
0.00
0.00
0.00
0.00
0.00
0.00
0.00
0.00
0.08
0.60
1.73
1.63
0.12
0.00
0.00
1.11
5.60
2.72
0.16
0.00
0.00
0.00
0.00
0.00
0.00
0.00
0.00
0.00
0.00
0.00
0.00
0.00
0.00
0.00
3.30
0.00
0.33
0.00
0.66
2.47
0.00
0.00
2.97
0.00
0.00
0.04
0.00
0.00
0.00
0.00
0.00
3.63
2.14
0.00
0.00
4.70
11.37
10.22
6.84
2.06
0.00
0.00
1.32
8.40
5.60
8.40
11.21
0.00
0.00
0.00
0.00
0.00
0.00
0.00
0.66
3.30
2.47
0.82
0.82
0.00
0.00
0.00
0.00
1.15
5.27
0.99
5.11
0.00
0.00
0.00
0.00
0.00
3.63
12.85
14.58
3.54
6.76
5.69
0.00
0.00
3.30
3.30
0.33
1.48
2.64
3.79
8.03
16.69
15.78
69.96
35.27
7.91
0.00
0.00
3.46
5.93
7.42
1.32
10.38
25.71
18.37
17.63
24.72
13.35
6.26
0.00
0.00
0.00
0.00
0.00
0.00
0.00
0.00
0.00
0.00
0.00
0.00
0.00
0.00
0.00
0.00
1.19
8.57
0.00
0.00
0.00
0.00
0.00
2.31
2.27
7.70
7.91
10.05
14.34
30.57
22.91
0.00
3.46
11.37
0.00
0.00
0.00
0.00
0.00
0.00
0.00
0.00
21.09
28.34
19.12
11.87
7.75
9.56
5.77
11.21
7.42
7.91
5.03
9.06
7.58
2.47
11.21
14.83
8.24
0.00
0.00
0.00
0.00
0.00
0.00
0.00
0.00
0.00
0.00
0.00
17.59
19.28
35.31
20.19
26.61
33.29
23.07
15.99
22.41
21.42
17.39
25.38
22.08
3.63
8.40
0.00
8.24
10.88
1.65
10.55
17.96
9.56
0.00
0.08
0.00
0.00
0.00
0.00
0.00
0.00
0.00
0.00
14.42
11.04
17.72
16.97
14.91
4.61
0.00
0.00
0.00
5.60
16.81
4.45
0.00
0.00
3.30
9.23
6.76
0.00
7.75
0.00
0.00
0.00
0.00
0.00
8.98
11.54
11.12
0.00
0.00
6.59
10.55
3.13
0.00
3.96
0.16
0.00
0.00
0.08
0.00
1.07
0.00
0.00
0.00
0.08
0.00
0.00
0.00
0.00
0.00
0.00
0.00
0.00
0.00
0.00
0.00
0.00
0.00
0.00
0.00
0.00
0.00
0.00
0.00
0.00
0.00
0.00
0.00
0.00
0.00
0.00
0.00
0.00
0.00
0.00
0.00
0.00
0.82
12.19
5.36
0.08
0.00
0.16
0.00
0.00
0.00
0.00
0.00
0.00
0.00
0.00
0.00
0.04
0.00
0.00
0.00
0.00
0.00
0.00
0.00
0.00
0.00
1.40
0.00
0.00
0.00
0.00
0.00
0.00
0.00
0.00
0.00
0.00
0.00
0.00
0.00
0.00
0.00
0.00
0.00
0.00
0.00
0.00
0.00
0.00
2.80
0.00
0.00
0.00
0.00
0.00
0.00
0.00
0.00
0.00
0.99
0.00
0.00
0.00
0.00
0.00
0.00
0.00
0.00
0.00
0.00
0.00
0.00
0.00
0.00
0.00
0.00
0.00
0.00
0.00
0.00
0.00
0.00
0.00
0.00
0.00
0.66
0.16
0.08
0.00
0.00
0.00
0.00
0.04
1.44
0.00
1.65
2.31
0.00
4.94
4.45
5.27
0.08
0.00
0.00
0.00
0.00
0.00
0.91
8.94
0.82
0.00
0.00
0.00
0.00
0.00
0.33
1.15
1.98
1.32
3.13
4.45
7.75
8.65
1.48
0.00
0.04
2.18
0.00
0.00
0.04
0.00
0.00
0.00
2.68
1.24
0.00
0.00
2.14
5.52
8.73
0.00
2.10
3.13
6.76
5.44
2.47
2.31
4.12
5.77
4.61
6.59
11.29
1.69
4.16
13.43
7.75
0.00
3.13
4.94
1.32
3.30
6.26
10.22
5.27
5.44
7.25
4.28
20.76
6.10
6.92
7.58
26.70
28.67
38.40
24.55
31.81
15.16
0.00
0.00
0.00
0.00
0.00
0.00
0.00
0.00
0.82
2.88
0.37
0.68
0.00
0.00
0.00
0.00
0.00
0.00
0.00
0.00
0.00
0.00
0.00
0.00
0.00
0.00
0.00
10.38
6.10
0.00
0.16
21.09
0.00
0.00
0.00
10.71
14.67
14.58
6.43
0.00
3.34
3.46
16.64
26.82
15.57
0.00
0.00
7.95
23.57
14.30
15.99
13.60
13.35
7.50
25.21
25.87
29.99
16.48
32.67
32.30
35.47
30.57
0.00
17.59
10.84
14.79
19.82
4.90
0.29
0.25
0.04
13.80
5.56
3.42
10.75
13.14
18.62
15.33
18.87
14.17
13.51
10.22
14.25
15.74
5.48
7.50
16.73
5.15
0.00
7.13
13.51
17.14
9.89
10.55
22.08
25.38
3.63
24.68
0.00
4.28
0.00
18.62
18.05
5.03
0.00
23.32
14.34
13.68
26.04
0.00
13.14
3.60
0.00
2.10
4.78
2.80
16.40
23.73
29.50
29.00
21.88
0.08
0.00
12.22
0.08
16.73
23.73
29.00
16.97
11.74
0.00
3.25
0.04
31.81
9.56
10.26
1.57
0.00
4.28
7.83
4.70
0.41
2.14
3.38
0.00
3.30
2.64
4.49
3.21
4.94
9.23
8.65
0.08
0.08
0.00
4.53
4.28
0.99
4.94
4.45
0.00
0.00
0.00
3.42
0.00
0.00
0.00
0.00
0.00
0.00
0.00
0.00
0.00
0.00
0.00
0.00
0.00
0.00
0.00
0.00
0.00
0.00
0.00
0.00
0.00
0.00
0.00
0.00
0.00
0.49
0.00
0.00
0.00
0.00
0.00
0.16
0.00
0.00
0.00
0.00
0.99
5.93
24.39
81.90
6.51
43.30
0.19
0.00
0.00
0.00
0.00
0.00
0.00
0.00
0.00
0.00
0.00
0.00
0.00
0.00
0.04
0.00
0.00
0.00
0.00
0.16
0.16
0.16
0.06
0.00
0.00
0.00
0.00
0.37
6.59
0.19
0.00
0.00
0.00
0.00
0.00
0.00
0.00
0.00
0.00
0.00
0.00
0.04
0.00
0.00
0.00
0.00
0.00
0.00
0.00
0.00
0.00
0.00
0.00
0.00
0.00
0.00
0.00
0.00
0.00
0.00
0.00
0.00
0.66
0.00
1.65
0.00
0.00
0.16
1.48
2.14
4.28
0.49
6.76
9.93
4.04
5.03
0.16
0.00
0.16
0.00
1.15
4.12
3.63
0.00
0.00
0.33
2.97
9.56
4.24
3.30
0.08
1.03
0.78
2.90
1.98
0.12
0.00
0.00
0.00
0.00
0.58
1.03
0.00
0.00
0.00
0.00
0.00
0.00
0.00
0.00
0.99
1.32
4.94
3.30
2.97
1.15
1.48
0.29
0.00
0.00
0.00
0.00
0.00
0.00
0.00
2.31
0.00
7.58
2.97
0.37
3.13
0.00
5.03
4.99
31.06
8.73
6.10
11.54
6.59
5.60
15.00
16.97
7.75
5.11
4.28
2.31
0.00
0.00
0.00
0.99
4.45
2.64
0.00
0.99
0.00
0.00
0.16
7.87
16.48
0.00
0.00
1.32
48.28
27.11
33.45
3.42
0.00
0.00
0.04
0.00
0.00
0.00
0.00
0.00
0.00
0.00
4.82
30.32
17.72
0.00
7.66
0.00
0.00
0.00
0.00
0.00
0.00
0.00
10.96
19.69
16.19
10.79
0.00
0.00
0.00
7.42
18.79
22.58
12.11
10.71
0.00
0.00
4.53
28.34
11.54
3.63
16.97
5.27
12.69
30.32
35.60
35.68
37.82
42.76
9.15
30.86
26.04
26.04
17.30
17.63
11.87
15.66
3.46
12.85
8.49
1.48
11.95
7.70
14.13
5.64
15.20
18.83
36.30
36.34
15.53
7.25
20.68
17.47
15.41
4.82
9.48
25.13
28.26
54.88
18.62
22.58
3.46
0.00
0.00
0.00
0.00
14.58
1.24
0.00
0.33
0.82
0.00
17.47
29.66
19.12
12.24
13.64
18.66
10.42
0.00
0.00
5.60
4.86
1.85
13.72
21.18
20.43
12.85
0.00
0.00
0.00
0.00
0.00
20.85
38.31
45.03
18.54
0.00
0.00
0.00
0.00
5.31
1.07
0.00
5.03
0.00
0.08
0.00
0.00
12.61
1.65
1.65
2.14
3.13
2.72
0.00
0.00
0.00
0.00
0.00
0.00
0.00
0.08
0.16
0.00
0.00
0.00
0.00
0.00
0.00
0.00
0.00
0.00
0.00
0.00
0.00
0.00
0.00
0.00
0.16
2.47
0.08
0.00
0.00
0.00
0.00
0.00
0.00
0.00
0.00
0.00
0.00
0.00
0.00
0.00
0.00
0.00
0.00
0.00
0.00
0.00
0.00
0.00
0.00
0.00
1.81
0.00
0.00
0.00
0.00
0.00
0.00
0.00
0.00
0.00
0.00
0.00
0.00
0.00
0.49
0.16
0.00
0.00
0.00
0.91
0.00
0.00
0.00
0.00
0.00
0.00
0.00
0.00
0.00
0.00
0.00
0.00
0.00
0.00
0.00
0.00
0.00
0.00
0.00
0.00
0.00
0.00
0.00
0.00
0.00
0.21
0.00
0.00
0.00
0.00
0.00
0.00
0.00
0.00
0.00
0.00
6.10
3.71
3.13
0.16
0.00
0.00
0.00
0.00
0.00
0.00
0.00
0.00
0.00
0.00
0.00
0.00
0.00
0.00
0.00
0.00
0.00
0.00
0.00
0.08
0.00
0.33
1.48
6.76
0.16
0.08
0.00
0.00
0.00
0.02
0.04
0.02
0.04
0.00
0.00
0.49
2.64
0.58
1.81
0.21
0.04
0.45
1.73
1.81
0.00
0.00
0.16
0.00
0.00
0.00
0.00
0.00
0.00
1.40
0.00
0.00
0.00
0.00
0.00
0.00
0.00
0.00
0.00
0.00
4.78
8.57
5.27
4.78
22.25
18.79
4.61
5.95
4.08
7.66
4.37
8.94
5.11
3.13
0.08
0.00
2.14
4.53
2.66
2.14
6.34
4.00
3.63
4.57
0.33
0.00
3.96
4.78
0.99
0.00
6.10
2.47
3.30
5.44
2.80
0.00
0.00
2.14
0.49
2.55
11.45
0.00
3.79
1.48
0.00
0.00
0.00
0.00
8.40
56.36
16.97
21.34
11.21
20.43
16.15
2.88
24.47
17.84
16.73
27.77
2.84
0.00
9.48
12.77
8.94
6.84
0.00
0.00
0.00
6.76
9.48
0.00
0.00
0.00
0.00
0.00
4.41
12.69
21.42
12.73
7.79
0.00
15.66
13.68
5.11
9.97
15.45
14.79
0.00
0.00
10.38
14.58
10.88
22.16
22.49
13.60
19.08
15.74
30.16
21.18
12.19
15.33
19.45
26.70
8.73
7.09
0.00
6.90
0.00
0.00
0.00
4.28
8.49
6.43
14.50
21.75
12.48
5.40
6.84
4.04
11.29
7.21
25.63
13.76
19.69
13.88
14.58
18.46
15.33
22.66
13.02
22.66
13.84
9.72
14.25
11.41
4.37
16.73
46.55
17.96
24.06
19.36
13.84
30.24
46.18
36.83
36.96
25.13
30.98
23.07
27.69
22.66
19.12
4.94
17.72
5.27
15.08
16.31
6.18
0.00
14.25
19.53
26.28
18.46
4.66
0.00
7.68
3.79
20.31
18.21
17.47
0.00
0.00
0.00
10.13
3.25
0.00
1.57
9.72
0.00
0.00
15.78
10.55
11.37
0.00
0.00
1.63
4.24
11.56
1.57
5.40
3.54
4.74
6.02
0.00
0.00
0.00
0.00
5.93
4.16
2.31
0.00
0.00
0.66
19.28
11.70
14.83
1.81
0.00
0.00
0.00
0.00
0.00
0.00
0.00
0.00
0.00
0.00
0.49
0.87
0.00
0.00
0.00
0.12
0.12
0.16
0.16
0.00
0.00
0.00
0.00
0.00
0.00
0.00
0.00
0.00
0.00
0.00
0.00
0.00
0.49
0.00
0.00
0.00
0.00
0.00
0.00
0.00
0.00
0.00
0.00
0.00
0.00
0.00
0.00
0.00
0.00
0.00
0.00
0.00
0.00
0.00
0.00
0.00
0.00
0.00
0.00
0.00
0.00
0.00
0.00
0.00
0.00
0.00
0.00
0.00
0.00
0.00
0.00
0.00
0.00
0.00
0.00
0.00
0.00
0.00
0.00
0.00
0.00
0.00
0.00
0.00
0.00
0.00
0.00
0.08
0.00
0.00
0.00
0.00
0.00
0.00
0.00
0.00
0.00
0.00
0.00
0.00
0.00
0.00
0.00
0.00
0.00
0.00
0.00
0.00
0.00
0.00
1.65
0.00
0.16
0.08
0.00
0.00
0.08
0.25
0.08
0.00
0.00
0.00
0.00
0.00
0.00
0.00
0.00
0.00
0.00
0.00
1.15
0.08
0.02
0.00
6.22
10.09
8.55
9.10
0.00
0.00
0.00
0.00
0.00
0.00
3.21
0.82
4.70
0.12
0.66
2.31
0.00
0.00
0.00
0.00
0.00
0.00
28.67
4.78
4.45
0.00
3.30
0.00
0.00
0.00
0.00
0.00
11.21
12.03
5.44
2.64
0.00
3.30
0.99
6.59
5.60
2.47
2.14
0.00
0.16
1.81
4.45
4.45
0.00
0.00
0.00
1.77
10.71
16.64
4.63
8.78
0.00
0.00
0.00
0.00
0.00
0.00
0.33
1.48
2.64
0.91
0.00
2.64
0.00
0.00
0.00
4.94
28.59
38.89
31.68
37.78
15.57
8.90
1.94
5.11
0.06
0.00
0.00
0.00
0.00
0.00
0.00
0.00
0.00
0.00
0.00
1.48
0.82
8.57
4.20
6.59
0.00
0.00
4.78
5.44
0.00
0.00
1.98
22.25
11.74
13.10
7.21
9.35
14.71
17.26
12.32
13.68
32.96
17.88
26.04
26.04
9.81
3.50
5.60
0.00
0.00
0.00
0.00
0.00
6.84
9.31
23.36
16.69
19.69
21.75
7.42
12.36
9.56
0.00
1.81
3.46
9.89
11.04
10.22
5.27
8.73
16.27
0.00
0.00
0.00
12.36
15.00
13.51
14.67
11.87
10.38
29.05
19.94
33.82
35.27
19.65
4.45
14.01
6.92
14.79
0.00
0.00
5.85
0.00
0.00
0.00
0.00
0.00
8.82
19.78
8.94
0.00
0.00
0.00
0.00
18.46
0.00
13.64
19.78
6.26
0.00
8.61
12.52
9.15
4.82
0.00
0.00
0.00
0.00
5.60
9.89
10.71
13.68
23.90
17.14
10.13
7.91
17.47
4.57
6.34
13.43
15.70
4.82
1.94
7.04
0.00
9.72
15.28
13.43
9.06
0.00
0.00
0.00
5.27
0.00
0.00
0.00
0.00
0.00
0.00
0.82
0.00
0.00
19.78
17.80
10.71
6.59
9.39
14.83
26.53
5.93
5.27
0.08
0.00
0.00
0.99
2.80
15.45
0.74
0.00
0.00
0.00
0.00
0.00
2.14
6.43
8.90
6.67
0.08
0.00
0.00
0.00
0.00
0.00
0.00
0.00
0.00
0.00
0.00
0.00
0.00
2.31
0.16
0.00
0.00
0.00
0.00
0.00
0.00
0.00
0.00
0.00
0.00
0.00
1.48
0.00
0.00
0.16
0.16
0.00
0.00
0.00
0.00
0.00
0.00
0.00
0.08
0.00
0.10
0.08
0.00
0.08
0.00
0.00
0.00
0.00
0.00
0.00
0.00
0.00
0.00
0.00
0.00
0.00
0.25
0.00
0.00
0.00
0.00
0.00
0.00
0.00
0.00
0.00
0.00
0.00
0.00
0.00
0.00
0.00
0.00
0.00
0.00
0.00
0.00
0.00
0.00
0.00
0.00
0.00
0.00
0.00
1.07
0.00
0.00
0.00
0.00
0.00
0.00
0.00
0.00
1.32
0.16
0.00
0.00
0.00
0.02
0.21
2.49
1.19
0.04
4.41
0.99
0.08
0.08
0.00
1.07
1.48
0.00
0.00
0.00
0.00
0.00
0.00
0.33
4.70
0.37
0.04
1.69
1.65
4.33
5.11
0.16
0.00
7.42
0.00
0.16
0.00
0.00
0.00
0.00
0.00
0.00
0.00
0.00
0.00
0.00
0.00
0.25
0.00
0.66
1.98
2.97
3.30
0.99
1.98
3.63
4.28
2.80
0.00
0.00
0.00
0.00
0.00
0.00
0.00
0.00
0.99
5.27
3.46
5.11
6.10
5.93
15.99
11.70
11.70
3.13
3.30
6.26
18.54
28.18
17.80
12.36
6.59
4.70
4.61
4.66
6.76
10.42
0.00
0.00
0.00
3.46
11.04
11.70
0.00
0.00
0.00
0.00
0.00
4.57
4.45
0.00
0.00
0.00
0.00
0.00
0.04
8.28
11.95
15.08
11.04
34.69
42.39
81.94
92.29
51.75
22.41
39.22
38.56
4.12
0.16
0.00
0.00
3.30
4.61
11.45
7.25
10.46
0.00
12.19
9.72
6.10
10.38
11.04
11.21
14.83
10.88
17.96
15.66
9.56
1.40
7.00
6.02
8.07
14.34
4.53
0.00
0.00
0.00
0.00
0.00
0.00
9.89
0.00
0.82
2.80
0.00
0.00
0.58
2.14
8.16
7.54
15.90
16.85
25.34
25.75
11.08
12.85
0.00
0.00
0.00
0.00
0.00
0.00
0.00
0.00
0.00
0.00
0.00
0.00
0.00
5.19
15.28
22.08
9.35
0.00
0.00
0.25
5.03
24.88
18.95
9.81
5.69
5.89
7.54
18.54
26.37
32.46
41.36
52.90
52.49
1.69
0.04
12.94
21.84
20.81
5.81
5.15
0.00
0.00
0.00
0.00
0.00
13.27
0.00
0.00
0.00
0.00
0.00
0.00
6.10
15.00
18.70
23.07
12.03
0.00
0.00
0.00
0.00
0.00
0.00
0.00
0.00
0.00
0.91
0.00
0.00
0.00
0.00
1.48
0.49
12.44
19.69
23.57
0.16
0.00
0.00
0.00
12.69
21.01
19.73
25.54
7.99
0.04
2.72
13.60
21.09
0.82
16.81
19.45
6.51
0.00
0.00
0.16
0.08
0.12
0.19
0.16
0.25
0.16
0.33
0.16
0.16
0.16
0.25
0.08
0.04
0.00
0.00
0.00
0.00
5.69
0.00
0.00
0.00
0.00
0.00
0.00
0.00
0.00
0.00
0.00
0.00
0.00
0.00
0.00
0.08
0.16
0.00
0.00
0.00
0.00
0.00
0.00
0.00
0.00
0.08
0.16
0.00
0.00
0.16
0.08
0.00
0.00
0.00
0.00
0.00
0.00
0.00
0.00
0.00
0.00
0.00
0.00
0.00
0.04
0.00
0.04
0.00
0.00
0.00
0.00
0.00
0.00
0.00
0.00
0.00
0.00
0.00
0.00
0.00
0.00
0.00
0.00
0.00
0.00
0.00
0.00
0.08
0.99
0.16
0.16
2.47
0.08
0.00
0.00
0.00
0.00
0.00
0.00
0.00
0.00
0.00
0.00
0.00
0.00
0.00
0.00
0.00
0.00
0.00
0.00
0.00
0.00
0.00
2.55
0.00
5.44
0.00
0.00
0.00
1.03
0.00
0.00
1.07
0.08
0.16
0.00
0.00
2.47
0.08
0.00
0.00
0.00
1.48
2.31
2.02
1.73
4.12
9.56
12.69
14.91
3.30
0.00
3.46
2.14
12.94
14.25
20.78
24.39
12.85
8.65
4.59
2.08
3.07
5.97
3.42
5.58
3.54
0.82
2.08
3.77
5.40
4.94
10.63
14.42
4.12
0.00
2.88
11.95
6.76
10.13
7.91
6.43
8.40
3.96
4.28
4.20
2.72
8.16
1.81
0.00
6.59
4.28
0.66
6.26
8.90
8.57
9.89
4.28
5.60
0.49
1.98
1.32
7.25
15.00
11.87
33.29
32.46
26.86
23.40
26.04
23.90
27.60
10.55
3.13
5.60
3.79
0.00
4.94
0.00
0.00
0.00
0.00
0.00
0.00
0.00
0.00
0.00
8.16
12.61
10.22
0.00
0.00
0.00
8.07
13.35
11.95
13.18
12.69
18.29
20.76
11.70
11.87
12.85
9.19
9.56
43.75
112.47
146.09
5.19
5.69
9.89
10.88
5.07
8.32
13.84
28.02
21.30
28.88
19.94
12.57
19.20
22.91
7.00
13.80
15.90
12.52
9.39
15.99
4.94
9.72
12.52
29.42
48.41
51.91
40.37
31.15
16.73
35.02
2.64
12.57
17.18
20.60
30.32
40.66
40.17
29.99
5.97
16.31
0.00
0.00
0.00
0.00
0.00
0.00
0.00
5.69
6.63
10.05
10.88
14.46
16.03
26.41
18.54
31.23
10.51
16.69
19.61
13.84
11.04
15.06
11.82
27.60
16.73
19.78
4.37
13.80
11.25
22.00
22.66
16.81
18.70
11.04
11.54
2.64
11.04
0.00
12.69
19.12
23.90
0.00
0.00
17.30
15.33
24.06
17.06
20.60
15.90
0.00
18.13
8.82
7.62
15.41
6.26
3.91
7.91
2.80
9.89
19.28
7.87
2.72
3.67
3.17
9.81
10.26
0.04
0.00
0.00
0.00
0.00
4.94
11.66
9.50
0.00
0.00
0.00
0.00
0.00
0.00
0.00
0.00
0.08
0.08
0.08
0.00
0.16
0.16
0.25
0.16
0.00
0.08
0.00
0.16
0.00
0.49
57.27
24.06
27.31
2.06
0.08
0.02
0.00
0.04
0.00
1.65
0.00
0.00
0.04
0.04
0.00
0.08
0.04
0.00
0.08
0.16
0.16
0.16
0.23
0.14
0.02
1.32
1.81
0.74
0.16
0.00
0.21
0.25
0.10
0.12
0.08
0.12
0.12
0.12
0.04
0.00
0.00
0.04
0.08
0.08
0.00
0.16
0.08
0.00
0.00
0.00
0.00
0.00
0.00
0.00
0.00
0.00
0.00
0.00
0.00
0.00
0.91
0.82
0.08
0.00
0.00
0.00
0.00
0.00
0.00
0.00
0.00
0.00
0.00
0.00
0.00
0.00
0.00
0.00
0.00
0.00
0.00
0.00
0.00
0.00
0.00
0.00
0.00
2.35
0.00
2.64
6.18
3.46
0.00
0.08
0.00
5.69
0.08
3.30
5.03
6.18
0.00
0.00
0.00
0.00
0.82
1.32
0.00
0.00
0.00
1.19
3.87
2.37
0.00
0.00
0.00
0.00
0.00
0.04
0.04
0.00
0.49
0.00
0.00
0.00
0.00
0.00
0.00
0.49
0.33
0.66
0.00
4.61
6.59
2.97
2.14
6.10
3.96
3.96
4.28
0.00
0.33
0.00
2.06
1.15
0.00
0.00
0.00
0.00
1.15
1.98
1.32
0.00
0.00
0.00
0.00
2.22
5.60
17.14
11.87
2.97
3.63
3.63
10.05
17.47
5.93
8.73
2.31
10.88
29.99
12.03
2.64
11.21
5.60
26.20
0.49
8.24
18.13
29.33
22.41
16.64
9.39
14.50
8.32
6.10
0.00
0.00
18.95
14.50
14.17
0.00
0.00
0.00
0.00
0.00
11.70
13.31
0.00
0.00
0.00
31.39
23.24
34.28
36.42
16.97
25.54
13.18
6.76
0.00
3.01
0.00
0.00
0.00
4.86
9.72
9.72
3.63
5.93
0.00
14.50
26.53
6.26
0.00
0.00
0.00
0.00
0.00
0.00
0.00
1.15
59.16
76.84
25.09
16.19
3.87
0.04
1.44
18.37
26.99
55.21
26.20
24.72
29.00
11.70
5.93
8.24
5.11
11.70
11.70
9.39
4.45
3.96
6.02
23.81
18.62
9.72
0.00
0.00
0.00
0.00
7.87
9.81
8.98
16.73
23.90
12.52
8.07
6.59
5.77
0.00
0.00
0.00
0.00
0.00
0.00
0.00
11.37
23.40
31.31
0.00
0.00
0.00
0.00
0.00
0.00
0.00
3.13
26.00
24.68
12.81
14.01
14.05
6.51
9.60
0.00
6.47
18.50
0.00
0.00
6.02
0.00
0.00
0.00
14.67
18.62
10.88
17.96
16.64
14.01
2.80
2.97
22.08
0.00
0.00
0.00
17.80
19.45
0.00
3.13
0.00
0.00
0.00
0.00
0.00
0.00
0.00
0.00
0.00
0.00
0.82
0.08
2.47
1.32
0.16
0.00
0.16
3.30
0.00
0.00
0.00
0.00
0.00
0.00
0.00
0.00
0.00
0.00
0.00
0.00
0.00
0.00
0.00
0.00
0.00
0.00
0.00
0.00
0.00
0.00
0.00
0.00
0.00
2.64
0.00
3.96
0.16
0.00
0.00
0.00
0.00
0.00
0.00
0.00
0.00
0.00
0.00
0.00
0.00
0.00
0.00
2.64
0.00
0.00
0.00
0.00
0.00
0.00
0.00
0.00
0.00
0.00
0.00
0.00
0.00
0.00
0.00
0.00
0.00
0.00
0.00
0.00
0.00
0.00
0.00
0.00
0.00
0.41
0.00
0.00
0.00
0.00
0.00
0.00
0.00
0.00
0.00
0.00
0.00
0.00
0.00
0.00
0.00
0.00
0.00
0.00
0.00
0.00
0.00
0.00
0.00
0.00
0.00
0.00
2.06
2.47
1.73
2.47
2.31
3.38
0.49
3.87
0.41
4.94
1.48
5.11
6.92
3.21
0.00
0.00
0.00
0.00
0.08
0.21
0.08
1.77
0.08
0.00
0.00
4.28
6.76
0.00
0.00
0.00
0.00
0.00
1.24
0.16
2.97
1.81
0.82
0.00
2.31
0.00
0.00
2.06
10.88
10.88
7.42
4.61
1.65
1.32
4.78
4.12
0.00
0.00
5.93
8.73
0.16
0.00
0.00
3.63
1.65
0.00
1.15
1.81
1.90
5.11
0.00
1.48
2.64
4.37
3.46
11.04
17.80
25.30
7.58
3.96
2.47
0.00
0.82
3.13
3.30
2.64
3.13
0.00
0.00
0.00
1.90
3.54
2.80
4.45
1.81
0.66
2.80
0.66
0.00
1.98
13.84
16.64
14.83
31.64
9.72
5.77
20.10
4.61
10.88
3.96
3.79
49.19
13.02
2.97
4.61
4.45
9.89
4.61
9.81
6.43
2.64
5.93
4.53
13.51
31.48
36.17
49.93
32.96
17.96
4.28
10.38
11.21
4.04
18.70
12.61
13.43
37.24
6.26
18.79
23.24
10.71
2.64
3.13
0.00
0.00
0.00
0.00
0.00
3.05
19.73
12.36
0.00
0.00
13.39
18.00
12.03
0.00
0.00
0.00
0.00
0.00
0.00
0.00
0.00
0.00
0.00
0.00
0.00
0.00
0.00
0.00
0.00
0.00
0.00
0.00
0.00
0.00
0.00
0.00
0.00
0.00
0.00
0.00
11.87
22.82
38.07
22.58
30.24
27.03
21.09
0.00
0.00
6.43
14.34
11.41
6.47
5.60
10.71
12.94
14.09
17.63
3.63
0.00
0.00
0.00
11.21
20.93
7.09
0.00
0.00
0.00
0.00
0.00
0.00
12.36
0.00
20.93
8.90
18.37
8.07
6.84
5.93
0.00
0.00
10.13
5.19
4.37
4.61
0.00
0.00
11.95
6.18
5.85
12.03
0.00
0.00
0.00
1.65
0.00
0.00
0.00
8.90
4.45
0.00
25.96
19.28
15.74
21.05
13.97
14.38
13.76
32.05
31.89
5.73
0.08
0.16
0.00
0.00
0.00
0.00
0.00
0.00
0.00
0.00
3.21
6.92
5.85
2.31
2.14
0.00
0.00
0.00
0.00
0.00
0.00
0.49
2.55
0.08
0.00
0.00
0.00
0.00
23.36
23.81
19.45
57.02
32.14
0.16
0.04
0.16
0.08
0.02
0.00
0.04
0.06
0.16
0.12
0.16
0.25
0.16
0.16
0.16
0.21
0.16
0.21
0.16
0.04
0.08
0.00
0.00
0.16
0.25
0.08
0.16
0.16
0.16
0.16
0.16
0.16
0.16
0.16
0.33
0.33
0.16
0.16
0.16
0.16
0.16
0.16
0.00
0.00
0.00
0.00
0.00
0.00
0.00
1.40
0.00
0.16
0.16
0.16
0.16
0.16
0.16
0.16
0.16
0.00
0.00
0.00
0.00
0.00
0.00
0.00
0.00
0.00
0.00
0.00
0.00
0.00
0.00
0.00
0.00
0.00
0.00
0.00
0.00
0.00
0.00
0.00
0.00
0.00
0.00
0.00
0.00
0.00
0.00
0.49
2.06
30.57
3.38
0.00
0.00
0.00
0.00
0.00
0.16
0.16
2.55
0.70
0.33
0.00
0.08
1.77
3.07
0.00
2.06
0.00
0.00
0.25
0.00
0.00
0.00
0.00
0.00
0.00
0.00
0.06
0.04
0.00
0.00
3.42
7.99
15.78
25.96
0.00
0.10
5.27
2.10
3.21
12.07
0.33
0.10
0.00
0.00
0.00
0.00
0.00
0.00
0.00
0.99
0.49
4.45
0.00
2.64
0.04
0.00
0.04
0.00
0.00
0.00
0.00
0.00
0.00
0.12
0.41
2.88
2.64
2.31
2.47
0.66
2.31
2.14
0.00
0.00
0.00
0.00
0.00
5.60
9.89
6.43
12.85
6.84
1.11
0.00
0.00
0.00
0.00
7.04
26.74
21.09
7.58
8.73
6.26
7.58
4.12
4.28
12.85
10.71
17.80
17.06
18.62
1.81
11.21
17.80
13.18
15.99
12.52
2.14
3.13
2.64
8.49
6.72
0.00
0.00
0.00
0.00
0.00
0.00
0.00
0.00
0.00
0.00
0.00
0.00
0.00
0.00
0.00
0.00
14.63
20.85
14.34
12.11
15.20
17.88
13.18
10.71
14.67
11.87
6.59
3.13
18.54
15.57
12.36
0.00
0.00
9.23
0.00
7.75
12.85
14.50
12.85
19.28
10.71
5.36
2.64
1.81
5.27
0.00
8.73
6.51
7.46
5.31
7.17
15.82
8.16
0.00
0.00
2.84
0.82
15.99
5.93
0.00
29.75
19.86
18.95
16.85
14.54
20.76
11.29
11.37
17.30
12.24
2.35
11.00
7.83
0.00
0.00
1.48
11.54
0.00
5.85
0.00
0.00
11.99
3.67
16.19
8.86
8.82
11.78
4.61
0.00
0.00
0.00
14.09
25.58
13.35
19.94
12.11
12.26
18.64
11.33
19.03
8.94
15.33
9.97
24.27
19.08
10.55
11.41
0.00
17.47
12.32
0.00
0.00
0.00
0.00
0.00
0.16
16.31
12.52
13.18
0.00
0.00
0.00
0.00
13.35
19.36
11.45
11.70
4.45
16.31
10.46
1.90
0.00
0.00
0.16
15.66
10.46
0.00
0.00
0.00
0.00
3.96
0.00
6.76
14.83
12.65
9.27
7.29
15.41
16.73
15.04
12.52
20.10
13.10
12.11
7.42
2.55
1.98
0.00
0.00
0.00
0.00
0.00
0.49
0.00
0.00
0.00
0.00
0.00
0.00
0.00
0.25
0.82
20.27
27.11
17.88
0.66
0.00
0.00
0.00
0.00
0.00
0.00
0.00
0.16
0.33
0.33
0.33
0.25
0.08
0.00
0.00
0.49
0.00
0.00
6.67
0.08
11.70
0.08
0.00
0.04
0.25
0.08
0.00
0.00
0.08
0.08
0.00
0.29
1.57
3.30
0.72
0.02
0.21
0.35
0.12
0.16
0.25
0.16
0.12
0.12
0.00
0.00
0.00
0.00
0.00
9.15
3.42
0.00
0.08
0.00
0.16
0.16
0.16
0.08
0.16
0.00
0.16
0.00
0.00
0.16
0.16
0.00
0.00
0.00
1.57
110.17
12.03
0.06
0.00
0.00
0.00
0.00
0.00
0.00
0.00
0.00
0.00
0.00
0.00
0.00
0.00
0.00
0.00
0.00
1.65
0.00
0.00
0.00
0.00
0.33
0.00
0.00
0.00
0.00
0.00
0.00
0.00
0.00
0.00
0.00
0.99
0.33
0.00
0.00
0.00
0.00
0.00
0.00
0.00
2.39
3.21
0.08
0.08
3.96
1.98
15.24
1.57
7.91
4.70
0.00
0.00
0.00
0.00
0.00
0.00
0.00
0.00
0.00
0.16
6.10
4.12
3.79
1.65
3.96
3.63
0.00
0.00
0.00
0.00
0.33
7.09
7.75
6.10
9.23
15.99
2.64
6.59
14.34
3.63
8.57
1.57
4.28
0.00
0.00
0.00
0.00
4.28
2.31
3.46
0.00
0.00
0.00
1.57
6.43
4.53
5.93
4.04
6.26
0.00
0.00
1.11
0.00
0.00
0.00
7.83
1.40
0.00
0.66
1.65
48.61
15.66
16.31
13.10
27.89
12.94
4.86
0.00
0.00
0.00
0.00
9.43
0.00
0.00
0.00
0.00
0.00
3.25
7.75
15.82
32.42
18.13
11.70
9.19
11.33
0.00
0.00
0.00
7.91
0.00
0.00
0.00
0.00
0.00
8.07
0.00
17.14
21.46
21.63
12.98
4.61
10.13
0.00
0.00
0.00
0.00
3.96
9.06
12.28
7.75
13.06
35.02
69.87
84.62
105.47
79.27
105.47
83.06
26.12
8.12
10.01
7.66
6.84
4.33
0.00
0.04
0.00
0.04
0.00
0.00
0.00
0.00
0.16
0.21
0.00
4.04
4.53
0.00
0.16
0.12
18.99
30.57
10.67
0.00
0.00
0.00
1.90
0.00
0.00
3.05
2.60
8.57
22.58
30.03
16.23
5.27
0.00
0.00
2.97
0.00
0.00
0.00
18.62
2.97
13.76
20.48
4.86
0.00
7.83
26.70
27.81
18.70
0.00
38.03
27.85
20.93
0.00
10.05
11.54
0.00
0.00
14.42
0.00
1.57
20.10
13.84
20.76
32.96
11.54
0.00
16.31
14.67
15.66
14.50
0.16
0.00
2.14
0.00
0.00
0.00
0.00
0.00
0.00
0.00
0.00
6.84
6.43
5.44
9.56
0.00
0.00
0.00
0.00
0.00
10.13
0.49
0.00
2.64
33.87
0.00
0.00
0.54
8.32
0.00
0.00
0.00
3.79
0.00
0.00
0.00
0.00
8.57
0.00
0.00
0.00
0.00
0.49
0.82
0.04
0.00
0.00
0.00
0.00
0.00
0.00
0.00
0.00
0.00
0.16
0.08
3.63
0.00
0.00
0.00
0.33
0.00
0.00
0.00
0.00
0.00
0.00
0.08
0.16
0.16
0.16
0.12
0.16
0.16
0.12
0.12
0.08
0.00
0.08
0.00
0.08
0.12
0.08
0.00
0.00
0.08
0.00
0.08
0.00
0.00
0.08
0.00
0.00
0.00
0.00
12.19
38.81
3.30
0.12
0.00
0.00
0.00
0.00
0.00
0.00
0.00
0.00
0.00
0.00
0.00
0.00
0.00
0.00
0.00
0.00
0.16
0.00
0.00
0.00
1.22
0.00
0.00
0.00
0.00
0.00
0.00
0.00
0.00
0.00
0.00
0.00
0.00
0.00
0.00
0.00
0.00
0.00
0.00
0.00
0.00
0.00
0.00
0.00
0.00
0.00
0.00
0.00
0.00
0.00
0.00
0.00
2.66
7.09
2.74
0.70
0.04
3.13
0.49
7.58
3.79
12.28
18.87
18.95
13.51
1.69
0.00
1.11
5.81
4.82
7.17
3.56
4.31
3.11
0.82
0.00
0.00
0.00
3.83
5.73
5.73
3.75
4.08
6.47
5.77
0.00
0.00
2.31
1.73
0.00
0.00
0.00
0.00
0.00
1.98
2.64
0.99
0.49
0.91
2.47
3.46
2.14
0.25
1.98
2.31
3.30
6.92
25.21
19.12
0.00
0.00
0.00
0.33
3.13
8.40
6.84
5.19
3.30
0.99
2.31
7.25
3.63
2.97
0.00
0.00
3.96
3.46
5.93
3.13
5.93
2.80
8.73
4.12
24.55
22.25
0.00
0.00
0.00
0.00
0.00
0.00
0.04
0.00
0.00
0.00
0.00
0.00
0.16
2.55
0.00
6.26
0.00
0.00
0.00
24.22
39.06
36.96
31.64
16.48
13.47
20.89
5.77
9.39
3.30
0.00
8.90
0.00
8.28
0.00
13.97
8.73
0.00
0.00
0.00
0.00
5.52
0.00
0.00
0.00
0.00
2.80
10.38
0.00
0.00
0.00
2.31
2.55
0.00
0.00
0.00
0.00
0.00
0.00
0.00
0.00
6.30
18.13
29.91
19.28
15.99
18.17
27.11
16.48
28.26
35.60
14.63
13.60
16.85
6.39
30.16
22.99
17.47
29.50
33.62
19.61
23.24
18.95
13.18
5.11
4.45
0.00
0.00
0.00
0.25
0.00
12.03
13.84
10.71
23.73
13.84
21.84
13.18
17.63
17.14
7.37
4.70
9.10
17.88
11.99
0.00
0.00
0.00
0.00
0.00
0.00
0.00
22.66
26.24
8.53
16.73
13.97
14.75
7.62
0.04
0.00
0.00
0.00
19.45
12.69
2.97
0.25
8.82
11.04
15.00
16.31
21.42
2.80
12.94
23.07
11.29
14.83
25.96
16.93
9.48
0.99
8.03
8.98
6.26
0.00
1.61
1.73
0.66
0.00
0.00
0.00
0.58
3.30
9.35
42.27
12.19
0.04
0.00
0.00
0.00
0.00
0.00
0.00
0.00
0.00
0.00
0.00
0.00
0.00
0.00
0.00
0.00
0.00
0.00
0.00
0.00
0.00
0.00
0.00
0.82
1.48
6.92
1.07
0.00
0.16
1.81
0.00
0.00
0.00
0.00
0.00
1.48
1.40
3.46
0.00
0.00
0.00
0.08
0.00
0.00
0.08
0.16
0.16
0.00
0.00
0.00
0.00
0.12
0.12
0.16
0.16
0.16
0.00
0.00
0.00
0.00
0.00
0.00
0.00
0.00
0.00
0.00
0.00
0.00
0.00
2.47
33.45
0.00
0.08
0.00
0.00
0.00
0.00
0.00
0.00
0.00
0.00
0.00
0.00
0.10
0.00
0.00
0.00
0.00
0.00
0.00
0.00
0.00
0.00
0.00
0.00
0.00
0.00
0.00
0.00
0.00
0.00
0.00
0.00
0.00
0.00
0.04
0.12
0.00
0.00
0.00
0.00
0.00
0.00
0.00
0.00
0.49
2.80
0.49
0.00
0.00
0.00
0.00
0.00
0.00
0.00
0.00
0.00
0.00
0.25
0.00
0.00
0.00
0.00
0.00
0.00
0.00
0.00
0.00
0.00
0.49
3.05
5.44
10.38
2.14
0.00
6.02
0.25
6.84
4.61
2.14
18.66
7.91
3.46
1.48
2.97
5.69
0.58
0.41
1.48
18.87
4.33
1.77
0.00
0.00
3.71
5.19
0.00
0.00
0.00
0.00
0.00
1.48
0.00
0.00
0.00
0.00
3.05
1.67
5.31
15.04
6.80
4.04
0.00
0.00
0.00
0.00
2.72
8.24
2.97
8.24
3.96
5.93
3.13
5.27
7.13
10.22
3.67
5.66
9.97
2.88
8.07
30.90
37.41
34.19
29.17
20.93
10.71
0.00
0.00
0.00
27.19
1.65
0.00
0.00
0.00
8.73
16.15
21.75
16.97
11.95
10.22
12.19
0.00
0.00
0.00
0.00
0.00
0.00
4.61
0.33
2.47
0.00
20.02
13.68
3.63
0.00
11.04
15.90
0.00
0.00
10.79
5.77
6.18
0.00
0.00
13.93
21.96
17.84
10.71
14.71
22.16
7.29
17.76
24.39
23.48
23.73
20.43
16.60
6.51
15.70
7.62
9.89
4.82
9.10
28.14
17.51
18.00
11.49
3.17
3.13
5.36
1.57
19.57
10.88
4.24
12.44
43.18
55.91
71.11
16.36
32.34
24.76
16.48
15.57
12.61
17.96
15.24
5.69
7.33
6.67
17.30
6.92
7.50
15.12
27.07
39.30
13.93
12.98
22.16
33.54
26.99
12.44
5.19
16.89
21.01
48.20
13.68
4.45
7.42
0.00
0.00
0.00
0.00
0.00
14.79
16.89
21.59
7.99
1.98
12.36
21.75
12.69
9.72
3.87
17.14
7.17
8.28
12.57
14.67
7.62
4.90
8.69
13.14
7.70
0.00
0.00
0.00
0.00
17.88
16.97
20.39
23.81
0.00
0.00
4.24
10.42
0.00
4.00
0.00
12.52
16.56
7.50
7.42
7.42
0.00
2.72
6.59
4.86
3.13
2.97
1.32
0.00
0.00
0.00
0.00
0.00
0.00
0.00
0.00
0.00
0.00
0.00
4.08
3.30
10.46
7.83
6.26
3.54
6.26
0.00
0.00
0.12
1.19
0.47
0.00
0.00
0.00
0.00
0.08
0.00
0.00
0.00
0.00
0.00
0.00
11.29
0.08
9.43
0.00
0.00
0.04
0.00
0.00
0.00
0.16
0.00
0.00
0.00
0.00
0.00
0.00
0.16
0.04
0.08
0.04
0.08
0.04
0.00
0.00
0.00
0.00
0.16
0.00
0.25
0.08
0.00
0.00
3.63
0.16
0.00
0.00
0.00
0.00
1.98
5.93
0.33
0.08
0.70
8.40
0.00
0.08
0.04
0.00
0.00
0.00
0.08
0.08
0.00
0.29
1.98
0.08
0.00
0.00
0.00
0.00
0.00
0.00
0.00
0.00
0.00
0.00
0.00
1.15
2.31
0.33
0.66
3.96
2.31
2.80
0.16
0.00
2.12
0.19
0.00
0.00
0.00
0.33
0.00
0.06
0.00
2.18
1.28
2.06
2.88
4.37
1.36
0.00
0.00
0.00
0.00
0.00
0.00
0.04
0.08
0.00
0.00
0.41
1.81
0.08
0.16
2.80
0.00
0.08
0.04
0.74
0.00
0.08
0.00
0.00
0.00
0.08
0.49
0.00
1.48
6.43
0.00
0.04
0.00
1.07
1.32
2.60
1.24
0.04
0.04
0.00
0.00
0.33
0.58
0.08
0.00
1.81
4.12
0.00
3.38
0.82
5.69
39.55
24.39
3.38
9.62
28.18
18.29
9.06
7.75
4.12
3.13
0.16
0.00
0.00
0.00
0.00
0.00
0.00
0.00
0.00
0.99
2.39
0.08
0.00
0.00
0.00
0.00
2.80
3.63
5.60
4.78
6.92
2.97
0.00
0.00
0.00
0.00
0.00
1.98
6.10
14.67
1.98
0.49
11.87
14.01
25.87
31.64
23.24
22.08
12.03
22.58
17.14
1.73
0.00
0.00
0.00
0.00
0.00
0.00
10.38
7.83
19.32
43.46
45.07
35.72
41.03
44.04
18.58
24.64
19.94
26.12
27.31
19.49
10.51
7.42
14.17
19.45
8.73
4.45
14.34
4.45
0.00
0.00
0.00
0.00
0.00
22.12
16.44
8.49
15.66
13.22
16.40
19.61
16.81
5.93
18.29
12.36
0.00
0.00
0.00
11.04
6.43
5.11
5.11
3.30
1.65
0.00
4.12
15.33
8.73
4.45
0.00
7.58
8.16
0.00
8.73
9.23
3.09
0.00
0.00
0.00
1.48
5.15
47.42
37.28
28.10
28.76
7.29
31.31
32.59
23.61
8.36
15.37
47.63
34.85
21.75
23.57
3.63
10.46
22.74
31.19
25.05
15.82
0.00
0.00
0.00
0.00
0.00
21.01
25.21
0.00
0.00
0.00
24.74
10.92
2.68
18.09
3.25
12.03
5.85
13.39
15.70
19.03
1.57
12.94
13.18
26.20
0.49
0.00
0.16
9.97
17.10
7.04
21.38
9.97
2.97
13.64
18.42
17.72
9.85
6.57
20.81
4.94
0.33
11.04
24.80
19.61
6.18
12.81
0.00
0.00
0.00
0.91
4.57
1.90
0.49
0.00
0.00
0.00
0.00
125.90
183.25
0.00
0.00
0.00
0.00
0.04
0.08
0.00
0.00
0.00
3.13
0.08
0.00
0.00
0.00
0.00
0.00
0.00
0.00
0.00
0.00
0.12
0.08
0.00
0.08
0.08
0.00
0.00
0.00
0.16
0.16
0.00
0.00
0.00
0.00
0.00
17.96
9.39
0.00
0.00
0.00
0.00
0.00
0.00
0.08
0.00
0.00
0.41
0.33
1.48
0.00
0.00
0.16
0.16
0.16
0.00
0.16
0.16
0.16
0.16
0.08
0.00
0.08
0.00
0.00
0.00
0.00
0.00
0.49
0.00
0.00
0.00
0.00
0.00
0.00
0.00
0.00
0.00
0.00
0.00
0.00
0.00
0.00
0.00
0.00
0.00
0.00
0.00
0.00
0.00
0.00
0.00
0.00
0.00
0.00
0.00
0.00
0.00
0.00
0.00
0.00
0.00
0.00
0.00
0.00
0.00
0.00
0.00
0.00
0.00
0.00
0.00
0.00
0.00
0.00
0.00
0.00
0.00
0.00
0.00
0.16
0.00
0.08
1.98
0.08
0.08
0.21
0.00
2.93
2.22
1.32
1.48
0.08
0.00
2.14
0.00
1.65
0.93
0.00
0.00
0.00
0.00
0.00
0.00
0.00
0.00
0.00
0.00
0.00
0.00
0.00
0.00
0.00
0.00
0.00
0.00
0.00
0.00
1.24
0.00
1.32
0.00
1.11
0.49
0.00
0.00
0.00
0.00
0.00
5.52
5.11
0.99
5.27
2.31
3.63
0.00
0.00
0.00
0.00
0.00
0.00
0.00
0.00
2.14
3.46
0.00
5.11
0.00
2.80
0.33
0.70
0.00
0.00
0.00
0.00
0.00
1.15
2.97
0.41
4.53
0.00
0.00
0.00
0.00
0.00
2.43
12.19
3.17
0.00
0.00
0.00
0.00
0.00
0.00
0.00
3.96
6.43
16.64
5.36
0.00
0.00
0.00
0.66
0.00
12.52
44.82
25.34
2.84
8.36
19.78
30.61
27.52
31.48
33.29
10.05
11.87
11.21
14.38
11.21
21.01
3.67
15.66
30.49
51.33
27.11
13.27
28.26
24.31
19.98
17.43
15.00
20.60
1.90
6.67
10.18
11.16
11.78
21.05
3.87
10.96
9.81
10.34
6.72
4.82
10.30
17.96
15.04
12.40
11.66
4.90
10.18
7.50
17.02
15.28
30.49
16.27
14.13
9.06
6.92
13.51
13.51
24.06
24.72
36.09
25.87
27.36
26.53
16.97
23.81
11.89
26.78
41.08
33.70
26.74
14.67
22.82
3.79
10.05
12.85
9.02
0.00
0.00
31.56
0.00
0.00
18.50
6.63
18.50
8.16
7.37
6.22
4.04
10.79
9.39
23.90
19.12
0.00
9.48
9.89
9.23
6.92
13.84
0.00
0.00
27.44
0.16
0.00
5.52
3.63
3.38
7.25
19.45
0.08
11.87
8.73
1.81
2.02
9.81
0.00
0.00
0.00
0.00
0.00
1.57
0.58
0.00
0.00
0.00
0.00
0.00
3.79
3.38
6.88
35.27
24.64
0.91
4.99
0.00
2.39
16.48
0.00
0.00
0.04
0.00
0.08
0.00
0.00
0.00
0.00
1.98
0.00
0.00
0.00
0.00
0.00
0.06
0.12
0.00
0.66
0.16
0.00
63.90
1.07
0.08
0.00
0.00
0.00
0.08
3.30
5.11
0.00
10.38
6.43
1.24
0.00
0.00
0.00
0.16
0.00
0.00
0.16
0.16
0.16
0.08
0.16
0.16
0.08
0.00
0.00
0.16
0.16
0.00
0.00
0.00
0.00
0.16
0.16
0.12
0.16
0.16
0.00
0.16
0.16
0.16
0.00
0.16
0.00
0.00
0.00
0.00
0.00
0.00
0.00
0.00
0.08
0.00
0.00
0.00
0.00
0.00
0.00
0.00
0.00
0.00
0.00
0.00
0.00
0.00
0.00
0.00
0.00
0.00
0.00
0.00
0.00
0.00
0.16
0.00
0.00
0.00
0.00
0.00
0.70
1.52
0.00
0.00
0.00
0.00
0.00
0.00
0.00
0.00
0.00
0.00
0.02
4.80
3.42
1.40
3.05
3.46
2.72
1.15
2.47
2.97
2.14
0.00
0.25
0.00
0.00
0.00
0.00
1.15
4.12
0.16
0.00
0.00
0.00
0.16
0.16
0.00
0.00
0.00
0.00
0.00
0.00
0.00
0.00
0.00
0.00
0.00
0.00
0.00
0.00
2.64
0.82
2.64
1.98
0.00
1.98
0.00
0.00
0.49
0.00
4.78
5.60
3.96
0.00
1.65
2.80
6.26
5.44
4.04
0.00
0.00
0.00
0.00
0.00
1.11
3.79
2.80
9.97
12.69
3.46
0.00
2.64
0.66
5.60
0.33
0.82
1.32
0.99
0.00
1.07
0.00
2.31
4.33
5.27
2.31
16.73
5.89
19.40
20.60
20.89
12.44
13.47
8.16
10.71
9.81
41.28
17.80
0.00
23.57
17.80
12.69
0.00
0.00
21.30
0.00
0.00
0.00
0.16
9.56
19.28
19.78
25.05
19.94
9.72
8.57
9.72
14.17
0.00
0.00
9.39
0.00
16.48
9.72
9.89
8.24
0.00
4.28
11.87
3.46
0.00
0.00
0.00
0.00
15.00
0.00
10.05
13.51
13.35
9.39
0.00
0.00
14.50
13.93
11.37
0.00
0.00
0.00
0.00
0.00
0.00
0.00
20.60
18.62
10.59
17.80
7.50
15.94
16.81
6.55
32.71
34.57
45.36
16.48
16.31
1.65
11.70
0.00
9.72
0.00
2.72
0.00
0.00
0.00
0.00
0.00
0.00
0.16
0.00
4.04
15.08
12.11
5.85
9.35
6.39
5.60
9.76
17.22
28.80
25.30
11.04
20.68
10.26
8.57
23.73
22.41
15.82
23.98
23.73
3.13
0.00
5.44
17.96
38.56
23.65
11.04
13.02
0.00
0.00
0.00
2.80
0.00
0.00
0.00
10.67
1.15
0.00
19.28
7.25
16.07
18.21
14.46
20.35
0.08
0.00
8.98
0.00
0.00
13.68
12.77
0.66
0.00
15.49
0.00
10.46
12.77
18.95
0.00
0.00
0.00
0.00
0.91
12.19
29.17
56.28
0.58
0.16
1.90
0.00
3.91
1.77
2.78
0.58
1.44
7.54
5.03
1.98
0.00
1.15
0.00
0.00
4.61
15.49
0.00
0.00
0.00
1.48
0.00
0.00
0.00
0.00
0.00
0.00
0.00
0.00
0.00
0.00
0.08
0.16
0.16
0.16
0.16
0.08
0.00
0.21
0.16
0.16
0.08
0.08
0.08
0.16
0.00
0.16
0.00
0.00
0.00
0.00
0.16
0.16
0.00
0.00
0.33
0.00
0.00
0.00
0.00
0.00
0.49
0.16
0.00
0.00
0.00
0.00
0.00
0.00
0.00
0.00
0.00
0.00
0.00
0.00
0.08
0.00
0.16
0.00
0.04
0.00
0.00
0.00
0.00
0.00
0.00
0.00
0.00
0.58
1.90
0.54
0.08
0.00
0.00
0.00
0.00
0.00
0.00
0.00
0.00
0.00
0.00
0.00
0.00
0.00
0.00
0.00
0.00
0.00
0.00
0.00
0.00
0.00
0.00
0.00
0.00
0.00
0.00
0.00
0.00
0.00
0.00
0.00
0.00
0.00
0.00
0.00
0.00
0.00
0.00
0.00
0.00
0.00
0.00
0.00
0.00
0.00
0.00
0.00
0.00
0.00
0.00
0.00
0.00
0.00
0.00
1.48
0.00
6.59
2.47
3.79
4.61
0.16
0.82
0.82
0.00
0.00
0.00
3.13
3.79
4.70
13.76
11.21
8.90
10.55
9.15
8.24
5.93
3.63
3.96
2.64
13.02
6.92
0.33
14.67
7.09
0.00
15.24
6.10
10.30
7.79
4.04
1.85
0.08
0.66
0.04
0.08
1.48
0.16
0.08
0.00
4.94
0.00
0.00
0.00
0.00
0.16
6.59
0.33
0.00
0.00
0.00
0.00
0.00
0.00
0.00
0.00
0.00
0.00
0.00
0.00
0.00
2.47
1.98
12.19
3.63
7.09
8.36
8.24
17.30
26.20
27.69
0.00
8.57
5.11
23.07
8.90
0.00
0.00
6.96
9.81
38.27
26.80
36.58
24.22
0.00
16.60
11.95
10.34
17.26
9.15
13.72
13.97
14.50
6.10
14.50
0.00
0.00
10.88
18.46
13.68
15.49
9.97
23.57
32.79
27.52
25.25
14.25
14.38
16.60
8.24
2.31
6.92
4.78
4.61
0.00
0.00
0.00
0.00
0.16
16.31
7.66
7.83
43.84
2.64
0.00
7.21
16.81
4.78
12.85
17.72
21.09
15.00
0.00
4.04
0.00
0.00
0.00
0.00
0.00
0.00
3.46
4.12
6.92
14.75
36.91
28.02
43.84
41.61
32.92
5.11
1.65
1.73
2.35
3.96
4.04
2.06
15.08
15.99
18.62
25.05
20.93
20.19
19.61
7.91
2.68
0.00
0.00
0.00
0.00
0.00
27.31
9.97
17.51
28.88
15.20
11.99
16.44
21.55
17.39
14.67
5.48
15.94
16.73
12.85
19.57
17.67
0.00
24.84
7.75
0.00
15.49
9.39
22.25
27.69
28.02
10.22
11.78
13.35
21.92
12.15
12.69
10.38
0.00
11.04
1.48
0.41
3.21
8.57
2.97
4.12
6.43
4.53
0.00
0.00
0.99
5.27
5.44
0.99
6.10
4.37
15.74
9.39
6.10
23.57
0.49
0.00
0.78
0.00
2.80
0.16
0.00
0.00
4.12
0.00
0.00
0.00
0.00
0.00
1.32
5.11
7.09
2.31
3.38
12.52
9.97
9.39
10.75
5.19
0.00
0.00
0.00
5.56
0.99
0.00
0.00
0.00
0.00
0.00
0.16
0.16
0.04
0.16
0.19
0.23
0.16
0.25
0.12
0.25
0.12
0.29
0.21
0.19
0.16
0.19
0.25
0.25
0.21
0.16
0.16
0.16
0.16
0.00
0.08
0.08
0.00
0.00
0.00
0.16
0.16
0.16
0.16
0.00
0.00
0.00
0.00
0.00
0.00
1.81
0.08
3.13
0.00
0.00
0.00
0.00
0.00
0.00
0.00
0.00
0.00
0.00
0.00
0.00
0.00
0.00
0.25
5.19
0.14
0.00
0.00
0.00
0.00
0.00
0.00
0.58
0.16
0.00
0.00
0.00
0.00
0.00
0.04
0.00
0.04
0.00
0.00
0.00
1.85
1.34
0.33
1.81
4.78
0.04
0.00
0.00
0.00
0.00
0.00
0.00
0.00
0.00
0.00
0.00
0.00
0.00
0.00
0.00
0.00
0.00
0.00
0.00
2.97
0.00
0.16
0.00
0.00
1.48
0.00
8.90
0.33
11.21
0.00
0.00
0.00
0.16
0.00
0.00
0.00
2.31
4.41
0.33
0.00
6.34
5.89
3.05
3.67
0.00
5.56
5.48
5.93
0.00
0.91
0.00
2.14
1.90
0.00
2.47
3.54
0.00
0.00
0.00
0.00
0.00
0.00
0.00
0.00
0.00
1.48
4.49
0.87
2.31
1.65
1.77
5.11
2.64
6.10
8.57
6.92
2.64
4.28
0.00
0.00
0.00
0.00
0.16
0.00
0.00
3.96
4.12
0.00
7.42
2.14
0.00
0.00
0.00
5.44
0.16
4.12
0.00
4.86
8.53
8.82
6.92
1.40
0.16
0.00
0.00
0.00
4.12
2.47
0.00
5.27
20.10
24.39
19.78
23.90
23.57
3.63
0.00
0.00
0.00
0.00
0.00
0.00
0.00
0.00
0.00
0.66
4.45
4.78
12.52
10.71
10.67
26.74
16.69
8.57
0.00
0.00
0.00
0.00
0.00
0.00
0.00
7.00
18.62
11.87
14.50
25.54
16.48
9.72
8.90
5.11
4.86
0.00
0.00
0.00
0.00
0.00
0.00
0.00
0.00
0.00
0.00
0.00
0.00
0.16
0.00
0.00
0.00
18.46
14.91
9.06
6.59
20.76
24.88
13.68
25.38
25.46
16.15
20.68
19.69
30.73
26.61
10.79
5.56
11.45
0.00
7.09
6.10
0.00
0.00
0.00
13.84
0.00
0.00
0.00
0.00
0.00
0.00
0.00
13.84
11.54
0.00
10.88
18.13
4.94
11.87
12.28
17.96
28.67
13.18
19.28
30.65
27.03
0.00
0.00
0.00
0.04
25.13
22.54
0.00
15.53
16.31
0.00
28.18
5.52
7.66
14.67
16.89
14.05
17.39
3.63
10.79
0.00
8.40
0.00
0.00
1.81
0.00
1.98
0.00
0.00
0.00
1.98
4.45
12.85
17.30
17.47
11.62
0.82
0.00
0.00
0.00
0.00
0.00
0.00
0.00
0.49
0.00
0.00
0.00
0.16
0.00
0.00
0.00
0.00
0.00
0.00
0.25
0.00
0.82
0.04
0.12
0.00
0.00
0.00
0.00
0.00
0.00
0.16
0.00
0.00
0.00
0.00
0.00
0.16
0.16
0.16
0.16
0.16
0.00
0.00
0.00
0.00
0.00
0.00
0.00
0.00
0.00
0.00
0.08
6.76
3.13
24.39
7.91
0.00
0.00
0.00
0.08
0.00
2.93
2.31
4.94
4.45
1.98
0.00
0.00
0.04
0.06
0.00
0.10
0.10
0.08
0.00
0.00
0.00
0.00
0.00
0.04
0.08
0.12
0.04
0.00
0.04
0.00
0.00
0.00
0.04
0.00
0.00
0.00
0.00
0.00
0.00
0.00
0.00
0.00
0.00
0.00
0.00
0.00
0.00
0.00
0.00
0.00
0.00
0.00
0.00
0.00
0.00
0.00
0.00
0.00
0.00
0.00
0.00
0.00
0.00
0.00
1.90
0.00
0.00
2.97
0.00
0.00
0.00
0.25
0.00
1.73
3.13
2.22
10.88
0.16
0.00
0.00
0.00
0.00
0.00
0.00
0.00
0.00
0.00
3.46
4.78
0.00
1.65
0.08
1.40
0.00
4.16
3.75
0.04
9.64
16.64
8.49
5.77
1.48
2.80
8.07
4.82
4.37
0.00
0.00
0.70
5.69
10.05
19.45
4.37
7.42
3.63
4.28
0.00
0.00
0.00
0.00
1.81
2.97
4.78
4.94
7.83
15.33
6.76
7.25
0.66
0.00
3.13
13.84
0.00
0.33
14.17
11.04
5.77
0.00
0.00
0.00
0.82
12.69
17.47
9.89
11.04
12.85
11.70
16.81
11.87
23.24
27.03
1.81
11.87
19.45
19.94
27.69
36.67
19.65
17.47
22.31
16.81
9.81
0.00
0.66
1.73
6.51
0.00
0.00
0.00
0.00
7.75
6.92
9.06
8.57
9.56
7.00
18.70
0.00
0.00
0.00
0.00
3.71
10.30
17.88
18.46
39.72
15.92
6.74
18.17
9.60
17.14
49.60
61.30
13.18
26.37
34.19
18.62
35.97
26.90
20.27
13.02
14.50
8.57
20.76
66.08
114.04
51.91
60.07
11.54
44.00
27.60
14.13
13.35
12.24
22.45
13.60
24.10
26.99
23.90
18.95
7.70
6.14
1.94
12.69
7.83
26.70
0.00
2.14
13.22
19.94
22.91
25.87
2.22
17.72
19.82
0.00
0.08
0.00
4.08
4.24
4.28
13.68
10.63
16.56
21.46
12.52
4.61
11.87
22.08
9.56
8.49
10.34
12.61
0.00
0.00
0.00
24.39
67.81
13.60
16.60
11.74
20.97
5.19
0.00
13.68
0.00
0.00
0.00
0.00
0.00
0.00
0.00
0.00
26.20
8.07
9.48
6.14
19.12
9.56
0.00
0.00
0.00
0.00
24.39
3.91
7.99
6.72
11.04
5.03
0.00
0.00
0.62
0.00
5.60
1.32
2.31
0.00
1.73
20.10
21.63
0.04
0.00
0.00
0.00
0.00
0.00
0.00
0.00
0.16
0.16
0.00
0.00
0.00
1.28
0.04
0.00
0.08
0.00
0.00
0.00
0.00
0.00
0.00
0.00
0.00
0.00
0.00
0.00
0.00
0.00
0.00
0.00
0.00
0.00
0.16
0.00
0.00
0.00
0.00
0.00
0.00
0.00
0.00
0.00
0.00
0.00
0.00
0.00
0.00
0.00
0.00
0.00
0.00
0.00
0.00
0.00
0.00
0.00
0.00
0.00
0.00
0.00
0.00
0.00
0.00
0.00
0.16
0.00
0.00
0.00
0.00
0.00
0.00
0.00
0.00
0.00
0.00
8.20
0.00
0.00
0.00
0.00
0.00
0.00
0.00
0.00
0.00
0.00
0.00
0.00
0.00
0.00
0.00
0.00
0.00
0.00
0.00
0.00
0.00
0.00
0.00
0.00
0.00
0.00
0.00
0.00
0.00
0.00
0.00
0.00
0.00
0.00
0.00
0.00
0.00
0.00
0.00
0.16
0.00
0.00
0.00
0.00
0.12
0.00
0.00
0.00
1.01
0.00
0.00
0.00
2.47
1.32
0.16
0.00
0.00
0.00
0.00
0.00
0.00
1.73
0.00
1.40
3.79
0.58
0.33
0.99
2.97
4.94
1.15
2.64
3.30
0.00
1.48
2.14
0.33
1.81
1.65
6.26
1.85
3.79
1.36
25.17
3.54
2.97
2.97
0.25
0.08
3.42
9.31
4.28
1.90
0.00
0.00
0.99
2.88
4.41
3.30
0.45
6.59
6.92
0.00
3.96
3.63
5.52
0.00
0.49
4.78
6.92
8.24
0.00
1.65
2.27
1.65
17.14
14.83
0.16
3.63
8.90
4.70
12.94
18.46
27.36
12.03
0.00
2.31
12.52
11.37
5.93
8.07
6.59
27.36
34.94
23.73
15.99
7.42
13.02
20.43
10.38
4.24
13.88
22.58
25.96
17.67
30.65
28.22
33.08
24.55
16.48
24.88
18.46
15.33
12.69
0.00
0.00
0.00
10.55
11.45
0.00
0.00
16.85
16.15
13.27
16.36
7.29
5.11
3.63
12.36
22.49
35.31
6.02
0.00
18.09
0.00
10.22
1.77
27.97
36.34
10.55
30.16
20.76
21.42
11.87
7.91
0.00
11.87
13.84
13.84
7.58
6.92
9.56
23.32
39.59
52.73
14.34
12.32
20.56
12.77
15.16
20.93
15.08
19.20
15.16
13.84
1.98
26.04
61.47
37.16
11.70
1.57
8.90
13.02
14.67
23.07
45.15
16.97
0.00
6.92
3.63
0.08
4.53
6.43
0.00
0.00
22.00
21.05
0.00
2.22
23.48
11.12
1.40
8.32
17.47
5.36
11.87
10.71
19.45
21.75
20.19
9.56
17.22
5.36
22.91
21.92
18.29
46.47
20.60
16.07
22.58
0.00
0.00
0.00
0.00
0.00
0.00
0.00
19.53
27.93
28.02
13.60
22.41
50.43
20.02
6.02
7.33
0.00
0.00
26.04
16.44
0.00
0.00
0.00
0.00
0.00
3.87
10.55
52.40
2.51
0.00
0.00
0.00
0.00
0.00
0.00
0.00
0.00
2.72
1.81
4.12
0.00
0.00
0.00
0.00
0.00
0.00
0.00
0.00
0.00
0.00
0.00
0.00
0.00
0.00
0.00
0.00
0.00
0.00
0.00
0.00
0.00
0.00
0.00
0.16
0.00
4.45
7.58
0.00
0.00
0.00
0.49
0.87
1.40
0.08
0.00
0.00
0.82
0.12
0.00
0.00
0.00
0.00
0.00
0.00
0.00
1.48
0.82
1.65
0.00
3.79
0.00
0.00
0.00
0.00
0.00
0.00
0.00
0.00
0.00
0.00
0.00
0.00
0.00
0.00
0.00
0.00
0.00
0.00
0.00
0.00
0.00
0.00
0.00
0.00
0.00
0.00
0.00
5.56
0.00
0.00
0.00
3.79
0.00
0.00
0.00
0.00
3.46
0.16
0.00
0.00
0.00
0.00
0.00
0.00
0.00
0.00
0.00
0.00
0.00
0.00
0.00
0.00
0.00
0.00
0.00
0.00
0.00
1.81
0.16
0.00
0.00
0.00
0.00
3.79
0.16
0.00
0.00
0.00
0.00
0.00
0.00
1.73
0.08
0.16
0.00
0.00
0.00
4.12
0.00
0.12
1.90
2.10
2.97
3.34
3.91
0.08
0.00
2.64
2.47
2.47
4.78
1.65
0.00
0.16
0.00
2.31
2.31
6.18
1.73
2.06
2.55
0.00
2.80
0.99
3.13
0.00
0.00
0.00
0.00
0.00
1.32
0.49
1.65
5.11
4.49
0.00
1.24
3.13
1.48
2.22
0.29
0.74
0.00
0.00
0.00
0.00
0.00
0.00
0.00
0.66
0.00
0.00
0.00
0.00
0.00
7.87
1.24
2.55
0.00
0.00
0.16
1.65
3.79
15.66
16.15
6.76
13.02
1.98
11.87
9.56
8.86
36.17
9.06
1.61
0.00
0.00
0.00
6.43
13.18
6.92
9.06
4.61
10.96
17.47
22.25
34.69
35.18
47.91
27.19
14.67
17.47
17.47
17.80
13.35
18.29
1.81
8.49
15.82
0.00
0.00
8.90
20.76
14.17
30.32
4.70
8.49
15.16
7.50
11.87
8.90
7.42
11.21
7.25
6.34
0.00
4.94
8.65
6.92
7.62
10.13
5.27
6.76
13.18
9.72
14.09
39.47
29.75
20.76
22.91
15.00
13.35
22.58
21.42
6.51
12.03
10.51
4.82
0.00
14.50
11.04
0.00
0.00
0.00
0.00
0.00
4.66
0.00
0.00
0.00
12.28
13.60
11.37
15.45
8.20
13.47
13.35
7.75
4.49
21.88
17.10
45.77
36.17
22.58
20.68
12.44
22.99
17.02
15.37
12.07
12.03
5.85
10.26
3.34
11.37
24.72
35.18
48.86
21.92
0.00
0.00
0.00
0.00
0.33
2.06
1.32
0.00
10.55
9.27
13.35
13.02
5.27
19.08
18.33
8.73
9.56
23.03
23.24
11.12
11.78
10.46
8.86
0.00
11.04
0.00
0.00
5.19
8.24
15.16
0.00
6.10
4.94
17.80
22.41
0.00
30.49
10.05
9.23
31.48
2.72
11.04
17.14
7.91
4.45
2.14
10.38
4.78
49.27
21.26
8.40
15.99
2.64
0.00
0.00
0.00
0.00
2.31
4.61
1.98
6.67
6.76
0.16
0.00
0.00
0.00
0.00
0.00
0.00
0.00
0.00
0.00
1.98
0.00
0.00
0.00
0.00
0.00
0.00
0.00
0.00
0.00
1.15
0.00
0.00
0.00
0.00
5.27
0.00
0.00
0.00
0.00
0.00
0.00
0.00
0.00
0.00
0.00
0.16
0.00
0.00
0.00
4.28
1.07
0.16
0.00
0.08
0.08
0.16
0.16
0.04
0.00
0.00
0.00
0.00
0.00
0.00
0.00
0.00
0.00
0.00
0.08
0.00
0.00
0.00
0.00
0.00
0.00
0.00
