19701227
0.00
0.00
0.00
0.00
0.00
0.00
0.00
0.00
0.00
0.00
0.00
0.00
0.00
0.00
0.00
0.00
0.00
0.00
0.00
0.00
0.00
0.00
0.00
0.00
0.00
0.00
0.00
0.00
0.00
0.00
0.00
0.00
0.00
0.00
0.00
0.00
0.00
0.00
0.00
0.00
0.00
7.27
7.27
0.00
7.27
7.27
0.00
0.00
7.27
0.00
0.00
0.00
0.00
0.00
7.27
0.00
7.27
0.00
0.00
0.00
0.00
0.00
0.00
0.00
0.00
2.39
17.79
0.00
0.00
0.00
0.00
0.00
0.00
0.00
0.00
0.00
1.23
0.00
0.00
0.00
0.00
0.15
4.26
1.36
1.28
0.00
9.17
5.89
3.69
13.34
8.00
0.15
0.15
1.77
8.72
5.34
1.64
5.93
9.19
50.48
1.09
0.00
0.00
4.15
14.44
4.56
2.87
0.00
0.00
0.13
0.00
3.80
1.31
3.57
7.42
8.57
5.10
0.00
0.00
6.30
3.57
3.45
0.00
0.00
0.27
0.34
1.04
7.34
17.05
2.12
7.69
19.77
21.78
4.74
2.52
3.21
6.63
8.49
12.12
27.10
2.76
0.00
2.37
8.15
10.13
15.22
8.94
6.02
6.81
0.00
10.13
6.15
0.00
0.00
0.00
0.00
0.00
1.14
0.00
0.28
0.12
4.04
4.37
13.52
15.83
14.75
28.74
32.07
19.70
27.20
45.18
27.54
23.14
17.25
3.72
0.49
5.45
22.37
14.17
38.53
47.72
27.70
25.79
29.37
13.35
6.20
18.01
45.38
32.63
40.35
35.38
15.84
7.93
2.69
1.26
4.50
0.00
5.19
0.00
0.00
0.41
1.11
5.61
11.45
0.00
4.60
0.00
0.00
3.64
0.67
9.12
11.01
16.07
2.23
0.06
0.00
0.00
0.96
17.32
25.34
38.37
35.18
26.91
19.85
2.04
13.70
9.63
7.09
0.33
0.00
0.00
0.13
0.13
0.72
0.00
8.29
12.39
1.88
10.99
1.99
16.91
34.63
48.08
3.85
0.00
5.86
0.00
0.00
0.00
0.00
0.00
0.00
5.36
0.00
0.00
7.97
26.24
18.50
0.00
0.00
0.00
0.00
14.73
4.71
13.88
43.34
12.80
5.52
0.00
0.00
0.00
0.00
0.00
7.97
9.52
11.90
0.00
3.51
0.00
29.61
11.56
0.00
0.00
10.42
19.30
0.00
0.00
0.00
0.00
0.00
0.00
0.00
0.00
0.00
0.00
13.08
70.17
34.28
4.13
0.00
0.00
0.00
0.00
0.00
0.00
0.00
0.00
0.00
0.00
0.00
0.00
0.00
0.00
0.00
0.00
0.00
0.00
0.00
0.00
0.00
0.00
0.00
0.00
0.00
0.00
0.00
0.00
0.00
0.00
0.00
0.00
0.00
0.00
0.00
0.00
0.00
0.00
0.00
0.00
0.00
0.00
0.00
0.00
0.00
0.00
0.00
0.00
14.96
14.96
14.96
14.96
0.00
0.00
0.00
0.00
0.00
0.00
0.00
0.00
0.00
0.00
0.00
0.00
14.96
0.00
0.00
0.00
0.00
0.00
0.00
0.00
0.00
0.00
0.00
0.00
0.00
0.00
0.00
16.17
16.17
0.00
16.17
0.00
0.00
0.00
0.00
0.00
0.00
0.00
0.00
0.00
0.00
0.00
0.00
0.00
0.00
0.00
0.00
0.00
0.00
0.00
7.27
0.00
0.00
0.00
0.00
0.00
0.00
0.00
0.00
0.00
0.00
0.00
0.00
0.00
0.00
0.00
0.00
0.00
0.00
0.00
0.00
7.27
7.27
0.00
0.00
0.00
0.00
0.00
7.27
0.22
0.00
0.00
2.24
0.08
0.00
0.00
0.00
0.54
1.23
2.29
0.00
0.00
0.00
0.00
1.33
2.73
4.62
2.24
3.08
3.08
0.00
0.00
0.00
0.00
0.95
4.57
3.00
3.30
1.11
0.00
0.00
0.00
0.00
0.00
0.00
0.00
0.00
0.00
0.00
0.00
0.00
0.00
1.99
0.00
0.00
4.56
0.12
0.62
4.24
0.00
0.00
0.00
1.20
1.36
4.86
2.59
2.64
0.08
0.00
0.00
3.14
14.60
19.95
10.56
0.00
2.98
8.94
13.42
7.80
0.00
0.00
14.40
10.77
9.81
6.75
1.60
6.75
20.04
18.42
10.45
16.40
2.12
19.24
9.59
21.53
18.90
13.74
13.62
19.59
9.98
12.01
0.00
0.00
0.00
0.00
0.00
0.00
1.16
2.40
2.98
0.82
0.20
10.76
28.40
24.72
33.12
40.09
36.76
17.20
9.03
8.85
2.59
1.34
3.49
2.38
2.63
3.58
0.74
0.00
0.00
1.27
1.21
0.00
0.51
0.41
0.44
7.72
13.22
16.35
37.58
27.70
24.58
13.98
7.88
6.48
6.66
12.34
25.46
13.93
14.88
13.89
11.53
13.22
5.74
2.69
6.45
15.25
21.33
27.77
37.58
22.35
17.20
19.53
20.66
12.71
1.91
9.44
0.46
9.86
43.89
24.20
2.74
0.00
0.79
0.13
7.23
7.93
6.16
0.04
5.33
4.84
0.00
9.60
12.43
0.00
0.00
3.11
2.94
23.97
28.42
42.42
6.51
1.86
21.45
27.54
14.63
8.24
46.96
0.00
0.00
0.00
0.00
4.36
11.90
11.56
0.00
0.00
0.00
0.00
10.73
8.62
20.04
30.04
15.65
0.00
0.00
0.00
0.00
0.00
0.00
0.00
0.00
0.00
37.73
33.76
35.54
39.50
83.93
46.89
23.61
32.44
33.50
41.98
6.36
35.85
0.00
0.00
0.00
0.00
0.00
0.00
0.00
0.00
0.00
13.08
0.00
0.00
0.00
0.00
0.00
0.00
0.00
0.00
0.00
0.00
0.00
0.00
0.00
0.00
0.00
0.00
0.00
0.00
0.00
0.00
0.00
0.00
0.00
0.00
9.05
0.00
10.37
0.00
0.00
0.00
0.00
0.00
0.00
0.00
0.00
0.00
0.00
0.00
0.00
0.00
0.00
0.00
0.00
0.00
0.00
0.00
0.00
0.00
0.00
0.00
0.00
0.00
0.00
0.00
0.00
0.00
0.00
0.00
0.00
0.00
0.00
0.00
0.00
0.00
0.00
0.00
0.00
0.00
0.00
0.00
0.00
0.00
0.00
0.00
0.00
0.00
0.00
0.00
0.00
0.00
0.00
0.00
0.00
0.00
16.17
0.00
0.00
0.00
0.00
0.00
16.17
0.00
0.00
0.00
0.00
0.00
0.00
0.00
0.00
0.00
0.00
0.00
0.00
0.00
0.00
0.00
0.00
0.00
0.00
0.00
0.00
0.00
0.00
0.00
0.00
0.00
0.00
0.00
0.00
0.00
0.00
0.00
0.00
0.00
0.00
0.00
0.00
0.00
0.00
0.00
0.00
0.00
0.00
0.00
0.00
0.00
0.00
0.00
0.00
0.00
0.00
4.24
12.62
0.62
0.00
0.00
0.75
1.21
1.47
0.00
0.00
0.00
0.00
0.54
0.89
0.00
0.00
0.00
0.00
0.00
0.00
0.00
0.00
0.00
0.00
0.00
0.00
0.00
0.00
0.02
0.11
4.06
0.52
3.74
0.78
0.00
10.25
7.89
2.79
0.00
0.00
0.13
4.15
0.22
3.05
2.33
0.00
2.31
0.00
0.00
6.39
1.23
0.00
4.61
7.23
20.12
12.42
0.00
10.35
10.13
9.05
12.27
3.65
3.06
10.67
22.56
10.56
8.03
19.33
5.39
19.99
15.98
23.92
30.97
12.17
5.65
0.00
0.00
0.00
0.00
0.00
0.00
0.54
1.41
9.42
3.69
9.26
15.92
12.27
8.97
4.27
17.34
20.51
20.18
9.49
12.23
5.40
1.44
3.58
0.32
1.90
24.06
36.37
13.08
24.57
40.20
26.60
41.12
33.51
18.89
29.27
38.17
25.11
14.46
18.67
0.00
0.00
0.00
0.65
8.21
7.23
10.86
24.34
21.14
19.93
124.90
32.96
6.09
29.81
49.41
25.16
2.61
3.08
0.00
0.00
5.49
4.56
24.76
46.08
27.64
6.12
18.21
9.63
0.00
0.52
92.02
11.97
6.92
0.13
0.00
5.56
11.19
0.97
0.79
9.05
34.89
29.37
21.80
0.21
0.00
0.00
0.00
0.00
0.00
15.80
17.06
11.21
21.16
28.23
14.90
8.37
2.68
1.10
41.53
68.62
70.38
31.61
0.00
0.00
0.00
0.00
0.00
18.32
24.45
52.68
42.47
36.28
17.39
3.65
0.00
0.00
0.00
0.00
1.24
0.00
15.60
15.96
33.42
7.83
0.00
17.73
20.59
51.41
73.05
53.33
0.00
0.00
0.00
0.00
0.00
0.00
0.00
0.00
0.00
0.00
0.00
0.00
0.00
0.00
0.00
0.00
0.00
0.00
0.00
0.00
0.00
0.00
0.00
0.00
0.00
0.00
0.00
0.00
0.00
0.00
0.00
0.00
0.00
0.00
0.00
0.00
0.00
0.00
0.00
0.00
0.00
0.00
0.00
0.00
0.00
0.00
0.00
0.00
0.00
0.00
0.00
0.00
0.00
0.00
0.00
4.82
4.82
5.40
5.78
14.96
0.00
0.00
0.00
0.00
0.00
0.00
0.00
0.00
0.00
0.00
0.00
0.00
0.00
0.00
0.00
0.00
0.00
0.00
0.00
0.00
14.96
14.96
14.96
14.96
0.00
0.00
0.00
0.00
0.00
0.00
0.00
0.00
0.00
0.00
0.00
0.00
0.00
0.00
0.00
0.00
0.00
0.00
0.00
0.00
0.00
0.00
0.00
0.00
0.00
0.00
0.00
0.00
0.00
0.00
0.00
0.00
0.00
0.00
0.00
0.00
0.00
0.00
0.00
7.27
0.00
0.00
7.27
7.27
0.00
0.00
0.00
0.00
0.00
0.00
0.00
0.00
7.27
7.27
7.27
0.00
0.00
0.00
0.00
0.00
0.00
0.00
0.00
0.00
0.00
0.00
0.00
0.00
0.00
0.00
1.23
0.00
0.00
0.00
0.00
0.00
0.08
4.09
2.39
5.70
8.00
0.00
0.00
0.15
0.08
3.00
2.60
3.00
0.75
0.12
3.84
4.88
0.04
0.00
2.19
3.94
0.00
14.18
0.00
7.89
2.75
1.42
0.17
0.00
0.00
1.86
2.36
6.54
3.80
2.93
8.50
2.64
0.00
0.08
0.15
0.57
9.87
22.51
26.81
5.82
9.00
7.28
2.42
2.75
9.93
4.51
4.47
18.56
13.22
7.92
15.84
1.78
10.67
6.26
0.00
8.71
2.12
4.34
5.65
7.57
14.50
0.00
10.29
12.32
3.21
0.00
2.76
8.83
0.00
5.39
0.00
0.00
5.13
5.13
0.89
0.77
1.56
7.37
0.10
0.00
1.65
0.05
0.00
0.00
1.36
0.00
0.00
0.93
0.30
1.64
29.69
52.82
30.22
60.42
28.74
23.87
0.00
9.36
4.92
12.27
15.90
16.51
0.00
0.00
0.74
17.02
18.99
17.53
21.36
2.88
10.34
34.74
34.61
31.86
8.83
6.02
10.51
3.04
10.68
33.81
26.85
6.02
17.27
3.61
0.00
0.00
1.56
3.82
2.78
2.46
5.77
3.41
0.97
22.04
23.00
15.12
9.04
14.83
28.69
21.10
11.79
4.84
1.37
11.17
17.42
3.49
24.20
32.22
3.49
5.16
20.28
12.21
4.49
1.00
12.52
2.63
0.62
0.17
2.16
34.27
2.96
13.37
7.34
2.16
2.79
0.79
1.42
20.25
27.36
6.58
0.00
0.00
14.31
46.96
9.52
32.68
27.22
35.91
55.70
42.06
20.18
14.73
25.42
0.00
0.00
0.00
0.00
0.00
6.86
0.00
4.03
0.00
0.00
0.00
0.00
0.00
0.00
0.00
0.00
0.00
28.01
0.00
0.00
41.17
59.76
81.92
46.66
0.00
0.00
46.89
68.59
33.50
0.00
0.00
4.69
0.00
0.00
0.00
0.00
0.00
0.00
0.00
0.00
0.00
0.00
0.00
0.00
0.00
0.00
0.00
0.00
0.00
0.00
0.00
0.00
0.00
0.00
0.00
0.00
0.00
0.00
0.00
0.00
0.00
0.00
0.00
0.00
0.00
0.00
0.00
0.00
0.00
0.00
0.00
0.00
8.84
0.00
0.00
0.00
0.00
0.00
0.00
0.00
0.00
0.00
0.00
0.00
0.00
0.00
0.00
0.00
0.00
0.00
0.00
0.00
0.00
0.00
0.00
0.00
0.00
0.00
0.00
0.00
0.00
0.00
0.00
0.00
0.00
0.00
0.00
0.00
0.00
0.00
0.00
0.00
0.00
0.00
0.00
0.00
0.00
0.00
0.00
0.00
0.00
16.17
0.00
16.17
0.00
0.00
0.00
0.00
0.00
16.17
0.00
0.00
0.00
0.00
0.00
0.00
0.00
0.00
0.00
0.00
0.00
0.00
0.00
0.00
0.00
0.00
0.00
0.00
0.00
0.00
0.00
7.27
0.00
0.00
0.00
0.00
0.00
0.00
0.00
0.00
0.00
7.27
0.00
0.00
7.27
0.00
0.00
0.00
0.00
3.55
0.00
0.00
0.29
0.22
0.00
0.00
0.00
4.66
0.65
0.00
0.15
3.99
1.45
3.40
2.29
5.33
0.00
0.00
6.73
4.47
4.95
2.19
11.97
0.41
1.55
3.30
7.59
11.70
5.34
2.42
0.08
1.09
5.34
3.57
0.00
11.76
4.38
2.64
0.00
0.08
15.08
5.93
5.52
6.79
1.15
10.63
4.15
6.54
0.00
0.00
0.00
3.80
7.89
15.60
0.90
7.64
14.92
8.44
1.64
3.28
8.26
3.36
5.39
9.92
0.60
2.91
15.74
17.47
17.56
14.30
25.38
18.45
0.77
0.20
6.51
1.95
0.00
6.26
9.05
1.23
0.00
2.49
0.00
24.17
33.63
8.32
2.12
1.78
3.06
0.05
1.02
17.20
14.66
16.79
0.29
13.43
11.05
20.23
4.63
10.60
2.45
3.13
0.00
0.00
0.86
10.27
14.09
20.34
45.09
48.35
30.22
28.24
14.91
17.90
3.72
9.01
14.71
14.00
20.13
16.68
13.61
18.76
21.53
14.44
12.29
12.75
13.17
28.32
66.61
47.30
19.95
20.01
48.57
20.34
11.75
17.01
20.48
5.34
5.65
3.04
0.34
0.00
2.56
8.75
13.31
9.49
13.69
10.17
9.58
0.73
5.82
0.01
3.95
35.57
25.78
9.42
2.16
0.15
1.10
1.02
2.17
4.89
17.88
17.01
0.00
0.00
0.00
0.00
8.21
0.11
0.00
0.00
0.96
10.05
11.79
21.77
25.60
0.02
0.00
0.39
1.14
21.00
46.80
46.44
44.24
39.88
42.20
36.92
18.88
6.27
0.00
0.00
0.00
0.00
0.00
0.00
7.55
0.00
15.46
34.05
18.07
20.09
14.58
19.17
6.20
0.00
0.00
0.00
0.00
13.24
6.86
25.69
25.69
35.85
6.36
0.00
0.00
0.00
0.00
0.00
0.00
0.00
0.00
0.00
0.00
0.00
0.00
0.00
0.00
0.00
0.00
0.00
0.00
0.00
0.00
0.00
0.00
0.00
0.00
0.00
0.00
0.00
0.00
0.00
0.00
0.00
0.00
0.00
0.00
0.00
0.00
0.00
0.00
0.00
0.00
0.00
0.00
0.00
0.00
0.00
0.00
0.00
0.00
0.00
0.00
0.00
0.00
0.00
0.00
0.00
8.50
0.00
0.00
0.00
0.00
0.00
0.00
0.00
0.00
0.00
0.00
0.00
0.00
0.00
0.00
0.00
0.00
0.00
0.00
0.00
0.00
0.00
0.00
0.00
0.00
0.00
0.00
0.00
0.00
0.00
0.00
0.00
0.00
0.00
0.00
0.00
0.00
0.00
0.00
0.00
0.00
0.00
16.17
0.00
0.00
0.00
16.17
16.17
16.17
0.00
0.00
0.00
0.00
0.00
0.00
0.00
0.00
0.00
0.00
0.00
0.00
0.00
0.00
0.00
0.00
0.00
0.00
7.27
0.00
0.00
0.00
0.00
0.00
0.00
0.00
0.00
7.27
0.00
0.00
0.00
0.00
0.00
0.00
0.00
0.00
0.00
0.00
0.00
0.00
0.00
0.00
0.00
7.27
0.04
0.04
4.23
0.65
0.00
0.00
0.00
0.00
0.00
0.00
0.00
0.00
0.00
0.00
0.65
0.04
0.00
0.00
0.00
0.00
3.35
9.03
0.15
0.12
8.09
0.12
6.31
5.09
3.94
6.45
0.00
0.00
0.00
5.34
3.80
6.79
0.00
0.17
0.17
0.00
3.10
5.45
4.38
4.74
0.00
9.06
27.75
25.13
0.00
0.00
14.56
10.00
3.21
18.72
10.38
1.09
0.17
0.00
0.00
1.64
10.12
8.49
0.00
8.60
7.11
9.30
5.93
2.45
12.62
12.52
13.32
10.24
1.42
7.89
9.54
16.80
11.19
2.49
0.00
0.00
0.00
0.00
0.00
5.90
6.15
4.21
9.49
21.35
3.06
15.36
10.35
0.00
0.28
0.95
5.38
4.37
2.06
7.56
0.00
1.79
2.17
3.75
4.37
9.10
40.32
4.77
0.00
0.01
0.01
0.21
6.89
0.00
0.00
0.00
1.95
28.50
33.83
46.98
49.82
57.66
63.72
50.42
33.55
18.53
3.91
31.34
53.13
42.88
35.34
19.98
17.27
0.77
0.00
0.30
16.40
22.18
20.34
23.52
23.12
6.30
20.92
36.83
48.27
34.08
9.18
7.41
17.48
2.84
3.75
0.52
0.16
0.31
6.16
13.65
8.69
0.00
0.00
0.00
6.51
0.00
0.00
0.00
1.33
0.00
3.67
0.47
0.28
30.20
39.36
48.56
58.91
51.89
45.38
36.96
23.63
21.55
13.96
17.63
30.32
23.09
12.62
0.00
0.00
2.52
32.82
17.64
0.00
30.23
14.10
25.46
45.82
26.70
24.87
11.03
13.99
24.41
31.69
25.91
31.46
51.10
25.24
0.00
0.00
25.99
18.41
0.00
0.00
0.00
5.36
8.37
12.91
8.62
4.03
5.98
0.00
0.00
0.00
0.00
0.00
0.00
0.00
0.00
0.00
0.00
0.00
0.00
0.00
0.00
0.00
0.00
0.00
0.00
0.00
0.00
0.00
0.00
0.00
0.00
0.00
0.00
0.00
0.00
0.00
0.00
31.02
11.85
0.00
0.00
0.00
4.82
4.82
5.40
0.00
0.00
0.00
0.00
0.00
6.06
5.40
0.00
0.00
0.00
0.00
0.00
0.00
0.00
0.00
4.82
0.00
0.00
0.00
0.00
0.00
0.00
0.00
0.00
0.00
0.00
0.00
0.00
0.00
0.00
0.00
0.00
0.00
0.00
0.00
0.00
0.00
0.00
0.00
0.00
0.00
0.00
0.00
0.00
0.00
0.00
0.00
0.00
0.00
0.00
0.00
0.00
0.00
0.00
0.00
0.00
0.00
0.00
0.00
0.00
0.00
0.00
0.00
0.00
0.00
0.00
0.00
0.00
0.00
0.00
0.00
0.00
0.00
0.00
0.00
0.00
0.00
0.00
0.00
0.00
0.00
0.00
0.00
0.00
0.00
0.00
0.00
0.00
0.00
0.00
0.00
0.00
0.00
0.00
0.00
0.00
0.00
0.00
7.27
0.00
0.00
0.00
0.00
0.00
0.00
0.00
0.00
0.00
0.00
0.00
0.00
0.00
0.00
0.00
0.00
0.00
0.00
0.00
0.00
0.00
0.00
0.00
0.15
6.22
1.66
1.00
0.00
0.00
4.95
1.23
0.29
15.71
3.60
7.14
1.00
0.00
0.00
2.03
2.80
0.00
0.00
0.00
0.00
0.00
2.36
4.15
1.42
0.47
5.45
0.88
0.08
0.00
0.00
0.00
0.00
2.22
0.00
0.00
0.00
0.00
0.00
0.04
0.00
4.62
0.00
0.00
0.00
0.00
0.00
0.00
0.00
0.00
3.45
1.97
14.69
2.76
0.00
0.00
4.47
0.00
4.21
5.77
5.26
2.60
1.23
1.04
0.00
3.93
3.93
0.00
31.21
22.05
20.04
9.21
0.00
0.00
0.00
0.00
2.45
14.69
10.03
11.81
13.54
8.15
35.26
24.06
41.23
49.18
49.45
39.01
34.82
10.56
40.77
40.43
20.61
8.71
2.01
2.98
15.90
13.26
10.85
15.11
16.74
37.04
14.40
16.56
16.29
18.70
7.26
21.10
30.91
18.51
32.52
11.13
8.40
0.00
0.00
0.00
0.14
10.51
17.27
28.57
32.44
42.34
13.08
11.19
34.01
32.83
31.15
24.11
23.30
21.48
18.91
31.15
34.87
20.20
21.20
25.29
24.46
9.04
2.74
0.00
0.00
17.09
2.82
0.02
4.95
38.64
34.53
34.92
45.03
34.34
25.78
22.50
21.32
25.72
2.88
0.30
0.00
0.00
0.96
0.00
0.00
0.00
3.13
1.58
5.71
1.02
3.81
2.63
0.00
0.00
0.00
0.00
0.00
0.00
0.00
0.00
32.68
36.42
53.42
34.09
45.40
32.00
39.18
55.94
33.12
26.24
42.81
0.00
8.76
0.00
3.85
37.56
0.00
0.00
0.00
8.37
19.17
25.79
0.00
0.00
0.00
0.00
0.00
0.00
0.00
10.42
0.00
0.00
0.00
0.00
0.00
0.00
0.00
0.00
0.00
0.00
0.00
0.00
0.00
0.00
7.75
53.52
0.00
0.00
0.00
0.00
0.00
0.00
0.00
0.00
0.00
0.00
0.00
0.00
0.00
17.81
10.12
0.00
0.00
0.00
0.00
0.00
0.00
0.00
0.00
0.00
0.00
0.00
0.00
0.00
0.00
0.00
0.00
0.00
0.00
0.00
0.00
0.00
0.00
0.00
0.00
0.00
0.00
11.93
14.33
9.58
0.00
0.00
0.00
0.00
0.00
0.00
0.00
0.00
0.00
0.00
0.00
14.96
14.96
14.96
14.96
0.00
0.00
0.00
0.00
0.00
0.00
0.00
0.00
0.00
0.00
0.00
0.00
0.00
0.00
14.96
0.00
16.17
0.00
0.00
0.00
16.17
16.17
16.17
0.00
0.00
0.00
0.00
0.00
0.00
0.00
0.00
0.00
0.00
0.00
0.00
0.00
0.00
0.00
0.00
0.00
0.00
0.00
0.00
0.00
0.00
0.00
0.00
0.00
0.00
0.00
0.00
0.00
0.00
0.00
0.00
0.00
0.00
0.00
0.00
0.00
0.00
0.00
0.00
0.00
0.00
0.00
0.00
7.27
7.27
7.27
0.00
7.27
0.00
0.00
0.00
0.00
0.00
1.98
0.00
0.00
0.00
0.00
0.00
0.00
0.00
0.00
0.00
0.00
0.00
0.77
0.00
1.28
5.66
3.40
2.55
1.11
1.53
0.00
0.00
0.00
0.00
0.54
2.39
1.82
0.15
0.48
10.69
4.98
0.08
0.00
0.00
0.00
0.00
0.00
1.64
0.00
0.00
0.00
0.00
0.00
3.68
2.53
9.37
6.42
4.98
1.64
0.37
5.82
2.31
2.08
2.75
2.08
1.31
2.53
2.31
29.51
20.65
1.23
12.92
6.39
3.36
4.74
0.00
0.00
0.00
0.00
0.00
13.02
14.11
1.95
0.34
1.78
25.42
12.01
3.79
11.09
1.42
2.52
8.03
10.79
1.29
9.62
7.52
0.00
0.00
0.00
0.00
1.38
0.41
0.00
2.13
17.36
39.78
17.86
13.54
19.60
84.60
171.73
6.50
4.72
0.59
0.00
18.91
25.15
37.71
43.31
20.95
0.20
11.59
0.00
0.00
1.79
0.00
9.26
8.21
4.72
7.33
7.41
10.21
25.05
41.31
28.32
1.43
37.71
8.27
10.08
11.97
6.45
11.21
10.23
5.36
6.91
0.52
2.18
26.72
28.00
30.26
39.87
25.02
18.21
22.24
26.15
2.61
12.36
54.84
21.28
43.56
37.86
16.14
0.79
17.57
13.51
10.03
5.86
2.28
0.00
0.00
0.00
0.00
0.16
0.09
17.32
12.07
12.07
25.84
24.44
40.83
36.04
34.34
23.00
45.38
32.59
20.99
30.14
34.66
15.80
17.94
24.20
21.93
61.61
44.88
32.37
38.63
54.37
42.47
47.99
49.90
32.37
0.00
0.00
0.00
0.00
0.00
0.00
8.31
51.11
26.74
0.00
0.00
0.00
0.00
18.50
39.88
21.09
4.71
4.55
0.00
0.00
0.00
0.00
0.00
0.00
0.00
0.00
0.00
0.00
0.00
0.00
0.00
0.00
15.19
0.00
0.00
0.00
0.00
9.64
14.21
0.00
0.00
0.00
0.00
0.00
0.00
0.00
0.00
0.00
0.00
0.00
0.00
0.00
0.00
0.00
0.00
0.00
0.00
0.00
11.89
17.24
7.66
5.78
4.82
0.00
7.94
13.54
7.50
0.00
0.00
0.00
0.00
0.00
0.00
0.00
0.00
0.00
0.00
0.00
0.00
0.00
0.00
0.00
0.00
0.00
0.00
0.00
0.00
0.00
0.00
0.00
0.00
0.00
0.00
0.00
0.00
0.00
0.00
14.96
0.00
0.00
0.00
0.00
0.00
0.00
0.00
0.00
0.00
0.00
0.00
0.00
0.00
0.00
0.00
0.00
16.17
16.17
16.17
16.17
16.17
16.17
16.17
16.17
0.00
16.17
16.17
16.17
16.17
16.17
16.17
0.00
16.17
16.17
0.00
0.00
0.00
0.00
0.00
0.00
0.00
0.00
0.00
0.00
0.00
0.00
0.00
0.00
0.00
0.00
0.00
0.00
0.00
7.27
0.00
0.00
0.00
0.00
0.00
0.00
0.00
0.00
0.00
0.00
0.00
0.00
0.00
0.00
0.00
0.00
0.00
0.00
0.00
0.00
0.00
0.00
0.00
0.00
0.00
0.00
0.00
0.00
0.00
0.00
0.62
2.93
0.04
0.00
0.00
0.08
0.15
0.72
2.50
0.00
0.00
0.29
5.99
1.23
0.54
6.36
4.95
3.89
3.80
5.05
3.00
0.08
0.17
5.69
10.00
5.34
12.14
2.75
3.91
5.69
14.47
3.16
6.03
7.61
1.61
0.50
3.28
3.21
1.74
8.19
1.97
0.13
0.00
0.00
0.00
0.42
0.00
0.22
0.83
2.08
1.20
0.00
0.00
0.00
0.00
0.34
1.42
0.00
0.00
1.42
3.79
3.65
4.13
9.16
17.24
8.35
7.07
12.17
12.95
2.95
7.25
11.00
0.00
0.00
0.00
0.00
9.57
26.90
2.91
16.64
11.04
14.13
0.61
1.59
20.61
7.08
10.76
19.93
32.20
16.51
12.20
4.62
2.77
14.62
31.58
34.57
17.48
3.39
0.00
3.31
4.30
0.00
0.26
12.63
18.74
6.34
6.49
17.76
2.86
4.37
4.04
4.17
5.53
22.72
20.75
26.12
22.69
2.38
8.79
2.23
3.44
5.98
9.91
23.75
19.39
22.38
23.87
16.96
4.22
0.00
0.00
0.00
0.00
0.00
0.00
0.00
2.46
9.41
9.41
14.75
14.86
7.41
1.11
0.01
3.19
5.23
9.69
9.77
15.60
26.85
37.40
15.61
0.00
0.36
0.46
0.40
3.42
4.80
5.49
20.17
3.61
5.90
13.99
20.42
29.83
5.06
0.00
0.04
0.85
2.96
9.27
3.46
0.00
0.00
0.00
0.00
0.00
0.00
10.73
0.00
8.16
0.00
7.97
0.00
0.00
0.00
0.00
4.80
0.00
16.11
23.16
15.96
0.00
0.00
0.00
0.00
0.00
7.22
15.51
11.85
0.00
10.79
0.00
7.97
21.91
49.33
0.00
38.33
58.04
0.00
0.00
0.00
0.00
0.00
0.00
17.81
24.17
0.00
0.00
0.00
0.00
0.00
0.00
0.00
0.00
0.00
0.00
0.00
0.00
0.00
0.00
0.00
0.00
0.00
0.00
0.00
0.00
0.00
0.00
0.00
0.00
0.00
0.00
0.00
0.00
0.00
0.00
0.00
0.00
0.00
0.00
0.00
0.00
0.00
0.00
0.00
0.00
0.00
0.00
0.00
0.00
0.00
0.00
0.00
0.00
0.00
0.00
0.00
0.00
0.00
0.00
0.00
0.00
0.00
0.00
0.00
0.00
0.00
0.00
0.00
0.00
0.00
0.00
0.00
0.00
0.00
0.00
0.00
0.00
0.00
0.00
0.00
0.00
0.00
0.00
0.00
0.00
0.00
0.00
0.00
0.00
0.00
0.00
0.00
0.00
0.00
0.00
0.00
0.00
0.00
0.00
0.00
0.00
0.00
0.00
16.17
16.17
0.00
0.00
0.00
0.00
0.00
0.00
0.00
0.00
0.00
0.00
0.00
0.00
0.00
0.00
0.00
0.00
0.00
0.00
0.00
0.00
0.00
0.00
0.00
0.00
0.00
0.00
0.00
0.00
0.00
0.00
0.00
0.00
0.00
0.00
0.00
0.00
0.00
0.00
0.00
0.00
0.00
0.00
0.00
0.00
0.41
6.36
8.90
0.00
0.00
0.00
0.00
0.00
1.23
0.29
0.00
0.00
0.00
0.00
0.00
2.03
1.98
0.41
1.77
2.80
0.15
3.50
0.00
0.83
0.45
9.52
11.88
7.77
1.64
0.04
36.04
0.04
5.10
10.50
14.34
24.27
11.92
13.38
0.00
0.00
0.00
6.96
11.00
9.62
3.91
4.86
2.19
26.27
4.15
6.18
14.95
12.21
8.13
6.79
6.30
4.09
11.09
14.01
9.49
7.52
8.71
5.00
9.49
4.61
2.45
0.00
1.42
0.00
6.26
8.38
15.27
13.12
5.52
0.00
0.00
13.62
28.76
32.14
24.92
15.93
5.71
0.20
0.00
0.00
7.80
16.22
18.70
7.82
8.33
14.88
18.37
11.24
3.49
1.33
0.00
0.00
1.30
3.77
1.52
9.26
6.18
2.15
16.08
17.90
31.45
36.26
5.80
21.00
14.66
12.40
6.38
17.02
10.31
5.35
29.58
5.04
10.03
9.74
14.22
13.79
1.58
0.01
0.00
0.00
1.68
0.00
0.00
1.79
3.77
8.79
1.64
14.66
19.55
7.72
4.66
0.11
0.14
1.58
3.52
2.93
3.44
39.23
36.83
35.51
18.08
0.00
0.85
4.86
16.83
22.61
9.75
0.53
1.09
2.96
1.35
23.97
31.68
3.93
0.19
0.00
2.74
5.24
0.00
0.19
0.23
1.76
6.95
18.02
14.03
0.65
0.00
0.00
7.19
2.52
4.11
9.52
4.35
2.26
0.13
10.44
38.34
8.10
24.23
56.84
43.81
14.31
27.22
8.95
0.00
0.00
0.00
0.00
15.96
0.00
0.00
0.00
18.70
44.35
19.07
16.36
0.00
11.79
17.16
14.31
0.00
0.00
0.00
0.00
0.00
0.00
18.18
50.82
33.86
14.21
0.00
0.00
0.00
0.00
0.00
0.00
0.00
0.00
0.00
0.00
0.00
0.00
0.00
0.00
0.00
0.00
0.00
0.00
0.00
0.00
21.91
23.61
0.00
0.00
0.00
3.45
0.00
0.00
0.00
0.00
0.00
0.00
0.00
0.00
0.00
10.31
10.00
7.66
8.19
0.00
0.00
0.00
0.00
0.00
0.00
0.00
0.00
0.00
0.00
0.00
0.00
0.00
0.00
0.00
0.00
0.00
0.00
0.00
0.00
0.00
0.00
0.00
14.96
14.96
14.96
0.00
0.00
14.96
14.96
14.96
0.00
0.00
14.96
0.00
0.00
0.00
0.00
0.00
0.00
0.00
0.00
0.00
0.00
0.00
0.00
0.00
0.00
0.00
0.00
0.00
0.00
0.00
0.00
0.00
0.00
0.00
0.00
0.00
0.00
0.00
0.00
0.00
0.00
0.00
0.00
0.00
0.00
0.00
0.00
0.00
0.00
0.00
0.00
0.00
0.00
0.00
0.00
0.00
0.00
0.00
0.00
7.27
7.27
0.00
0.00
0.00
7.27
0.00
0.00
0.00
0.00
0.00
0.00
0.00
0.00
0.00
0.00
0.00
0.00
0.00
0.00
0.00
7.27
7.27
7.27
0.00
2.80
5.05
18.03
23.53
0.51
5.89
1.45
8.63
9.96
0.00
0.15
0.08
0.19
0.75
4.47
3.99
1.33
3.45
1.87
1.93
3.60
0.00
1.77
0.77
0.00
0.00
3.30
5.61
1.77
4.47
4.61
7.96
1.81
0.00
5.18
7.18
7.86
20.41
2.05
1.25
2.64
1.58
0.00
2.75
0.00
0.94
0.57
2.36
12.27
8.38
8.75
10.50
2.87
0.00
1.91
2.64
2.64
1.64
2.98
2.08
2.53
8.15
6.75
2.28
3.21
0.00
0.00
0.00
6.51
6.20
4.87
0.00
2.68
5.00
3.75
6.39
2.91
6.39
7.69
0.00
0.00
1.23
0.00
0.82
9.71
0.00
0.00
0.00
3.79
5.00
4.67
0.00
0.00
0.00
0.69
1.19
0.00
1.43
2.01
0.07
1.23
0.43
0.63
17.07
89.09
9.28
7.39
7.24
1.40
0.16
3.39
7.00
17.71
7.87
4.57
1.00
2.74
10.72
5.59
6.60
0.00
0.00
0.00
0.88
26.72
28.94
33.78
36.19
21.84
15.59
1.51
3.79
0.00
0.16
0.00
0.01
0.09
0.09
4.25
0.76
0.36
6.37
22.15
1.22
5.91
8.87
10.47
18.06
24.31
16.81
20.34
9.04
0.00
2.42
0.00
15.65
2.70
6.38
0.00
0.00
2.36
9.44
9.44
0.00
3.43
8.37
0.00
0.87
10.90
27.63
7.12
0.00
3.46
1.14
0.00
7.07
13.58
8.84
14.73
14.08
0.13
0.27
0.00
0.51
17.55
20.00
1.99
0.00
10.73
13.45
37.28
31.61
37.56
54.73
45.53
35.91
0.00
0.00
10.98
26.24
4.63
0.00
0.00
0.00
0.00
0.00
5.03
15.80
16.16
0.00
0.00
0.00
0.00
7.97
0.00
0.00
0.00
0.00
0.00
0.00
0.00
0.00
0.00
0.00
0.00
0.00
0.00
0.00
0.00
0.00
0.00
25.05
34.96
20.81
20.05
0.00
2.54
0.00
0.00
0.00
0.00
0.00
0.00
0.00
0.00
0.00
0.00
0.00
0.00
0.00
0.00
0.00
0.00
0.00
6.83
9.69
0.00
0.00
0.00
0.00
0.00
0.00
0.00
0.00
0.00
0.00
0.00
0.00
0.00
0.00
0.00
0.00
0.00
0.00
0.00
0.00
0.00
0.00
0.00
0.00
0.00
0.00
0.00
0.00
0.00
0.00
0.00
0.00
0.00
0.00
0.00
0.00
0.00
0.00
0.00
0.00
0.00
0.00
0.00
0.00
0.00
0.00
0.00
0.00
0.00
0.00
0.00
0.00
0.00
0.00
0.00
0.00
0.00
0.00
0.00
0.00
0.00
0.00
0.00
0.00
0.00
0.00
0.00
0.00
0.00
0.00
0.00
0.00
0.00
0.00
0.00
0.00
0.00
0.00
0.00
0.00
16.17
0.00
0.00
0.00
0.00
0.00
7.27
0.00
0.00
0.00
0.00
0.00
0.00
7.27
7.27
7.27
7.27
0.00
0.00
0.00
0.00
0.00
0.00
0.00
0.00
0.00
0.00
0.00
0.00
0.00
0.00
0.00
0.00
0.00
8.63
4.47
7.28
1.11
0.00
0.00
0.00
0.00
0.00
0.00
2.90
2.19
0.00
1.98
0.00
0.00
0.00
0.00
0.00
0.00
0.00
0.00
0.00
1.55
1.45
0.15
4.27
4.51
22.28
3.91
12.52
3.74
0.04
3.25
1.91
0.37
0.54
0.00
2.93
4.38
0.27
0.00
0.47
2.31
3.45
0.00
4.03
1.52
1.64
6.18
3.57
1.09
2.42
4.21
6.54
1.20
3.21
8.71
5.13
19.42
26.65
6.02
3.21
8.03
0.00
0.00
8.49
24.08
0.60
3.57
0.00
0.00
0.00
0.00
0.00
0.00
0.00
0.00
0.00
0.00
0.00
0.00
0.00
0.00
0.00
0.00
0.00
4.70
1.74
0.31
0.00
0.74
0.00
4.24
2.06
0.91
0.12
3.23
3.38
1.98
1.61
2.23
2.60
9.01
3.18
7.82
2.95
25.86
28.22
44.33
25.48
45.30
15.83
11.97
14.53
38.22
38.75
18.69
1.71
4.13
19.85
8.91
3.27
6.66
8.03
8.63
8.55
7.76
0.00
3.94
17.17
0.14
1.01
11.39
1.41
4.91
12.66
16.45
18.32
34.48
37.58
23.75
6.74
4.16
0.00
5.39
15.84
13.84
19.93
7.99
12.75
0.00
2.31
16.30
13.46
1.22
0.94
2.31
1.79
22.72
23.40
29.09
20.74
16.45
2.00
0.00
0.00
4.42
15.08
0.81
0.00
0.00
0.00
2.13
4.33
6.89
9.35
36.83
38.17
43.68
0.00
0.00
0.00
0.00
0.00
0.00
0.00
13.24
0.00
0.00
0.00
0.00
22.33
37.50
38.02
5.03
10.98
0.00
0.00
0.00
0.00
0.00
0.00
0.00
0.00
0.00
0.00
0.00
0.00
0.00
0.00
18.95
0.00
0.00
10.42
4.69
0.00
0.00
0.00
0.00
0.00
0.00
0.00
32.06
0.00
0.00
0.00
0.00
15.70
0.00
0.00
0.00
0.00
0.00
0.00
0.00
0.00
0.00
0.00
0.00
0.00
0.00
0.00
0.00
0.00
0.00
0.00
0.00
0.00
0.00
0.00
0.00
0.00
0.00
0.00
0.00
0.00
0.00
0.00
0.00
0.00
0.00
0.00
0.00
0.00
0.00
0.00
0.00
0.00
0.00
0.00
0.00
0.00
0.00
0.00
0.00
0.00
0.00
0.00
0.00
0.00
0.00
0.00
0.00
0.00
0.00
0.00
0.00
0.00
0.00
0.00
0.00
0.00
0.00
0.00
0.00
0.00
0.00
0.00
14.96
14.96
0.00
0.00
0.00
0.00
0.00
0.00
0.00
0.00
0.00
0.00
0.00
0.00
16.17
0.00
0.00
0.00
0.00
0.00
0.00
0.00
0.00
0.00
0.00
0.00
0.00
0.00
0.00
0.00
0.00
0.00
0.00
0.00
0.00
0.00
0.00
0.00
0.00
0.00
0.00
0.00
0.00
0.00
0.00
0.00
0.00
0.00
0.00
0.00
7.27
7.27
7.27
0.00
0.00
0.00
7.27
7.27
7.27
7.27
7.27
2.03
0.00
0.00
0.00
2.50
0.00
0.00
1.66
0.15
0.02
0.00
0.00
0.00
0.00
0.00
0.00
0.00
0.00
0.00
2.86
2.62
4.73
0.00
0.00
0.00
0.00
3.80
3.20
0.00
0.00
0.00
0.00
2.02
1.42
1.31
2.19
2.59
2.25
17.22
5.66
1.77
3.57
1.97
2.33
2.14
3.57
1.42
2.93
2.70
8.88
11.03
0.17
0.00
6.36
12.14
8.32
12.78
14.66
5.93
8.75
13.38
23.88
0.00
2.45
2.28
0.00
0.00
4.34
3.93
0.00
5.13
6.51
6.15
5.90
12.42
9.81
7.46
13.62
21.78
14.21
3.50
0.00
0.00
7.34
17.61
19.15
19.28
17.61
65.40
38.47
26.55
0.00
0.00
4.11
8.19
4.42
8.69
36.15
27.67
15.67
18.37
3.01
0.30
1.23
14.51
27.98
9.99
7.03
0.00
0.00
0.00
0.00
1.05
5.35
10.80
1.09
0.00
0.00
0.00
0.14
0.02
0.00
0.22
3.18
16.60
30.00
28.72
18.80
9.16
0.09
0.95
3.76
20.07
18.48
19.12
11.12
25.19
29.56
33.28
55.19
73.28
51.23
17.64
8.61
0.27
7.38
0.75
3.44
8.35
7.34
0.00
0.00
0.00
0.00
0.87
5.58
16.09
36.83
17.37
16.02
7.19
4.77
0.08
5.71
0.16
2.13
0.00
4.39
4.49
10.90
32.73
40.86
25.37
22.50
20.77
2.08
12.75
0.00
0.00
0.57
2.66
3.13
0.00
5.12
19.63
59.56
0.00
0.00
0.00
0.00
0.00
0.00
0.00
28.07
20.04
15.14
13.02
20.37
34.76
19.63
4.36
0.00
0.00
0.00
0.00
24.74
0.00
20.09
6.58
0.00
0.00
0.00
0.00
0.00
47.23
62.70
60.02
53.91
42.23
28.01
18.95
0.00
0.00
0.00
14.21
11.89
0.00
0.00
14.21
35.85
25.69
23.61
24.93
6.36
22.48
14.71
0.00
0.00
0.00
0.00
0.00
0.00
0.00
0.00
0.00
0.00
0.00
0.00
0.00
0.00
0.00
0.00
0.00
0.00
11.26
11.75
0.00
5.40
0.00
0.00
0.00
0.00
0.00
0.00
5.40
5.40
0.00
0.00
0.00
0.00
0.00
0.00
0.00
0.00
0.00
14.96
14.96
0.00
0.00
0.00
0.00
0.00
0.00
0.00
0.00
0.00
0.00
0.00
0.00
14.96
14.96
0.00
14.96
0.00
14.96
0.00
0.00
0.00
0.00
0.00
0.00
14.96
14.96
14.96
0.00
0.00
0.00
16.17
0.00
0.00
0.00
0.00
0.00
0.00
0.00
0.00
0.00
0.00
0.00
0.00
0.00
0.00
0.00
0.00
16.17
16.17
0.00
0.00
0.00
0.00
0.00
0.00
0.00
0.00
0.00
0.00
0.00
0.00
0.00
0.00
0.00
7.27
0.00
0.00
0.00
0.00
0.00
0.00
0.00
0.00
0.00
0.00
0.00
0.00
0.00
0.00
0.00
0.00
0.00
0.00
0.00
0.00
0.00
0.00
0.00
0.00
0.00
0.00
0.00
0.00
0.00
0.00
0.00
3.23
4.36
2.38
1.06
2.87
0.00
0.00
0.00
0.00
0.00
1.77
5.33
5.61
1.06
0.00
0.00
0.00
0.00
5.05
5.42
4.95
1.66
1.66
0.00
4.27
5.82
2.75
3.45
3.28
8.19
12.93
2.59
0.00
0.02
8.26
12.14
3.62
18.66
21.68
28.16
4.15
0.99
4.62
0.00
0.00
0.00
0.00
0.00
0.00
4.80
15.99
1.09
9.56
5.18
11.73
4.21
22.90
0.00
1.42
0.00
0.00
0.00
0.00
3.93
0.00
0.00
0.00
0.00
0.00
0.00
0.00
0.00
0.00
0.00
5.39
13.32
24.34
14.93
13.91
15.12
18.97
17.86
15.76
0.00
5.10
7.35
2.95
7.37
0.34
1.66
17.11
27.15
3.28
2.02
6.07
0.00
0.00
0.00
0.00
6.80
11.53
20.08
4.63
2.45
9.74
7.56
7.33
25.79
3.59
7.94
13.69
13.52
3.47
3.38
1.85
10.51
26.85
20.42
7.00
3.10
0.41
0.14
1.80
2.28
8.83
17.38
21.65
27.82
19.93
5.07
13.89
14.17
10.77
12.13
8.79
3.32
15.45
5.12
33.48
21.25
11.25
11.30
4.50
3.27
2.01
14.03
1.79
7.62
0.17
1.31
3.92
7.50
4.89
6.14
10.55
28.05
65.58
20.99
20.83
18.70
10.55
0.00
4.41
0.00
0.00
0.00
1.41
2.96
0.10
0.00
0.44
1.27
0.00
0.96
0.00
0.00
0.81
7.70
15.55
15.55
37.42
21.45
11.90
5.52
10.50
13.67
21.45
0.00
20.37
0.00
0.00
13.02
0.00
0.00
7.90
8.89
7.97
0.00
0.00
15.34
0.00
0.00
0.00
0.00
0.00
0.00
0.00
0.00
0.00
0.00
0.00
0.00
0.00
23.61
33.16
37.44
42.63
0.00
0.00
11.89
0.00
0.00
0.00
0.00
0.00
0.00
0.00
0.00
0.00
0.00
0.00
0.00
0.00
0.00
0.00
0.00
0.00
35.54
0.00
0.00
0.00
0.00
0.00
0.00
0.00
0.00
0.00
9.25
9.48
13.25
10.54
0.00
5.78
5.40
0.00
0.00
0.00
0.00
0.00
0.00
0.00
0.00
0.00
0.00
0.00
0.00
0.00
0.00
0.00
0.00
14.96
0.00
0.00
0.00
0.00
0.00
0.00
0.00
0.00
0.00
0.00
0.00
0.00
0.00
14.96
14.96
0.00
0.00
0.00
0.00
0.00
0.00
0.00
0.00
0.00
0.00
0.00
0.00
0.00
0.00
0.00
0.00
0.00
0.00
0.00
0.00
0.00
0.00
0.00
0.00
0.00
0.00
0.00
0.00
0.00
0.00
0.00
0.00
16.17
16.17
16.17
0.00
0.00
0.00
0.00
0.00
0.00
0.00
0.00
0.00
0.00
0.00
0.00
0.00
0.00
0.00
0.00
7.27
7.27
7.27
7.27
7.27
0.00
0.00
0.00
0.00
0.00
0.00
0.00
0.00
0.00
0.00
0.00
0.00
0.00
0.00
0.00
0.00
0.00
0.00
0.00
0.00
0.00
0.00
0.00
0.00
0.00
0.00
0.00
0.00
0.00
0.00
0.00
0.00
0.00
0.00
1.11
7.41
20.17
17.00
2.39
0.15
0.00
0.00
1.77
5.80
3.10
3.30
2.50
0.00
0.00
0.00
0.00
0.00
0.00
0.00
0.00
6.42
0.00
0.00
0.00
0.00
0.00
4.03
1.31
0.00
0.88
1.31
0.00
1.52
5.93
4.09
9.00
4.38
1.52
4.62
7.52
0.00
7.03
15.46
6.08
10.72
3.36
11.81
14.98
5.77
0.00
0.00
2.80
18.45
23.07
22.35
27.59
0.00
0.00
0.66
2.12
15.74
25.34
14.01
20.12
37.30
30.34
2.84
5.90
0.00
10.88
9.92
4.87
0.60
0.00
7.56
13.08
5.56
11.82
7.85
1.51
8.99
0.57
0.00
0.00
0.00
0.00
0.00
4.17
17.07
4.77
0.00
0.00
6.39
6.43
14.53
14.40
30.96
45.42
43.20
22.87
14.09
19.08
6.23
0.00
11.21
16.86
7.80
0.00
0.00
0.00
0.00
0.00
0.11
10.51
2.88
0.43
4.10
9.83
19.06
4.34
7.64
19.06
13.31
15.99
12.89
18.63
27.94
19.17
20.26
14.56
18.42
7.18
1.12
0.57
27.09
40.18
39.56
25.13
16.52
6.51
1.24
2.25
0.00
6.16
8.80
0.78
18.30
19.20
33.23
37.03
22.16
16.20
7.46
6.59
0.00
0.98
2.00
0.00
0.00
0.00
1.48
7.50
32.22
22.61
0.85
0.00
0.00
0.00
48.25
9.26
0.00
0.00
0.00
10.25
0.00
23.72
25.08
37.06
12.23
0.00
40.98
42.33
5.36
18.32
11.44
0.55
0.00
8.76
22.16
11.20
0.00
0.00
0.00
0.00
5.67
0.00
0.00
0.00
0.00
18.18
16.97
18.55
34.20
0.00
0.00
0.00
0.00
0.00
0.00
4.69
0.00
0.00
0.00
0.00
0.00
0.00
0.00
0.00
0.00
0.00
0.00
0.00
0.00
0.00
0.00
0.00
0.00
0.00
0.00
0.00
0.00
0.00
0.00
0.00
0.00
0.00
0.00
0.00
0.00
0.00
0.00
0.00
5.40
0.00
0.00
0.00
0.00
0.00
0.00
8.19
10.97
9.73
6.06
5.40
5.40
0.00
0.00
0.00
0.00
0.00
0.00
14.96
0.00
0.00
0.00
0.00
0.00
0.00
0.00
0.00
0.00
0.00
0.00
14.96
14.96
0.00
0.00
0.00
0.00
0.00
0.00
0.00
0.00
0.00
0.00
0.00
0.00
0.00
0.00
0.00
0.00
0.00
0.00
0.00
0.00
0.00
0.00
0.00
0.00
0.00
0.00
0.00
0.00
0.00
0.00
0.00
0.00
16.17
0.00
0.00
0.00
0.00
0.00
0.00
0.00
0.00
16.17
0.00
0.00
0.00
0.00
0.00
0.00
0.00
0.00
0.00
0.00
0.00
0.00
0.00
0.00
0.00
0.00
0.00
0.00
0.00
0.00
0.00
0.00
7.27
0.00
0.00
0.00
7.27
7.27
7.27
3.40
1.66
1.11
0.15
0.00
0.00
3.30
2.39
1.77
1.06
0.00
0.00
0.00
0.00
0.00
0.00
0.00
0.00
0.00
1.00
0.77
0.00
3.25
0.00
5.33
3.10
1.66
2.83
0.00
0.00
0.00
0.00
0.27
2.87
0.00
0.00
0.37
4.51
4.98
0.13
4.74
7.52
3.45
10.81
9.22
5.58
0.08
7.39
1.20
0.08
13.92
1.86
3.74
6.06
0.00
2.84
13.06
1.33
1.64
0.00
0.00
5.00
9.05
11.09
6.20
3.79
5.84
7.80
6.87
3.21
9.05
14.30
15.98
5.77
14.11
10.13
6.63
2.45
0.00
0.00
3.50
4.21
0.00
1.23
0.82
1.04
5.33
5.71
0.00
0.20
0.31
0.34
0.43
0.34
0.00
0.00
0.00
0.00
0.65
1.14
0.57
3.44
4.30
2.28
2.57
0.45
23.66
15.11
12.40
12.06
10.23
19.46
13.95
13.78
10.64
17.20
14.09
15.83
19.60
28.19
17.32
1.42
0.00
5.02
12.96
0.40
24.16
29.75
15.92
12.80
12.24
13.31
5.58
10.57
27.88
20.07
13.25
1.77
0.00
0.00
0.00
0.15
0.00
0.41
1.63
1.60
0.18
0.00
0.00
0.15
0.50
1.38
0.00
0.90
8.65
18.89
33.62
42.84
28.97
16.09
8.69
4.57
6.22
1.96
4.84
0.00
0.00
0.00
0.62
10.81
10.90
0.00
2.16
13.41
31.58
11.52
4.56
1.74
0.36
0.00
2.74
5.06
3.95
0.52
0.00
0.00
5.67
10.13
0.34
0.00
0.00
0.00
0.00
0.00
14.73
30.47
0.00
0.00
0.00
0.00
0.00
0.00
0.00
0.00
0.00
0.00
12.57
15.19
8.62
0.00
0.00
4.88
26.08
33.91
23.07
0.00
0.00
0.00
22.27
19.47
0.00
0.00
0.00
0.00
0.00
0.00
0.00
0.00
49.02
33.50
20.97
0.00
0.00
4.13
0.00
19.97
33.16
42.23
18.55
0.00
0.00
0.00
0.00
0.00
0.00
0.00
0.00
0.00
0.00
0.00
0.00
0.00
0.00
0.00
0.00
0.00
7.94
8.76
0.00
0.00
0.00
5.40
0.00
0.00
0.00
0.00
11.89
14.38
10.63
5.40
5.40
5.40
0.00
0.00
0.00
0.00
0.00
0.00
0.00
0.00
0.00
0.00
0.00
0.00
0.00
14.96
0.00
0.00
0.00
0.00
0.00
0.00
0.00
0.00
0.00
0.00
0.00
0.00
14.96
0.00
0.00
0.00
0.00
0.00
0.00
0.00
0.00
0.00
0.00
0.00
0.00
0.00
0.00
0.00
0.00
0.00
0.00
16.17
16.17
16.17
0.00
0.00
0.00
0.00
0.00
0.00
0.00
0.00
0.00
0.00
0.00
0.00
0.00
0.00
0.00
0.00
0.00
0.00
0.00
0.00
0.00
0.00
0.00
0.00
0.00
0.00
0.00
7.27
7.27
7.27
0.00
0.00
0.00
0.00
7.27
7.27
0.00
7.27
7.27
7.27
7.27
7.27
7.27
0.00
0.00
0.00
0.00
0.00
0.00
0.00
5.33
9.83
6.68
2.24
0.00
0.00
0.00
0.00
2.68
0.04
1.28
0.00
0.00
0.00
0.00
0.00
0.00
0.00
0.00
0.00
0.00
0.00
0.00
0.00
0.22
7.91
3.51
0.08
0.00
0.00
1.52
2.08
1.09
0.00
0.00
0.00
0.00
0.00
0.00
0.00
0.00
0.00
0.00
3.86
3.10
2.53
1.64
5.15
1.36
10.25
14.70
6.06
8.63
1.31
11.63
14.44
8.03
20.57
12.72
10.56
6.51
1.95
0.00
0.00
0.00
3.36
11.50
2.76
5.65
0.00
0.00
0.00
10.40
15.46
3.21
0.00
10.48
18.45
12.55
1.56
0.00
0.00
0.00
0.00
0.00
10.93
12.72
1.71
5.35
7.43
12.16
19.01
0.17
0.00
0.00
1.22
18.65
0.61
7.56
0.65
5.38
9.38
1.98
19.05
7.09
31.18
56.98
32.18
25.49
28.64
4.44
4.70
27.75
37.09
18.51
8.87
0.00
0.00
3.67
0.07
5.12
9.16
9.66
34.08
33.55
5.91
0.00
0.10
0.00
13.50
0.00
20.53
19.39
17.38
0.65
10.68
8.67
0.00
0.14
9.78
31.60
10.36
3.14
24.55
19.82
27.42
17.69
6.57
0.21
0.00
0.00
0.25
0.38
1.74
0.90
6.66
11.12
0.85
1.91
15.89
23.97
21.38
16.60
0.00
0.00
0.00
0.00
6.75
20.39
7.19
0.36
0.00
0.00
0.00
6.40
4.44
7.48
0.41
5.33
27.94
0.00
0.00
11.39
10.62
3.65
17.73
30.58
43.55
0.00
0.00
4.71
24.49
14.58
0.00
13.50
37.63
39.88
16.01
0.00
18.32
0.00
0.00
0.00
0.00
1.76
0.00
0.00
0.00
0.00
0.00
0.00
12.50
25.45
0.00
23.61
0.00
0.00
0.00
0.00
0.00
0.00
0.00
0.00
4.69
0.00
0.00
5.17
3.45
3.45
4.69
0.00
0.00
0.00
0.00
0.00
0.00
0.00
0.00
0.00
0.00
0.00
0.00
0.00
0.00
0.00
0.00
0.00
0.00
0.00
0.00
0.00
0.00
0.00
0.00
0.00
0.00
0.00
0.00
0.00
0.00
0.00
0.00
0.00
0.00
0.00
0.00
0.00
0.00
0.00
0.00
0.00
0.00
0.00
0.00
0.00
0.00
0.00
0.00
0.00
0.00
0.00
0.00
0.00
0.00
0.00
0.00
0.00
0.00
0.00
0.00
0.00
0.00
0.00
0.00
0.00
0.00
0.00
0.00
0.00
0.00
0.00
0.00
0.00
0.00
0.00
0.00
0.00
0.00
0.00
0.00
0.00
0.00
0.00
0.00
0.00
0.00
0.00
0.00
0.00
0.00
16.17
16.17
16.17
16.17
0.00
0.00
0.00
0.00
0.00
0.00
0.00
0.00
0.00
0.00
0.00
0.00
0.00
0.00
0.00
0.00
0.00
0.00
0.00
0.00
0.00
0.00
0.00
0.00
7.27
0.00
0.00
0.00
0.00
0.00
0.00
7.27
0.00
0.00
0.00
0.00
0.00
0.00
0.00
0.00
0.95
1.86
1.66
0.00
0.00
0.00
0.00
0.00
0.00
0.00
0.00
0.00
0.00
0.00
0.00
0.00
0.00
0.00
0.00
0.00
0.00
0.00
0.00
0.00
1.66
3.30
1.45
6.63
22.67
7.21
4.15
22.08
8.55
7.80
11.88
21.84
0.57
0.13
0.06
7.83
5.39
3.33
0.00
0.00
0.34
1.52
2.90
2.82
2.67
0.00
0.00
1.64
5.82
1.64
0.78
2.42
0.00
1.97
4.47
6.99
3.65
0.00
0.00
3.36
9.67
14.86
7.43
3.06
0.00
0.00
11.19
10.88
4.47
13.91
8.71
0.20
4.00
2.76
16.03
14.01
19.33
36.12
32.38
22.71
28.96
11.09
2.08
3.65
0.49
0.01
0.00
0.00
0.00
0.11
0.45
3.19
23.36
22.47
17.02
7.26
2.48
3.77
13.17
7.98
14.05
25.81
17.11
18.51
12.23
21.20
16.19
30.03
28.92
17.48
2.34
0.00
3.35
19.65
13.21
13.48
8.21
22.01
32.90
14.51
10.68
8.67
8.19
14.12
25.22
21.87
17.90
10.82
4.82
6.74
0.00
0.78
38.54
27.94
21.93
23.18
34.08
25.85
13.08
18.77
4.92
1.84
20.51
47.68
44.28
32.11
42.17
41.69
37.91
30.07
31.83
20.72
20.39
16.25
26.19
32.28
23.09
30.95
43.89
20.83
8.33
11.44
40.48
64.37
5.23
0.00
0.84
0.00
0.00
0.00
0.00
0.12
1.74
0.00
0.00
1.10
11.52
10.25
15.55
46.25
39.22
58.24
8.83
0.00
0.00
0.00
0.00
25.40
23.50
42.95
41.87
43.78
45.73
40.45
5.44
0.00
0.00
8.50
17.44
13.88
0.00
5.03
0.00
0.00
0.00
0.00
0.00
19.04
0.00
0.00
0.00
0.00
0.00
0.00
0.00
0.00
0.00
0.00
0.00
0.00
0.00
0.00
0.00
24.93
0.00
65.34
21.27
23.07
0.00
0.00
0.00
0.00
0.00
0.00
0.00
0.00
0.00
0.00
0.00
5.40
0.00
0.00
0.00
0.00
0.00
4.82
0.00
0.00
0.00
0.00
0.00
0.00
0.00
0.00
0.00
0.00
0.00
0.00
0.00
0.00
0.00
0.00
0.00
0.00
0.00
0.00
0.00
0.00
0.00
0.00
0.00
0.00
0.00
0.00
0.00
0.00
0.00
0.00
0.00
0.00
0.00
0.00
0.00
0.00
0.00
0.00
0.00
0.00
0.00
0.00
0.00
0.00
0.00
0.00
0.00
0.00
0.00
0.00
0.00
0.00
0.00
0.00
0.00
0.00
0.00
0.00
0.00
0.00
0.00
0.00
0.00
0.00
0.00
0.00
0.00
0.00
0.00
0.00
0.00
0.00
0.00
0.00
0.00
0.00
0.00
0.00
0.00
0.00
0.00
0.00
0.00
0.00
0.00
0.00
0.00
0.00
0.00
0.00
0.00
7.27
0.00
0.00
0.00
0.00
0.00
0.00
7.27
7.27
0.00
0.00
0.00
0.00
0.00
0.00
0.00
0.00
0.00
0.00
0.00
0.00
0.00
0.00
3.81
0.15
0.02
2.06
4.86
0.38
0.89
0.54
0.00
0.00
1.33
0.00
3.00
4.38
0.04
0.00
0.54
0.77
0.00
0.00
0.00
0.00
0.00
0.89
0.00
0.00
3.50
3.68
0.00
0.00
0.00
3.45
6.06
4.62
5.58
3.57
5.45
0.08
1.74
1.64
15.85
4.98
0.00
0.27
0.00
3.45
2.53
2.19
6.66
10.88
15.02
1.08
3.26
14.06
3.10
0.00
0.00
0.00
0.00
1.60
3.21
0.00
0.00
1.23
1.95
0.49
0.34
3.21
2.28
10.35
8.38
7.11
4.81
25.01
13.02
13.62
2.20
3.65
0.00
0.00
0.00
0.00
0.55
5.59
4.21
5.10
0.00
4.21
5.52
3.35
2.12
3.04
3.66
2.74
8.17
2.34
3.13
22.39
12.48
3.79
11.72
1.79
1.56
2.23
1.59
5.13
17.27
32.33
39.86
41.14
39.86
39.78
10.95
22.87
27.96
35.70
97.16
58.91
26.63
53.79
40.99
39.31
37.51
42.59
24.11
0.95
2.78
18.37
35.68
52.73
40.99
40.78
48.27
48.62
42.41
33.95
16.55
9.49
9.74
13.50
26.96
16.25
11.39
0.06
16.25
6.89
2.88
3.32
13.89
11.44
6.29
0.00
0.00
1.35
0.99
5.23
18.20
17.21
25.48
23.89
24.20
8.88
6.38
13.41
22.61
23.06
4.17
0.03
0.00
0.00
0.00
15.57
19.34
16.55
7.79
5.19
12.52
10.03
0.00
2.52
5.98
15.75
28.62
49.42
48.28
64.30
29.57
22.51
0.00
28.47
7.28
19.54
13.56
4.71
5.36
0.00
0.00
0.00
0.00
0.00
0.00
0.00
0.00
0.00
0.00
0.00
7.55
15.29
15.55
16.41
57.16
56.80
0.00
0.00
0.00
0.00
0.00
0.00
0.00
0.00
0.00
0.00
0.00
0.00
0.00
38.33
36.19
43.27
34.20
75.62
41.98
0.00
0.00
0.00
0.00
0.00
0.00
0.00
14.47
0.00
0.00
0.00
0.00
6.83
9.31
10.16
0.00
9.58
0.00
5.40
6.06
0.00
0.00
0.00
0.00
0.00
0.00
0.00
0.00
0.00
0.00
0.00
0.00
0.00
8.19
0.00
0.00
0.00
0.00
0.00
0.00
0.00
0.00
0.00
0.00
0.00
14.96
14.96
0.00
0.00
0.00
0.00
0.00
0.00
0.00
14.96
0.00
0.00
0.00
0.00
0.00
0.00
14.96
14.96
14.96
0.00
0.00
0.00
0.00
0.00
0.00
0.00
0.00
0.00
0.00
16.17
0.00
0.00
0.00
0.00
0.00
0.00
0.00
0.00
0.00
0.00
0.00
0.00
0.00
0.00
0.00
0.00
0.00
0.00
0.00
0.00
0.00
0.00
0.00
0.00
0.00
0.00
0.00
0.00
0.00
0.00
0.00
0.00
0.00
0.00
0.00
0.00
0.00
0.00
0.00
0.00
0.00
0.00
0.00
0.00
7.27
0.00
0.00
0.00
7.27
7.27
7.27
7.27
0.00
0.00
0.00
0.00
0.00
0.00
0.00
0.00
0.35
0.00
0.00
0.00
6.84
15.56
5.38
0.00
2.70
0.00
0.00
0.00
0.00
0.00
0.00
0.00
0.00
0.00
0.00
0.00
0.29
0.00
0.00
0.00
0.65
1.00
0.00
0.00
1.74
5.34
0.00
4.38
0.00
0.00
1.64
1.20
1.20
3.91
3.94
0.00
1.31
1.64
3.80
5.45
2.75
0.08
9.12
15.34
4.38
12.90
3.33
0.57
9.37
11.76
23.90
5.93
10.03
13.12
14.21
6.93
9.76
11.11
8.99
6.60
0.00
0.00
0.00
1.78
0.00
0.00
0.00
0.00
0.00
0.00
0.49
3.06
0.00
14.79
10.35
0.00
0.00
0.00
0.00
4.67
18.24
4.21
15.82
23.01
39.43
8.38
0.00
1.59
0.00
6.45
0.00
0.34
4.24
11.38
10.80
39.18
16.84
12.10
9.19
26.50
30.32
28.59
35.37
25.18
17.57
16.84
0.86
8.56
27.96
27.75
15.38
28.06
19.27
32.90
28.32
6.79
11.57
10.47
19.15
0.00
0.00
0.00
1.56
0.04
0.05
1.05
1.99
16.20
11.53
3.35
1.85
9.66
21.11
19.09
14.39
18.16
12.32
28.78
32.02
31.53
18.48
15.54
11.12
4.99
4.36
8.25
3.67
2.96
1.31
0.00
0.00
0.00
2.44
0.33
1.68
4.92
2.47
0.00
3.34
0.00
6.92
0.00
1.16
0.00
7.09
18.81
24.03
0.70
2.34
1.85
0.00
0.41
0.47
0.00
0.00
3.85
24.49
25.99
34.53
10.25
0.00
0.00
0.00
0.00
0.00
0.00
0.00
0.00
0.00
0.00
0.00
0.00
0.00
0.00
0.00
0.00
0.00
0.00
0.00
0.00
0.00
0.00
0.00
0.00
0.00
0.00
0.00
0.00
0.00
0.00
0.00
0.00
0.00
43.90
37.29
18.55
0.00
0.00
0.00
0.00
6.36
49.12
87.09
31.11
12.50
0.00
0.00
0.00
0.00
0.00
41.98
58.04
0.00
0.00
0.00
0.00
0.00
0.00
0.00
0.00
0.00
0.00
0.00
0.00
0.00
0.00
0.00
0.00
0.00
0.00
0.00
0.00
6.06
12.28
0.00
0.00
0.00
0.00
0.00
0.00
0.00
0.00
0.00
0.00
0.00
0.00
0.00
0.00
0.00
0.00
14.96
14.96
0.00
0.00
0.00
0.00
0.00
0.00
0.00
0.00
0.00
0.00
0.00
0.00
0.00
0.00
0.00
0.00
0.00
0.00
0.00
0.00
0.00
0.00
0.00
0.00
0.00
0.00
0.00
0.00
0.00
0.00
0.00
0.00
0.00
0.00
0.00
0.00
0.00
0.00
0.00
0.00
0.00
0.00
0.00
0.00
0.00
0.00
0.00
0.00
0.00
0.00
0.00
0.00
0.00
0.00
0.00
0.00
0.00
0.00
0.00
0.00
0.00
0.00
0.00
0.00
0.00
0.00
0.00
0.00
0.00
0.00
0.00
0.00
0.00
0.00
0.00
0.00
0.00
0.00
0.00
0.00
0.00
0.00
0.00
0.00
0.00
0.00
0.00
0.00
0.00
0.00
2.65
1.93
1.11
0.00
0.00
0.15
0.57
5.28
14.27
10.22
7.18
9.43
0.57
5.91
4.23
3.50
0.95
5.68
10.73
3.84
0.00
0.00
4.31
9.82
7.56
0.42
4.80
8.18
4.18
18.59
6.47
0.04
2.27
26.78
11.73
7.39
4.51
7.03
11.76
2.75
10.75
7.39
6.91
1.09
7.03
10.88
3.21
11.32
10.56
4.86
0.00
0.47
0.00
1.86
3.21
12.42
10.98
12.62
9.59
0.00
0.00
0.00
9.49
6.39
10.67
16.78
6.02
6.63
7.11
4.87
5.13
15.65
0.00
0.00
0.00
0.00
0.00
0.49
1.23
0.00
0.00
0.00
0.20
5.13
6.75
10.56
0.84
1.52
10.41
1.21
4.97
3.94
22.76
20.61
14.66
2.23
0.00
4.57
0.31
1.59
3.91
34.93
27.54
2.34
21.39
0.00
0.31
1.21
2.10
2.98
12.06
18.84
25.89
23.36
24.24
19.27
24.11
0.28
0.00
0.04
0.58
1.15
2.89
2.22
1.65
0.49
12.43
3.82
16.65
21.70
29.44
24.69
16.76
14.03
5.74
6.48
8.03
6.87
11.93
16.35
13.55
2.82
5.91
0.00
0.00
0.00
0.59
1.33
11.62
16.39
19.42
13.93
4.56
0.02
0.00
0.00
3.55
15.49
19.98
4.82
8.57
1.60
4.80
5.35
1.08
5.65
34.46
27.60
20.39
18.25
0.13
2.26
10.59
5.90
0.00
7.13
38.67
1.70
13.73
7.62
9.40
0.00
0.00
0.00
0.00
0.00
0.00
17.55
10.98
10.73
0.00
4.36
21.81
20.54
33.87
44.61
35.05
21.81
19.54
1.76
10.98
9.26
12.75
5.67
0.00
0.00
0.00
4.71
33.86
11.89
0.00
0.00
20.81
27.58
49.82
42.88
0.00
0.00
0.00
0.00
41.44
46.07
49.33
34.28
0.00
4.69
0.00
0.00
0.00
0.00
0.00
0.00
3.45
4.69
0.00
0.00
0.00
0.00
0.00
0.00
0.00
0.00
0.00
0.00
0.00
0.00
11.48
0.00
0.00
0.00
0.00
0.00
0.00
0.00
0.00
0.00
0.00
0.00
0.00
0.00
0.00
0.00
5.40
5.78
5.40
0.00
0.00
0.00
0.00
0.00
14.96
14.96
0.00
0.00
0.00
0.00
0.00
0.00
0.00
0.00
0.00
0.00
0.00
0.00
0.00
0.00
0.00
0.00
0.00
0.00
0.00
0.00
14.96
14.96
0.00
0.00
0.00
0.00
0.00
0.00
0.00
0.00
0.00
0.00
0.00
0.00
16.17
16.17
16.17
0.00
0.00
0.00
0.00
0.00
0.00
0.00
0.00
0.00
0.00
0.00
0.00
0.00
0.00
0.00
0.00
0.00
16.17
16.17
0.00
0.00
0.00
0.00
0.00
7.27
0.00
0.00
0.00
0.00
0.00
0.00
7.27
0.00
7.27
0.00
0.00
7.27
0.00
0.00
0.00
0.00
0.00
0.00
0.00
0.00
0.00
0.00
0.00
0.00
0.00
0.00
0.00
0.00
0.00
0.00
0.00
0.00
0.00
0.48
0.00
0.00
0.00
0.00
0.00
0.00
0.15
1.11
2.60
7.00
9.25
6.91
0.15
0.00
0.41
2.50
0.00
0.00
0.00
0.00
2.55
0.00
0.00
1.64
12.01
17.55
10.88
0.00
0.00
0.00
0.00
1.72
2.44
8.19
6.60
16.51
4.15
0.00
0.00
1.20
35.35
21.22
18.06
5.82
0.17
11.76
12.27
2.42
4.27
15.99
20.95
4.15
0.00
0.00
0.00
0.00
9.27
23.50
1.78
4.13
31.79
42.92
23.37
15.36
11.50
3.50
0.00
0.60
0.00
0.00
2.52
14.60
22.22
15.39
9.38
5.17
16.22
7.66
20.39
16.78
11.09
0.00
0.00
0.00
0.00
0.00
0.00
0.00
0.00
0.00
2.47
6.78
25.99
29.53
29.32
18.89
30.27
21.39
15.65
21.68
1.38
1.90
1.85
0.28
11.30
20.42
17.86
0.07
0.00
1.62
18.18
18.37
7.32
9.35
8.87
0.15
10.53
12.11
23.87
27.33
18.32
4.10
24.34
17.06
34.21
24.22
41.77
28.57
13.69
1.80
1.09
28.07
15.74
2.21
0.00
0.00
0.00
3.64
24.43
27.88
30.13
14.86
8.03
16.04
17.27
22.72
25.48
2.47
0.00
0.00
0.00
0.00
0.00
0.00
0.00
9.11
18.46
0.00
0.00
0.00
0.00
0.00
0.00
0.00
4.87
2.51
3.87
5.66
21.24
39.01
14.96
0.00
0.22
1.15
0.00
0.00
10.50
4.71
0.00
0.00
11.44
28.51
44.48
72.35
54.37
46.05
0.00
12.36
29.45
31.92
33.87
17.35
12.80
19.81
3.28
0.00
0.00
0.00
0.00
0.00
0.00
0.00
0.00
0.00
0.00
3.28
16.14
31.51
40.06
36.49
0.00
0.00
11.89
0.00
0.00
0.00
0.00
0.00
0.00
0.00
0.00
0.00
0.00
0.00
0.00
0.00
0.00
0.00
0.00
0.00
0.00
0.00
0.00
0.00
0.00
0.00
0.00
0.00
0.00
0.00
9.43
0.00
0.00
0.00
0.00
0.00
0.00
0.00
0.00
0.00
0.00
0.00
0.00
0.00
0.00
0.00
0.00
0.00
0.00
0.00
0.00
0.00
0.00
0.00
0.00
0.00
0.00
0.00
0.00
0.00
0.00
0.00
0.00
0.00
0.00
0.00
0.00
0.00
0.00
0.00
0.00
0.00
0.00
0.00
0.00
0.00
0.00
0.00
0.00
0.00
0.00
0.00
0.00
0.00
0.00
0.00
0.00
14.96
16.17
16.17
0.00
0.00
0.00
0.00
0.00
0.00
0.00
0.00
0.00
0.00
0.00
0.00
0.00
0.00
0.00
0.00
16.17
16.17
16.17
0.00
0.00
16.17
16.17
0.00
0.00
0.00
0.00
0.00
0.00
0.00
0.00
0.00
7.27
0.00
7.27
7.27
0.00
0.00
0.00
0.00
0.00
0.00
0.00
0.00
0.00
0.00
0.00
7.27
7.27
0.00
0.00
0.00
7.27
7.27
0.00
0.00
0.00
7.28
2.70
0.00
0.00
0.00
1.23
0.41
0.00
0.00
0.77
0.00
0.00
0.00
0.00
0.00
0.00
0.00
0.00
0.00
2.06
0.00
1.33
11.62
9.43
20.09
5.75
5.52
2.19
0.15
0.00
2.70
0.78
0.00
0.67
0.00
0.00
0.00
3.10
3.10
0.47
0.00
0.00
0.00
0.00
0.57
4.38
5.69
1.64
0.00
9.75
0.08
3.45
0.67
16.51
0.57
11.63
3.33
22.14
3.57
1.09
0.00
6.26
9.16
5.65
8.49
0.00
6.02
10.24
9.71
1.95
4.27
15.08
21.44
22.82
18.15
23.07
3.65
4.13
15.69
7.80
0.49
7.31
20.43
9.27
15.84
7.34
8.49
10.45
12.72
5.20
0.00
0.00
0.00
0.00
0.00
1.00
7.08
21.71
7.56
1.44
23.43
42.82
34.54
6.74
0.00
0.18
0.00
0.00
0.00
0.00
0.00
0.00
0.00
0.00
0.15
24.16
8.40
4.77
14.75
8.48
2.70
13.82
9.43
0.00
0.00
0.01
2.16
20.69
17.06
0.51
0.68
5.60
9.58
39.79
6.81
0.00
3.20
0.00
0.00
0.00
0.00
1.21
23.67
32.63
12.29
15.45
11.70
29.19
20.69
7.34
27.58
23.41
31.60
3.31
23.06
5.23
0.69
0.00
0.13
12.25
25.78
51.73
28.66
18.23
33.17
30.04
18.23
10.16
0.00
0.00
3.01
18.89
37.07
5.79
0.00
1.48
35.84
33.36
12.75
2.68
0.00
0.00
0.11
13.84
33.94
7.15
0.00
7.15
0.00
0.00
0.00
0.00
20.82
20.45
17.44
26.32
14.88
35.05
60.71
31.12
0.34
0.55
0.00
0.00
4.71
6.27
0.00
0.00
0.00
0.00
0.00
0.00
0.00
0.00
0.00
0.00
0.00
0.00
0.00
0.00
0.00
0.00
0.00
0.00
0.00
0.00
0.00
0.00
0.00
0.00
8.76
103.32
74.35
60.43
0.00
4.69
4.69
0.00
0.00
0.00
4.69
5.61
5.61
5.61
4.69
0.00
0.00
0.00
0.00
0.00
0.00
0.00
0.00
0.00
0.00
0.00
0.00
0.00
0.00
0.00
0.00
0.00
0.00
0.00
0.00
5.40
6.06
0.00
0.00
0.00
0.00
0.00
0.00
0.00
0.00
0.00
0.00
0.00
0.00
0.00
0.00
0.00
14.96
14.96
0.00
0.00
0.00
0.00
0.00
0.00
0.00
0.00
0.00
0.00
0.00
0.00
0.00
0.00
0.00
0.00
0.00
0.00
0.00
0.00
0.00
0.00
0.00
0.00
0.00
0.00
0.00
0.00
0.00
0.00
0.00
0.00
0.00
0.00
0.00
0.00
0.00
0.00
0.00
0.00
0.00
0.00
16.17
0.00
0.00
0.00
0.00
0.00
0.00
0.00
16.17
16.17
16.17
7.27
7.27
0.00
0.00
7.27
0.00
0.00
0.00
0.00
0.00
7.27
7.27
0.00
0.00
0.00
0.00
0.00
0.00
7.27
7.27
7.27
7.27
7.27
7.27
7.27
0.00
0.00
7.27
1.69
4.09
1.06
0.10
0.00
0.00
0.00
1.45
2.19
0.00
0.00
0.00
0.00
2.80
1.55
0.29
4.26
0.00
1.77
4.69
1.17
3.72
0.32
0.00
0.00
0.00
0.00
0.00
0.29
0.00
3.10
4.98
0.00
0.00
0.00
0.00
0.00
2.08
0.37
11.00
18.32
3.91
9.37
9.81
0.00
0.00
2.11
18.69
14.34
4.18
9.81
18.32
2.59
5.93
13.29
8.13
0.88
11.63
11.25
5.22
3.68
1.04
5.90
20.04
21.62
0.82
1.60
9.27
6.87
7.34
6.63
3.50
7.23
12.67
7.37
17.33
0.00
0.00
0.00
0.00
0.00
0.00
0.00
0.00
5.68
6.87
11.24
7.87
24.80
10.72
9.08
14.06
12.14
21.31
24.06
13.43
18.80
13.04
0.00
2.80
1.09
2.28
0.11
8.44
10.97
13.95
19.36
20.42
9.19
20.32
7.94
11.89
6.23
0.61
2.63
1.21
0.34
15.87
19.12
0.42
0.11
3.25
18.93
13.91
5.93
10.64
4.39
0.00
0.55
4.00
15.39
7.26
6.09
12.20
8.27
23.82
35.74
40.99
23.79
18.13
11.21
2.99
5.10
8.57
19.04
0.23
8.87
10.86
19.33
18.42
25.70
32.70
37.78
39.90
45.03
21.38
52.79
29.15
5.79
47.76
12.71
14.81
34.08
8.69
0.00
0.00
1.76
4.11
3.06
9.90
15.08
7.96
2.27
0.00
0.00
2.09
3.67
2.36
0.03
0.00
0.24
0.17
15.77
31.83
57.23
39.22
10.62
6.42
4.36
4.36
14.93
23.03
55.09
60.79
29.45
0.00
0.00
9.01
5.52
4.03
5.36
11.44
0.00
0.00
0.00
0.00
0.00
0.00
1.99
0.00
0.00
0.00
0.00
0.00
0.00
0.00
0.00
0.00
0.00
0.00
0.00
27.36
45.31
39.99
43.01
55.88
29.94
0.00
0.00
12.50
0.00
0.00
0.00
0.00
0.00
0.00
0.00
0.00
0.00
0.00
0.00
0.00
0.00
0.00
0.00
9.43
9.48
10.31
12.17
6.06
0.00
0.00
0.00
0.00
0.00
0.00
0.00
0.00
0.00
0.00
0.00
0.00
0.00
0.00
0.00
9.05
14.80
14.05
14.28
0.00
5.40
5.40
5.40
0.00
0.00
0.00
0.00
0.00
14.96
14.96
0.00
0.00
0.00
0.00
0.00
14.96
14.96
0.00
0.00
0.00
0.00
0.00
0.00
0.00
0.00
0.00
0.00
0.00
0.00
14.96
14.96
14.96
0.00
14.96
14.96
0.00
0.00
0.00
0.00
0.00
0.00
0.00
0.00
0.00
0.00
0.00
0.00
0.00
0.00
0.00
0.00
0.00
0.00
0.00
0.00
0.00
0.00
0.00
0.00
0.00
0.00
0.00
0.00
0.00
0.00
0.00
16.17
7.27
7.27
0.00
0.00
0.00
0.00
7.27
7.27
0.00
0.00
0.00
0.00
0.00
0.00
0.00
0.00
0.00
7.27
0.00
0.00
0.00
0.00
0.00
0.00
0.00
0.00
0.00
7.27
0.08
0.00
0.00
2.29
5.66
0.08
8.54
0.35
0.00
0.00
0.00
2.75
3.50
0.00
0.00
0.00
0.29
0.00
0.00
0.00
0.00
0.15
2.80
0.00
0.00
0.00
0.89
3.99
0.41
1.45
18.53
3.80
4.27
0.08
2.53
4.62
6.18
17.67
2.87
10.25
0.99
0.00
0.00
0.00
8.01
10.50
15.60
6.54
3.39
3.94
2.64
6.96
13.86
11.70
4.03
0.00
1.74
0.00
0.08
0.00
0.00
0.00
0.00
6.17
3.57
2.60
5.13
10.77
3.43
11.40
0.00
6.84
11.86
0.00
4.21
1.23
1.04
0.00
0.00
4.64
19.90
17.47
15.29
18.86
10.88
19.19
21.05
9.13
15.60
2.80
22.86
9.95
5.86
22.37
0.00
0.00
0.15
16.10
15.65
7.03
13.89
23.07
30.96
40.95
19.46
8.04
2.42
15.22
7.33
10.80
14.62
22.62
29.21
27.54
12.91
9.90
34.76
22.47
14.68
29.82
7.67
0.86
0.99
2.96
0.19
4.86
13.27
0.00
4.30
33.36
30.42
31.11
40.60
15.95
5.48
1.33
0.09
0.00
0.32
1.82
20.53
15.02
14.68
25.53
33.02
20.39
0.11
0.00
5.49
34.97
41.92
23.90
6.89
5.23
0.46
32.47
40.55
31.10
27.50
3.33
7.93
0.00
1.67
15.34
0.00
0.05
9.86
16.30
8.61
0.00
0.00
0.00
0.79
4.69
3.22
8.49
13.72
10.99
17.09
5.35
2.68
0.70
0.00
0.00
17.25
36.71
0.00
0.00
0.00
0.00
0.00
0.00
0.00
0.00
0.00
0.00
1.51
0.00
20.91
0.00
0.00
10.25
35.05
0.00
0.00
0.00
0.00
0.00
0.00
0.00
0.00
0.00
0.00
0.00
0.00
0.00
0.00
0.00
0.00
0.00
50.50
22.48
0.00
0.00
0.00
6.36
0.00
0.00
0.00
0.00
0.00
0.00
0.00
0.00
0.00
0.00
0.00
0.00
0.00
16.56
0.00
0.00
0.00
0.00
0.00
0.00
0.00
0.00
0.00
0.00
0.00
0.00
0.00
0.00
0.00
0.00
7.29
13.28
12.15
12.58
8.19
0.00
4.29
0.00
0.00
0.00
0.00
0.00
0.00
0.00
0.00
0.00
0.00
0.00
0.00
0.00
0.00
0.00
14.96
0.00
0.00
0.00
0.00
0.00
0.00
0.00
0.00
0.00
0.00
0.00
0.00
0.00
0.00
0.00
0.00
0.00
0.00
0.00
14.96
14.96
0.00
0.00
0.00
0.00
0.00
0.00
0.00
0.00
0.00
0.00
0.00
0.00
0.00
0.00
0.00
0.00
0.00
0.00
0.00
0.00
0.00
0.00
0.00
0.00
0.00
0.00
0.00
0.00
0.00
0.00
0.00
0.00
0.00
0.00
0.00
0.00
0.00
0.00
0.00
0.00
0.00
0.00
0.00
0.00
0.00
0.00
0.00
0.00
0.00
0.00
0.00
0.00
7.27
7.27
7.27
7.27
0.00
0.00
0.00
7.27
7.27
7.27
7.27
7.27
7.27
7.27
0.00
0.00
0.00
7.48
0.32
0.00
0.00
3.62
0.64
0.00
1.31
0.00
0.00
4.98
0.00
0.12
3.82
1.74
6.52
5.82
0.00
0.00
1.11
0.00
0.00
0.00
0.00
1.11
0.41
0.29
0.00
0.00
1.64
3.39
5.93
3.21
2.42
1.74
2.42
1.42
6.00
14.38
36.73
5.34
0.00
0.00
2.08
19.77
5.45
1.42
4.33
9.37
0.00
0.57
0.78
3.80
4.15
5.22
7.15
6.66
2.19
11.30
8.71
12.42
3.65
8.38
17.88
15.93
10.98
0.00
0.00
0.00
0.00
0.00
0.00
0.00
0.00
0.00
0.00
0.00
0.00
0.00
0.00
3.21
6.15
7.69
0.00
0.00
21.91
31.05
46.19
37.64
26.89
1.87
6.32
3.52
16.01
10.97
8.33
1.51
4.82
2.41
4.50
1.59
4.60
23.46
3.25
0.00
0.03
0.01
0.00
4.07
0.00
9.31
2.89
1.48
6.74
15.16
0.43
9.07
23.51
32.31
14.56
16.45
18.21
30.96
30.20
4.66
14.17
0.10
0.00
2.84
14.24
4.68
0.04
0.05
0.89
3.37
6.37
15.35
9.10
25.34
21.93
25.11
11.19
19.80
11.97
21.81
20.04
31.92
30.96
23.75
24.11
26.61
22.78
11.68
12.71
6.96
12.71
23.92
29.58
33.36
16.45
3.67
1.22
11.75
3.37
10.12
15.15
24.46
15.15
12.62
11.19
1.76
0.74
9.35
9.52
3.52
0.11
0.00
0.00
0.74
1.50
3.44
21.18
22.12
42.54
31.46
33.61
4.45
0.00
0.00
0.00
0.00
0.00
0.00
0.00
0.00
0.00
0.00
14.93
25.91
8.76
4.20
0.00
0.00
0.00
0.00
0.00
0.00
0.00
18.46
22.33
0.00
0.00
0.00
0.00
0.00
0.00
0.00
0.00
34.71
32.06
32.35
42.63
0.00
0.00
0.00
0.00
10.88
6.36
2.54
0.00
33.25
32.75
22.76
0.00
0.00
0.00
0.00
0.00
0.00
0.00
0.00
0.00
0.00
0.00
0.00
8.59
0.00
0.00
0.00
0.00
0.00
0.00
0.00
10.57
0.00
0.00
11.48
9.58
0.00
0.00
0.00
0.00
0.00
0.00
0.00
0.00
0.00
0.00
0.00
0.00
0.00
0.00
0.00
0.00
0.00
0.00
0.00
0.00
0.00
0.00
0.00
0.00
0.00
0.00
0.00
0.00
0.00
0.00
0.00
0.00
14.96
14.96
0.00
0.00
0.00
0.00
0.00
14.96
14.96
0.00
0.00
0.00
0.00
0.00
0.00
0.00
16.17
0.00
0.00
0.00
0.00
0.00
0.00
0.00
0.00
0.00
0.00
0.00
0.00
0.00
0.00
0.00
0.00
0.00
0.00
0.00
0.00
0.00
0.00
0.00
0.00
0.00
0.00
0.00
0.00
0.00
0.00
0.00
7.27
0.00
0.00
0.00
0.00
0.00
0.00
0.00
0.00
0.00
0.00
0.00
0.00
0.00
0.00
0.00
0.00
0.00
0.00
0.00
0.00
0.00
0.00
7.27
12.05
12.65
10.49
2.90
2.65
0.00
2.95
2.62
2.60
6.70
11.56
0.00
0.00
3.80
5.70
0.29
0.22
2.16
12.72
0.08
4.54
1.93
4.52
5.33
0.00
0.00
1.60
3.99
3.69
0.77
4.47
0.00
5.69
2.42
4.09
0.75
3.55
0.56
7.03
7.49
2.62
0.04
0.00
0.17
3.80
2.87
7.70
5.63
3.10
2.53
6.18
9.50
2.98
3.91
11.92
8.75
0.00
0.00
0.00
5.37
18.98
26.98
15.55
12.22
12.82
2.76
0.00
0.00
10.03
16.59
3.65
0.00
0.00
0.00
8.71
15.93
10.56
11.50
17.51
20.57
15.93
15.55
14.40
9.59
14.74
7.46
0.00
0.00
0.00
2.45
3.06
1.78
0.00
5.66
1.85
3.04
2.57
0.00
9.74
9.35
14.80
21.93
1.59
5.52
35.62
43.37
26.97
2.66
0.00
10.21
12.40
20.71
6.98
11.51
7.47
0.00
0.00
0.39
0.00
0.17
7.17
30.46
34.24
28.63
3.85
4.49
18.42
5.96
36.49
40.15
33.09
66.43
14.64
3.32
24.48
55.83
10.04
1.64
0.00
0.04
5.17
2.24
3.56
0.00
0.15
2.29
17.27
10.77
8.21
15.30
31.28
18.40
1.65
0.00
7.50
22.33
0.53
0.42
3.90
0.72
0.00
0.00
0.00
0.00
0.61
9.97
8.39
0.53
0.00
0.00
0.00
5.79
0.71
0.00
8.23
8.65
0.00
7.07
2.58
12.94
17.01
9.86
6.51
0.00
0.00
13.02
10.38
28.86
12.75
12.07
35.91
17.44
29.49
40.74
40.74
9.40
0.00
0.00
0.00
0.00
0.00
0.00
0.00
0.00
0.00
0.00
0.00
0.00
4.71
28.19
24.23
14.10
3.28
0.00
0.00
0.00
0.00
0.00
26.66
39.79
0.00
0.00
0.00
0.00
0.00
0.00
0.00
0.00
0.00
0.00
0.00
0.00
0.00
0.00
11.89
28.01
50.82
46.31
11.89
0.00
0.00
0.00
0.00
0.00
0.00
0.00
0.00
0.00
0.00
0.00
0.00
0.00
0.00
0.00
0.00
12.46
10.97
12.53
9.91
0.00
4.82
0.00
0.00
0.00
0.00
0.00
0.00
0.00
0.00
0.00
0.00
0.00
0.00
0.00
0.00
0.00
0.00
0.00
0.00
0.00
14.96
14.96
14.96
14.96
14.96
14.96
0.00
14.96
0.00
0.00
0.00
0.00
14.96
14.96
14.96
0.00
14.96
14.96
0.00
0.00
14.96
14.96
14.96
0.00
0.00
0.00
0.00
0.00
16.17
16.17
0.00
0.00
0.00
0.00
0.00
0.00
0.00
0.00
0.00
0.00
0.00
0.00
0.00
0.00
0.00
0.00
0.00
0.00
0.00
0.00
0.00
0.00
0.00
0.00
16.17
0.00
0.00
0.00
7.27
0.00
0.00
0.00
0.00
0.00
0.00
0.00
0.00
0.00
0.00
0.00
0.00
0.00
0.00
0.00
0.00
0.00
0.00
0.00
0.00
0.00
0.00
0.00
0.00
0.00
0.00
0.00
0.00
0.00
0.00
0.00
0.00
2.39
9.25
0.00
0.15
0.00
0.00
0.00
0.00
0.00
0.00
0.00
0.00
0.00
0.00
0.00
0.00
0.00
3.50
4.57
0.77
0.00
0.00
0.00
1.45
6.91
12.01
12.01
4.33
19.83
9.06
7.06
1.64
0.67
4.15
0.08
0.00
2.14
7.39
2.19
0.00
0.00
4.15
1.74
2.08
0.00
0.73
0.52
2.42
4.62
0.00
7.39
0.00
0.78
1.52
6.79
14.79
6.15
2.76
0.00
0.00
0.00
0.00
2.60
11.09
14.60
0.60
0.00
2.76
8.94
4.47
11.50
13.82
1.23
3.14
0.00
0.00
0.00
0.00
0.00
0.00
0.00
10.13
6.26
29.08
12.72
32.16
8.30
9.19
10.07
3.50
0.06
0.00
0.00
0.00
0.33
2.20
27.36
33.39
17.67
16.26
28.11
33.83
17.67
25.48
27.12
27.33
20.71
3.41
1.26
2.13
7.43
25.94
15.74
12.74
13.95
18.28
14.36
36.49
25.53
42.70
46.79
26.66
26.30
56.54
77.60
96.13
106.51
83.74
80.65
52.16
64.67
27.94
1.18
18.85
19.71
6.09
5.80
15.00
2.61
2.46
27.94
32.05
27.33
0.36
0.96
6.02
1.37
1.65
10.48
16.17
19.96
31.14
13.93
19.18
12.75
0.00
3.84
38.61
26.11
15.40
0.63
2.16
0.65
0.00
0.00
0.40
0.00
1.27
2.58
0.00
0.00
0.00
0.00
1.58
18.09
4.57
0.00
0.90
14.26
25.95
4.03
0.00
0.00
0.00
0.00
0.00
4.03
15.46
11.67
24.57
25.08
32.98
0.00
0.00
0.00
0.00
0.00
17.73
0.00
0.00
0.00
3.85
4.55
0.00
0.00
0.00
0.00
0.00
0.00
0.00
0.00
4.69
0.00
0.00
0.00
0.00
0.00
0.00
0.00
0.00
0.00
0.00
0.00
0.00
0.00
15.19
3.45
3.45
0.00
0.00
0.00
0.00
0.00
0.00
0.00
0.00
0.00
0.00
0.00
0.00
0.00
0.00
0.00
0.00
0.00
0.00
0.00
0.00
0.00
0.00
0.00
0.00
0.00
0.00
0.00
0.00
0.00
0.00
0.00
0.00
14.88
17.09
10.23
0.00
0.00
5.40
0.00
0.00
0.00
0.00
0.00
0.00
0.00
0.00
0.00
0.00
0.00
0.00
0.00
0.00
14.96
0.00
0.00
0.00
0.00
0.00
0.00
0.00
0.00
0.00
0.00
0.00
0.00
0.00
14.96
14.96
0.00
14.96
14.96
0.00
0.00
0.00
0.00
0.00
0.00
0.00
0.00
0.00
0.00
0.00
0.00
0.00
0.00
0.00
0.00
0.00
0.00
0.00
0.00
0.00
0.00
0.00
0.00
0.00
0.00
0.00
0.00
0.00
0.00
0.00
0.00
0.00
0.00
0.00
0.00
0.00
0.00
0.00
0.00
0.00
0.00
0.00
0.00
0.00
0.00
0.00
0.00
0.00
0.00
0.00
0.00
0.00
7.27
7.27
7.27
0.00
7.27
7.27
0.00
0.00
0.00
0.00
0.00
0.00
0.00
0.00
0.00
0.00
0.00
0.00
1.93
1.77
0.00
0.00
0.00
0.00
0.00
5.36
0.00
0.00
0.00
0.00
1.33
0.00
0.00
0.00
0.00
0.00
0.00
0.00
0.00
0.00
0.00
0.00
0.00
0.00
4.15
3.80
0.99
0.04
2.31
3.33
2.08
4.27
1.42
6.42
0.17
0.17
3.45
2.53
5.45
1.09
0.00
0.00
0.00
0.00
0.00
0.00
0.00
0.00
1.56
0.82
0.82
0.34
0.00
0.00
0.00
0.00
11.76
0.89
8.12
3.36
3.57
11.45
10.08
2.56
1.23
3.10
7.14
2.49
8.21
10.98
2.91
18.06
0.20
0.00
0.00
0.00
4.21
19.37
3.36
17.32
24.54
45.68
11.09
0.79
0.27
0.01
0.00
5.61
3.56
15.52
7.22
11.26
14.64
28.45
26.04
31.37
44.77
20.37
8.99
26.66
13.56
22.76
0.00
7.63
17.81
26.50
31.02
25.00
13.48
5.98
24.98
28.25
15.74
2.77
0.42
6.41
3.13
0.00
0.11
0.00
0.64
4.99
15.54
19.06
16.15
11.89
5.91
12.66
3.88
9.74
14.68
27.52
31.86
24.93
15.25
22.49
12.11
19.49
5.22
2.72
11.17
5.65
0.15
12.78
4.28
9.50
18.54
7.56
2.18
2.96
3.76
6.85
4.70
0.00
0.00
2.62
11.68
21.57
0.27
1.62
10.29
4.46
5.33
0.74
0.00
2.55
2.36
13.93
2.94
0.39
5.61
19.54
34.60
31.61
38.97
26.24
0.00
0.00
0.00
0.00
0.00
0.00
18.59
37.56
18.41
7.28
10.01
4.71
5.36
0.00
0.00
0.00
0.00
0.00
0.00
0.00
0.00
0.00
0.00
0.00
0.00
0.00
0.00
0.00
7.75
38.99
11.23
118.01
38.78
0.00
0.00
33.33
50.97
22.62
0.00
0.00
0.00
0.00
0.00
0.00
0.00
0.00
0.00
0.00
0.00
0.00
0.00
0.00
0.00
0.00
0.00
0.00
0.00
0.00
10.29
9.75
5.40
0.00
0.00
0.00
0.00
0.00
0.00
0.00
0.00
0.00
0.00
0.00
0.00
0.00
0.00
0.00
0.00
0.00
0.00
0.00
0.00
0.00
0.00
0.00
0.00
0.00
0.00
0.00
0.00
0.00
0.00
0.00
0.00
0.00
0.00
0.00
0.00
0.00
0.00
0.00
0.00
0.00
0.00
0.00
0.00
0.00
0.00
0.00
0.00
0.00
0.00
0.00
0.00
0.00
0.00
0.00
0.00
0.00
0.00
0.00
0.00
0.00
0.00
0.00
0.00
0.00
0.00
0.00
0.00
0.00
0.00
0.00
0.00
0.00
0.00
0.00
0.00
0.00
0.00
16.17
0.00
0.00
0.00
0.00
0.00
0.00
0.00
0.00
0.00
0.00
7.27
7.27
7.27
0.00
0.00
0.00
0.00
0.00
0.00
7.27
7.27
0.00
7.27
7.27
0.00
0.00
0.00
0.00
0.00
7.27
0.00
0.00
0.00
0.00
0.00
0.00
0.00
0.00
0.00
0.00
0.00
0.00
0.00
0.00
0.00
0.00
0.00
0.00
0.00
0.00
0.00
0.00
3.60
4.47
2.50
0.29
3.75
0.00
3.40
5.24
0.00
0.60
5.28
11.19
16.34
0.41
0.15
0.89
0.04
0.02
1.64
5.69
5.45
5.04
4.59
2.42
12.39
0.73
2.64
3.45
0.00
3.80
2.08
1.86
1.86
0.88
1.20
0.04
2.98
1.15
0.52
5.01
3.36
5.15
7.15
1.01
6.06
12.08
9.98
11.78
3.14
0.00
0.00
0.00
0.00
15.31
11.91
1.78
8.55
19.68
21.70
6.08
9.10
0.00
4.94
20.96
16.03
17.70
33.68
13.82
10.77
8.60
9.81
9.92
11.60
5.26
14.60
29.24
20.83
13.69
19.18
31.66
4.24
9.42
14.48
29.53
20.71
15.24
8.17
14.58
21.20
11.05
18.04
9.10
17.20
12.83
2.68
0.12
3.16
18.23
13.35
18.37
10.89
8.33
0.00
0.00
0.00
0.00
0.00
0.00
0.00
0.00
3.64
11.63
17.09
6.47
1.32
3.72
12.02
31.89
5.93
5.48
13.41
30.45
36.83
35.81
40.85
28.19
24.29
6.02
21.08
17.90
19.71
0.78
0.78
0.00
0.00
0.09
1.69
2.06
0.00
0.00
0.00
0.00
0.59
2.85
0.00
2.26
3.84
29.89
38.85
23.72
29.58
13.53
19.74
4.95
5.61
0.54
0.00
0.00
2.96
0.29
1.22
16.86
6.11
4.62
12.21
8.69
29.95
17.21
7.65
14.83
0.00
0.00
0.00
0.00
1.24
33.87
13.78
29.77
21.14
0.00
0.00
0.00
0.00
17.73
0.00
0.00
0.00
0.00
0.00
0.00
0.00
0.00
0.00
0.00
0.00
0.00
0.00
0.00
1.76
0.00
11.89
39.93
52.54
4.69
0.00
0.00
0.00
0.00
0.00
0.00
0.00
11.23
47.07
15.19
0.00
16.97
0.00
0.00
0.00
34.55
30.13
34.20
26.66
36.97
22.48
4.69
0.00
0.00
0.00
0.00
0.00
0.00
0.00
0.00
6.06
5.40
5.40
0.00
0.00
5.40
0.00
4.82
0.00
0.00
0.00
5.40
5.40
0.00
0.00
0.00
0.00
0.00
0.00
0.00
0.00
0.00
0.00
0.00
13.73
0.00
0.00
14.96
0.00
14.96
14.96
0.00
0.00
0.00
0.00
0.00
0.00
0.00
0.00
14.96
14.96
0.00
0.00
0.00
14.96
14.96
0.00
0.00
0.00
0.00
0.00
0.00
0.00
0.00
0.00
0.00
0.00
0.00
0.00
0.00
0.00
0.00
0.00
0.00
0.00
0.00
0.00
0.00
0.00
0.00
0.00
0.00
0.00
0.00
0.00
0.00
0.00
0.00
0.00
0.00
0.00
0.00
0.00
0.00
0.00
0.00
0.00
0.00
0.00
0.00
0.00
0.00
0.00
0.00
0.00
0.00
0.00
0.00
0.00
0.00
0.00
0.00
0.00
0.00
0.00
0.00
0.00
0.00
0.00
0.00
0.00
0.00
0.00
0.00
0.00
7.27
0.00
0.00
0.00
4.52
0.00
0.00
0.00
0.00
3.99
3.00
0.00
0.15
3.20
4.66
7.98
15.07
12.16
18.10
9.21
1.98
0.00
0.00
0.00
6.54
2.09
4.86
4.86
8.99
8.63
0.00
3.00
9.37
7.95
8.04
1.09
0.02
0.04
0.00
0.00
0.00
0.00
0.00
0.00
2.08
1.97
2.64
0.78
0.00
0.78
0.67
3.91
0.00
0.00
0.00
0.00
0.00
0.00
0.00
0.00
0.00
0.00
0.00
8.77
12.12
9.71
12.12
22.82
16.78
11.30
6.87
5.36
11.81
10.24
18.06
6.15
13.12
12.52
18.88
12.62
24.76
16.49
26.55
42.58
58.17
0.99
12.40
4.69
13.15
9.81
4.34
0.00
10.74
8.25
3.56
0.00
10.68
27.75
24.97
0.00
0.21
0.03
2.92
9.31
20.23
18.70
19.93
23.07
9.67
0.80
4.20
10.33
21.31
1.47
20.32
18.23
6.52
0.03
5.04
19.18
25.53
26.30
48.14
26.79
28.19
11.79
14.22
9.66
1.62
0.00
10.92
11.75
18.93
27.39
26.85
13.79
16.76
22.15
28.88
16.76
18.37
3.47
2.03
0.00
0.12
16.15
45.24
37.58
42.92
13.55
0.88
3.82
11.61
13.36
13.37
7.12
12.52
6.57
3.93
4.12
2.13
1.91
7.57
0.22
3.98
8.82
34.60
15.10
0.44
0.00
4.04
11.84
1.32
0.00
0.00
0.51
0.00
0.16
5.28
6.44
8.51
7.29
4.65
7.50
23.00
48.25
49.65
0.00
0.00
24.91
42.20
7.08
0.00
0.00
0.00
4.36
0.00
0.00
0.00
25.42
12.12
0.00
17.93
31.31
17.00
20.45
22.91
0.00
0.00
0.00
0.00
0.00
0.00
0.00
0.00
0.00
0.00
0.00
0.00
0.00
0.00
34.88
27.58
38.33
52.14
31.87
34.55
21.91
75.99
60.93
8.76
0.00
0.00
0.00
0.00
0.00
0.00
0.00
0.00
0.00
0.00
0.00
0.00
0.00
0.00
23.88
0.00
8.92
9.25
11.05
4.82
0.00
12.38
14.76
12.56
12.10
12.79
0.00
0.00
0.00
0.00
0.00
0.00
0.00
0.00
0.00
0.00
0.00
0.00
5.78
5.40
5.40
5.40
0.00
0.00
0.00
0.00
0.00
0.00
0.00
0.00
0.00
0.00
0.00
0.00
0.00
0.00
0.00
0.00
0.00
0.00
0.00
0.00
0.00
0.00
0.00
0.00
0.00
0.00
0.00
0.00
0.00
0.00
0.00
0.00
0.00
0.00
0.00
0.00
0.00
0.00
0.00
0.00
0.00
0.00
0.00
0.00
0.00
16.17
16.17
16.17
16.17
0.00
0.00
0.00
0.00
0.00
0.00
0.00
0.00
0.00
0.00
0.00
0.00
16.17
16.17
16.17
0.00
0.00
0.00
0.00
0.00
0.00
0.00
0.00
7.27
7.27
0.00
0.00
0.00
0.00
0.00
0.00
0.00
0.00
0.00
7.27
7.27
0.00
0.00
0.00
0.00
0.00
7.27
7.27
0.00
0.00
0.00
0.00
0.00
0.00
2.39
15.12
5.99
13.38
0.00
0.00
0.00
0.00
0.00
0.00
1.33
0.15
0.69
0.86
6.61
1.45
2.00
0.22
0.04
1.39
9.49
5.14
0.00
0.00
0.00
0.00
0.88
0.00
0.00
0.00
2.44
3.98
0.00
0.00
0.00
0.00
0.00
1.55
3.05
3.80
5.10
2.87
0.13
0.00
8.54
2.56
12.90
17.35
13.35
1.64
0.00
2.87
2.42
0.00
0.00
0.00
0.00
0.00
0.00
0.00
0.82
8.03
6.15
0.34
0.00
0.00
0.00
0.00
0.00
10.13
9.16
2.20
5.13
6.17
18.11
28.48
25.65
16.99
5.23
11.40
16.78
6.87
4.74
2.60
20.21
19.24
0.00
0.95
3.28
17.20
44.01
53.09
43.77
28.27
24.46
32.52
9.67
5.73
15.38
2.74
3.91
10.64
19.74
31.45
45.15
46.83
30.62
39.26
38.36
21.63
7.03
0.04
0.00
8.66
14.91
11.97
29.58
19.93
14.95
8.83
0.00
0.00
0.00
3.38
7.41
28.82
24.81
10.60
0.00
0.00
0.00
1.92
5.80
7.92
7.18
11.12
4.22
3.79
5.70
6.61
4.02
2.96
0.00
0.00
5.88
2.46
1.69
12.66
35.45
32.22
22.55
39.12
38.17
41.24
8.21
29.34
14.51
23.97
26.55
6.37
12.43
13.75
2.91
0.06
0.17
14.66
33.49
35.71
23.51
7.12
24.67
34.01
22.83
18.36
11.34
5.93
0.79
0.00
0.00
16.95
22.16
11.09
7.42
14.93
0.00
0.00
0.00
0.00
0.00
0.00
3.28
26.08
13.17
0.00
0.00
0.00
0.00
2.87
25.33
8.89
25.24
13.99
0.00
0.00
0.00
11.20
0.00
0.00
0.00
0.00
0.00
0.00
0.00
0.00
0.00
0.00
11.89
44.76
25.69
0.00
0.00
20.97
0.00
0.00
0.00
0.00
0.00
0.00
0.00
0.00
0.00
0.00
0.00
0.00
0.00
0.00
0.00
0.00
0.00
0.00
0.00
4.82
12.29
0.00
4.82
5.40
5.40
6.06
6.06
0.00
0.00
0.00
0.00
0.00
0.00
0.00
0.00
0.00
0.00
0.00
0.00
0.00
6.83
5.40
0.00
0.00
0.00
0.00
0.00
0.00
0.00
0.00
0.00
0.00
14.96
14.96
14.96
0.00
14.96
14.96
0.00
0.00
0.00
0.00
14.96
14.96
14.96
0.00
0.00
14.96
14.96
0.00
0.00
0.00
0.00
0.00
0.00
0.00
0.00
0.00
0.00
0.00
0.00
0.00
0.00
0.00
0.00
16.17
16.17
0.00
0.00
0.00
0.00
16.17
16.17
0.00
0.00
0.00
0.00
0.00
0.00
0.00
0.00
0.00
0.00
0.00
0.00
0.00
0.00
0.00
0.00
0.00
0.00
0.00
0.00
0.00
0.00
0.00
0.00
7.27
0.00
7.27
0.00
0.00
7.27
0.00
0.00
0.00
0.00
0.00
0.00
7.27
7.27
0.00
7.27
7.27
0.00
0.00
0.00
0.00
0.00
0.00
0.00
0.00
4.43
0.54
1.11
0.00
0.00
0.00
0.83
0.00
0.02
3.47
22.52
6.91
5.02
2.60
1.77
0.08
4.33
4.19
0.00
0.00
2.67
0.00
2.62
5.28
7.18
13.34
4.71
4.86
0.08
0.67
0.67
7.09
7.15
6.06
0.00
5.82
9.62
1.31
14.44
20.69
5.10
0.00
0.88
2.87
32.35
6.30
0.67
3.33
10.38
2.42
3.80
0.00
0.00
0.00
7.64
12.01
19.90
14.50
17.33
21.18
21.09
19.50
23.16
18.79
13.42
3.79
8.60
10.88
0.00
7.57
5.13
14.69
26.33
13.37
24.90
0.00
0.00
0.00
0.00
0.20
0.00
4.81
0.00
6.32
26.55
31.37
18.70
16.12
11.22
3.23
0.12
4.70
10.89
16.84
12.14
4.27
19.46
11.61
28.38
3.44
15.30
12.75
32.37
47.10
37.37
23.16
6.38
1.38
0.07
3.19
13.41
9.15
1.78
5.72
16.10
15.11
20.23
15.02
9.49
39.51
22.95
0.00
0.00
0.00
13.36
12.92
7.13
10.68
20.64
8.75
20.69
13.55
21.06
20.84
4.60
13.06
2.08
0.00
0.00
0.00
0.00
0.00
0.00
0.00
1.06
0.00
0.00
4.86
0.00
7.42
4.92
0.47
3.84
12.46
0.72
0.00
1.24
2.36
4.19
22.95
24.20
8.33
8.73
0.00
0.62
21.63
6.00
2.21
0.22
0.49
22.50
53.46
4.48
0.00
0.00
0.00
0.00
1.77
0.00
0.00
0.00
17.73
0.00
32.82
39.32
14.51
5.98
0.00
0.00
0.00
0.34
7.15
4.71
0.00
0.00
0.00
0.00
0.00
0.00
14.58
3.28
15.65
0.00
0.00
0.00
0.00
0.00
0.00
0.90
0.00
11.23
36.82
23.88
54.44
15.19
18.18
0.00
0.00
0.00
0.00
0.00
3.45
6.36
0.00
0.00
0.00
0.00
0.00
0.00
0.00
0.00
0.00
6.36
0.00
0.00
0.00
0.00
0.00
3.45
0.00
0.00
0.00
0.00
0.00
0.00
0.00
0.00
0.00
0.00
0.00
0.00
0.00
0.00
0.00
0.00
0.00
4.82
0.00
0.00
0.00
0.00
0.00
0.00
0.00
0.00
0.00
0.00
0.00
0.00
0.00
0.00
0.00
0.00
0.00
0.00
0.00
0.00
14.96
0.00
0.00
0.00
0.00
0.00
0.00
0.00
0.00
0.00
0.00
0.00
0.00
0.00
0.00
0.00
0.00
0.00
0.00
14.96
0.00
0.00
0.00
0.00
0.00
0.00
0.00
0.00
0.00
0.00
0.00
0.00
0.00
0.00
0.00
0.00
0.00
0.00
0.00
0.00
0.00
0.00
0.00
0.00
0.00
0.00
0.00
0.00
0.00
0.00
0.00
0.00
0.00
0.00
0.00
0.00
0.00
0.00
0.00
0.00
0.00
7.27
7.27
0.00
0.00
0.00
0.00
0.00
0.00
0.00
0.00
0.00
0.00
0.00
0.00
0.00
7.27
0.00
7.27
0.00
0.00
0.00
7.27
7.27
0.00
0.00
0.00
0.00
0.00
0.00
6.45
0.41
0.15
0.00
0.00
0.00
0.08
0.04
8.85
1.28
0.00
0.00
4.43
11.62
1.87
0.19
1.69
2.75
4.16
6.34
14.53
0.08
0.04
3.00
9.65
15.50
0.00
0.00
4.27
3.80
0.73
0.00
18.32
49.92
8.01
0.00
0.00
0.00
7.58
33.51
0.17
20.82
0.37
0.00
0.00
5.22
2.70
4.38
0.00
0.78
0.00
10.12
16.37
12.90
16.51
6.79
13.02
3.06
9.81
1.60
7.57
7.46
6.39
14.45
3.65
5.39
4.91
0.00
6.08
14.64
0.00
6.75
5.93
6.02
11.40
22.05
25.26
2.91
0.00
0.00
0.00
9.27
5.90
17.56
0.00
8.71
21.53
6.45
5.28
4.19
3.06
6.16
2.51
2.04
1.38
2.45
1.09
1.10
1.15
7.00
9.31
6.25
1.02
0.00
4.14
0.00
0.00
0.00
0.00
7.22
28.32
21.78
14.40
16.74
5.95
13.26
22.42
12.61
1.75
0.00
1.58
0.00
0.00
10.47
14.56
28.07
37.78
80.38
17.69
15.15
61.87
34.48
20.48
5.66
39.66
3.35
0.00
0.00
3.73
0.00
0.00
8.91
0.00
0.00
0.00
0.00
0.00
6.70
0.00
0.00
0.00
3.81
10.79
2.82
0.00
5.51
22.95
17.52
37.91
36.90
16.20
0.98
1.06
7.50
7.27
2.63
19.85
31.20
12.02
2.74
1.27
0.00
9.60
17.01
20.33
18.39
7.44
0.12
8.45
34.71
0.00
0.00
0.00
9.96
5.74
13.93
52.16
64.30
19.35
4.45
0.00
0.00
0.00
0.00
10.62
11.44
13.12
0.00
0.00
0.00
0.90
14.10
91.41
39.08
7.70
0.00
0.00
0.34
0.00
0.00
0.00
0.00
0.00
0.00
0.00
0.00
0.00
0.00
0.00
0.00
0.00
0.00
0.00
25.21
6.36
0.00
0.00
0.00
0.00
0.00
0.00
0.00
0.00
0.00
0.00
0.00
0.00
0.00
0.00
0.00
0.00
0.00
0.00
0.00
0.00
0.00
0.00
0.00
0.00
4.82
0.00
4.29
4.82
0.00
0.00
0.00
0.00
0.00
0.00
0.00
0.00
0.00
0.00
0.00
0.00
0.00
0.00
0.00
0.00
0.00
0.00
0.00
0.00
0.00
0.00
0.00
0.00
0.00
0.00
0.00
0.00
0.00
0.00
0.00
0.00
0.00
0.00
0.00
0.00
0.00
0.00
0.00
0.00
0.00
0.00
14.96
14.96
0.00
0.00
0.00
0.00
16.17
0.00
0.00
0.00
0.00
0.00
0.00
0.00
0.00
16.17
0.00
0.00
0.00
0.00
0.00
0.00
0.00
0.00
0.00
0.00
0.00
0.00
0.00
0.00
0.00
0.00
0.00
0.00
0.00
0.00
0.00
0.00
0.00
0.00
0.00
0.00
0.00
0.00
0.00
0.00
7.27
0.00
0.00
0.00
0.00
7.27
7.27
7.27
0.00
0.00
0.00
0.00
0.00
0.00
0.00
0.00
0.00
0.00
0.00
3.69
3.99
2.03
0.08
0.00
0.29
4.57
3.60
2.19
0.00
0.00
0.00
3.10
0.00
2.60
0.00
0.00
0.00
0.00
3.91
0.04
0.00
4.57
14.88
2.06
0.00
0.00
0.00
0.54
4.33
0.80
0.00
0.00
0.00
0.00
0.00
0.00
0.50
0.94
0.00
0.80
0.00
0.00
0.00
0.00
0.00
0.57
3.80
8.75
22.34
2.53
0.78
3.21
4.38
5.45
25.07
15.53
5.04
0.00
0.00
0.00
2.28
8.60
20.48
11.71
19.33
23.58
37.34
9.27
13.91
0.00
15.79
38.43
25.09
39.81
28.87
6.51
23.92
24.76
46.10
44.13
55.02
47.29
48.26
37.97
11.60
0.82
1.04
0.34
23.33
13.47
11.60
28.69
14.75
17.02
15.38
9.67
8.02
21.14
30.51
56.54
48.86
49.99
0.54
20.56
36.65
31.02
20.90
5.24
0.00
0.00
0.82
5.73
4.84
6.16
4.57
1.48
22.07
28.90
23.61
31.13
5.77
47.53
40.35
31.08
12.38
0.00
0.47
4.86
20.86
13.81
11.12
5.88
0.00
1.14
0.00
1.27
1.46
0.96
2.21
2.76
0.45
16.12
7.43
2.17
0.65
7.92
11.48
20.26
26.24
36.05
26.60
32.83
30.14
44.32
58.67
43.89
48.34
159.56
23.97
2.56
7.31
6.92
8.92
0.00
0.00
0.00
0.00
0.00
0.00
0.07
3.58
11.55
15.54
7.46
4.76
4.86
9.48
0.22
4.41
1.37
1.40
0.00
0.00
21.62
0.00
12.96
14.51
54.19
59.74
45.14
60.97
54.73
50.60
10.73
12.80
6.58
0.00
0.00
0.00
0.00
0.00
0.00
0.00
0.00
0.00
0.00
0.00
0.00
0.00
0.00
3.28
77.26
7.15
0.00
0.00
0.00
0.00
0.00
0.00
0.00
0.00
0.00
4.69
0.00
0.00
0.00
0.00
0.00
0.00
0.00
0.00
0.00
0.00
0.00
0.00
0.00
0.00
0.00
0.00
0.00
0.00
0.00
0.00
0.00
0.00
0.00
0.00
0.00
0.00
0.00
0.00
6.06
0.00
0.00
0.00
0.00
0.00
0.00
0.00
0.00
0.00
0.00
0.00
0.00
0.00
0.00
0.00
0.00
0.00
0.00
0.00
0.00
0.00
0.00
0.00
0.00
0.00
0.00
0.00
0.00
0.00
0.00
0.00
0.00
0.00
0.00
0.00
0.00
0.00
0.00
0.00
