19710101
0.00
0.00
0.00
0.00
0.00
0.00
0.00
0.00
0.00
1.32
0.00
0.00
0.00
0.00
0.00
0.00
0.00
0.00
0.00
0.00
0.00
0.00
0.00
0.00
0.00
0.00
0.00
0.00
0.00
0.00
0.00
0.00
0.00
0.00
0.00
0.00
0.00
2.80
0.99
9.23
4.04
0.00
0.00
0.08
2.10
0.00
0.00
0.08
0.33
0.16
0.74
2.22
0.82
1.90
0.08
0.00
0.12
3.87
0.00
0.99
1.32
6.10
2.64
6.43
0.00
0.16
1.15
2.80
3.13
0.99
2.64
3.13
0.00
0.00
0.08
0.00
0.00
0.00
0.00
0.00
0.00
2.47
0.00
0.00
1.48
12.36
0.00
2.80
3.79
3.30
0.16
5.93
6.10
5.36
12.03
7.75
0.00
0.00
0.00
10.88
9.31
3.13
1.48
0.16
0.00
0.00
0.33
0.91
2.97
5.69
13.22
0.00
0.00
5.36
0.00
0.00
0.00
0.00
0.00
0.00
0.00
3.63
1.65
5.93
2.64
5.93
17.47
17.14
21.09
0.66
0.82
0.33
12.52
5.11
37.57
1.65
0.00
0.00
0.74
1.48
9.06
5.44
5.93
5.69
4.61
5.11
10.55
0.00
0.00
0.00
0.00
0.00
0.00
0.00
0.00
0.00
7.91
18.13
19.94
20.60
13.02
29.29
29.37
21.13
28.88
34.36
33.16
21.46
14.91
7.25
8.40
11.37
9.15
13.60
13.22
20.93
10.30
0.08
2.72
8.73
6.18
38.73
19.94
26.53
18.62
62.66
67.57
25.01
20.72
0.00
0.00
0.00
0.00
0.00
0.00
18.29
0.00
0.00
0.00
0.00
0.00
0.00
0.00
3.63
29.54
14.87
0.00
28.88
23.85
0.00
18.00
10.18
15.74
24.97
19.28
21.67
49.73
55.21
39.80
35.97
7.50
10.13
5.36
3.38
7.50
10.88
14.01
7.00
5.93
7.99
44.17
43.26
43.34
30.49
6.96
0.00
0.00
9.19
14.46
0.00
0.00
0.82
2.14
0.00
0.00
0.00
5.77
9.06
0.12
10.13
20.93
0.00
0.00
21.92
7.75
2.14
4.37
0.00
20.52
28.02
23.98
12.52
9.39
0.00
2.31
11.04
3.54
12.03
28.51
23.73
14.34
20.02
28.51
14.25
7.37
3.87
3.05
0.00
0.00
0.00
0.00
0.00
0.00
0.00
0.00
0.00
0.00
0.00
0.00
0.00
1.81
138.51
2.47
0.10
1.81
2.60
0.00
4.94
19.12
0.00
0.00
0.00
0.16
0.00
0.00
0.00
0.00
0.00
0.00
0.16
0.00
0.00
0.00
0.00
0.00
0.00
0.00
0.00
0.00
0.00
0.00
0.00
0.00
0.00
0.00
0.00
0.00
0.08
0.00
0.08
0.00
0.00
0.16
0.00
15.82
3.87
0.00
0.00
0.00
0.00
0.00
0.00
14.50
3.79
0.00
0.00
0.08
0.16
0.00
0.16
0.00
0.00
0.00
0.00
0.00
0.00
0.00
0.00
0.08
0.08
0.00
0.00
0.00
0.00
0.04
0.00
0.00
0.00
0.00
0.00
0.00
0.00
0.00
0.00
0.33
0.08
0.00
0.00
0.00
0.00
0.00
0.00
0.00
0.00
0.00
0.00
0.00
0.00
0.00
0.00
0.00
0.00
0.00
0.00
0.00
0.00
0.00
0.00
0.00
0.00
0.00
0.00
0.00
0.00
0.00
0.00
0.00
0.00
0.00
0.00
0.00
0.00
0.00
0.00
0.16
0.00
0.00
0.00
3.54
2.64
0.00
0.21
0.25
0.00
0.00
0.99
0.00
4.37
2.18
0.00
0.00
0.00
0.00
1.48
1.32
0.66
0.00
0.00
0.00
0.00
0.00
0.00
6.43
1.73
0.00
0.00
0.00
0.00
0.00
0.00
0.00
6.76
0.16
1.98
3.63
0.33
0.08
0.00
0.00
0.00
0.00
0.00
0.16
0.00
0.00
0.00
1.15
2.80
0.87
2.47
1.73
5.31
4.78
3.05
2.31
0.00
0.00
0.00
0.00
2.80
1.65
6.59
0.00
4.12
4.61
0.08
0.66
5.89
6.76
5.93
18.70
21.18
15.16
20.43
16.15
6.43
3.79
7.75
11.54
4.45
4.94
8.57
10.71
15.49
28.34
21.75
73.17
21.75
28.34
23.57
24.06
18.66
21.79
16.64
18.58
22.70
14.34
16.11
0.00
0.00
0.00
0.00
0.00
0.00
6.43
11.70
0.00
6.59
24.88
30.61
14.46
20.64
14.67
42.89
26.61
11.82
16.42
10.51
3.40
14.96
13.72
22.49
23.52
21.46
20.39
7.54
10.13
4.20
10.92
16.31
16.15
11.37
11.04
8.07
6.67
20.60
0.00
0.00
11.04
3.63
11.21
9.64
16.31
11.95
14.50
10.38
13.02
24.31
17.80
22.74
32.14
32.46
17.14
13.43
11.25
11.87
24.10
9.72
20.43
38.73
35.93
34.94
18.46
25.71
27.19
37.24
15.66
10.30
31.81
1.90
0.82
0.00
1.77
16.69
26.45
21.63
11.54
0.00
18.87
0.00
9.97
0.04
11.78
19.69
31.31
25.63
35.10
14.67
16.48
9.39
5.77
12.85
0.00
0.00
5.60
7.91
5.27
22.49
28.51
20.60
18.05
0.00
0.00
0.00
0.00
0.00
13.02
35.27
13.22
3.13
0.00
0.00
0.00
0.00
0.82
1.61
0.04
0.00
0.00
3.96
6.30
5.27
5.03
19.45
2.97
0.00
3.63
4.94
7.83
0.16
2.80
3.13
0.00
0.00
0.00
0.00
2.47
1.98
0.00
0.00
0.00
0.00
0.00
0.00
0.00
0.00
0.00
0.00
0.00
0.00
0.00
0.00
0.00
0.00
0.00
0.00
0.00
1.81
0.00
0.00
0.00
0.00
0.00
0.00
0.00
0.00
0.00
0.00
1.81
0.00
0.00
0.00
0.00
0.00
0.00
0.00
0.04
0.00
0.00
0.02
0.00
0.00
0.00
0.00
0.00
0.00
0.00
0.00
0.00
0.00
0.00
0.00
0.00
0.00
0.00
0.00
0.00
0.00
0.00
0.00
0.00
0.00
0.00
0.00
0.00
0.00
0.00
0.00
0.00
0.00
0.00
0.00
0.00
0.00
0.00
0.00
0.00
0.00
0.00
0.00
0.00
0.00
0.00
0.00
0.00
0.00
0.00
0.00
0.00
0.00
0.00
0.00
0.00
0.00
0.00
0.00
0.00
0.00
0.00
0.00
0.00
0.00
0.00
0.00
0.00
0.00
0.00
0.00
0.00
0.00
0.00
0.00
0.00
0.00
0.00
0.00
2.14
0.00
0.00
0.00
0.00
0.00
0.00
0.00
0.00
0.00
0.00
0.00
0.00
0.00
0.00
0.00
0.00
0.16
0.08
3.21
3.75
0.06
0.04
0.00
0.00
0.00
0.80
2.47
2.06
0.00
0.00
0.00
2.64
0.00
4.35
0.00
0.00
0.00
0.16
0.82
0.00
0.00
0.00
0.00
0.00
0.00
0.00
2.39
1.98
0.00
0.00
1.40
2.39
0.12
2.43
4.20
1.19
0.66
2.31
0.25
0.00
1.32
0.00
0.00
0.00
0.00
0.82
0.66
2.68
0.00
0.00
6.30
18.79
8.65
17.30
4.61
0.00
4.94
13.18
12.03
9.06
43.34
5.11
12.52
4.94
3.13
12.52
4.12
11.54
12.52
13.51
26.04
15.16
32.22
19.12
11.78
17.63
0.00
0.00
16.07
19.28
14.67
0.00
0.00
0.00
0.00
0.00
2.18
5.97
16.31
7.66
13.10
13.55
12.73
23.52
22.91
19.20
25.58
27.81
31.06
31.15
18.58
38.03
15.53
46.31
37.90
45.15
22.58
17.80
33.12
39.14
15.82
22.91
25.71
20.43
17.14
18.05
20.68
11.04
4.45
6.18
11.95
22.87
17.34
13.64
34.11
17.14
27.52
44.49
44.82
87.01
22.58
7.00
16.48
0.00
0.00
0.08
7.46
0.00
0.00
0.00
9.89
31.39
60.48
54.30
84.79
58.34
82.73
68.93
56.44
17.47
16.81
0.00
0.00
5.36
14.34
14.87
20.10
27.48
42.33
28.22
22.45
29.70
20.97
28.96
10.18
0.04
14.75
13.72
9.23
14.58
18.05
19.61
16.15
8.07
0.00
3.63
3.79
15.33
22.58
64.76
41.20
22.58
28.51
22.66
0.08
18.54
0.04
0.00
0.00
11.08
13.41
16.03
2.55
0.00
0.00
0.00
0.00
0.00
0.33
14.25
16.97
17.22
8.32
25.71
13.10
17.92
0.00
1.98
0.00
0.00
0.00
0.00
4.45
18.29
0.00
0.00
0.00
0.00
0.00
0.00
0.00
0.00
0.00
0.00
0.00
3.05
1.98
0.37
0.00
0.16
0.00
0.00
0.00
0.00
0.08
0.08
0.04
0.04
0.00
0.00
1.98
0.00
0.00
0.00
0.00
0.08
0.00
0.00
0.00
0.00
0.00
0.00
0.00
0.00
0.00
0.00
0.00
0.00
0.00
0.00
0.00
0.00
0.00
0.00
0.00
0.00
0.00
0.00
0.00
0.00
0.00
0.00
0.00
0.00
0.00
0.00
0.00
0.00
0.00
0.00
0.00
0.00
0.00
0.00
0.00
0.00
0.00
0.00
0.00
0.00
0.62
0.95
0.00
0.00
0.00
0.00
0.00
0.00
0.00
0.00
0.00
0.00
0.00
0.00
0.00
0.00
0.16
0.00
0.00
0.00
0.00
0.00
0.00
0.00
0.00
0.00
1.48
2.14
0.00
0.00
0.00
0.00
0.00
0.00
0.00
0.00
0.00
0.00
0.00
0.00
0.00
0.00
0.00
0.00
0.00
0.00
4.04
0.00
0.00
0.00
0.00
2.64
0.00
0.00
0.00
0.00
1.24
1.81
0.49
0.08
0.00
0.00
0.00
0.00
5.11
0.04
0.04
0.00
0.00
0.00
0.00
0.00
0.49
1.48
0.00
0.00
0.00
0.00
3.79
1.32
1.98
1.48
5.11
19.12
3.46
5.27
1.48
4.28
2.14
0.91
0.47
0.62
0.82
0.99
1.24
2.60
2.35
0.08
1.52
0.08
1.48
2.64
0.00
1.32
2.80
0.82
0.33
0.00
0.00
0.00
0.99
1.98
2.97
3.38
7.58
4.16
1.15
4.61
0.00
3.17
6.47
14.75
17.47
1.32
5.27
15.33
3.21
7.00
2.88
2.72
3.91
4.49
20.48
45.15
32.63
16.97
3.79
16.31
42.11
37.74
28.67
38.07
38.40
38.73
65.84
23.15
25.96
0.00
15.33
11.54
17.80
0.00
0.00
0.00
0.00
0.00
0.00
0.00
0.00
0.00
6.26
1.19
0.00
2.22
14.58
12.40
18.46
18.70
20.10
0.00
0.08
16.52
16.03
10.59
22.45
8.07
23.57
28.59
21.09
34.77
70.29
71.56
41.28
14.96
52.12
17.72
5.19
58.05
53.43
41.45
35.35
18.05
13.35
17.14
27.19
28.84
45.32
72.67
30.49
5.60
2.97
7.91
18.13
29.50
25.54
0.00
0.00
0.00
0.00
18.29
0.00
0.04
0.12
26.74
9.72
38.64
30.24
10.38
10.84
26.12
26.20
22.70
26.20
16.81
21.26
18.17
30.45
17.14
0.00
23.73
5.60
14.34
19.61
21.92
21.09
1.65
19.12
9.39
21.42
13.18
0.00
0.00
20.93
23.90
9.06
15.16
8.73
11.54
8.57
13.31
16.85
4.33
0.04
0.00
11.70
0.00
0.00
11.04
2.97
0.00
0.00
0.00
0.00
0.00
0.00
0.00
0.00
0.00
0.00
0.00
0.00
0.00
1.65
0.08
0.00
0.00
19.49
0.00
0.00
1.32
0.00
0.00
1.48
10.38
2.14
2.31
3.79
2.80
53.56
24.39
0.00
1.94
14.09
8.12
0.66
0.00
0.00
0.00
0.08
0.00
0.00
0.00
0.00
0.00
0.00
0.00
0.00
0.00
0.00
0.00
0.00
0.00
0.00
0.00
0.00
0.00
0.00
0.00
0.00
0.00
0.00
0.00
0.00
0.00
0.00
0.00
0.00
0.00
0.00
0.00
0.00
0.00
0.00
0.00
0.00
0.00
0.00
0.00
0.00
0.00
0.00
0.00
0.00
0.00
0.00
0.00
0.00
0.00
0.00
0.00
0.00
0.00
0.00
0.00
0.00
0.00
0.00
0.00
0.00
0.00
0.00
0.00
0.00
0.00
0.00
0.00
0.00
0.00
0.00
0.00
0.00
0.00
0.16
0.00
0.00
0.00
0.00
0.00
0.00
0.00
0.00
0.00
0.00
0.00
0.00
0.00
1.48
7.09
3.13
2.47
0.00
0.00
0.00
0.00
0.00
1.48
2.80
0.00
0.00
0.00
0.00
0.00
0.00
0.00
0.00
0.00
0.00
0.00
0.00
0.00
0.00
0.00
0.00
0.00
0.00
0.00
0.00
3.63
2.31
1.81
2.14
0.33
0.16
0.00
0.00
0.00
0.00
0.00
0.00
0.41
7.91
0.99
0.16
0.16
2.64
3.54
0.29
0.04
0.00
0.00
0.00
0.00
0.00
2.10
10.26
0.04
1.98
1.81
2.31
2.80
3.63
13.68
3.13
0.16
0.00
0.00
0.00
0.00
7.91
44.99
40.05
6.43
3.21
3.96
5.93
4.28
0.16
0.00
0.16
0.16
1.98
3.46
0.66
1.32
0.00
1.15
14.67
10.71
11.04
34.11
0.00
0.00
0.00
36.42
5.77
15.82
3.13
6.92
10.88
9.15
19.40
10.67
11.45
15.00
4.16
1.81
4.78
2.14
5.27
0.66
10.55
4.12
4.45
6.59
15.90
18.25
0.00
15.78
3.17
15.57
0.00
0.00
0.00
0.00
0.00
0.00
0.00
0.00
0.00
0.00
11.54
2.80
3.54
0.66
0.33
15.00
9.97
15.24
13.84
0.00
0.00
7.50
9.72
5.44
0.00
1.48
0.00
15.41
0.00
0.00
0.00
20.19
56.36
38.77
28.18
27.73
56.77
35.84
12.61
13.60
6.51
1.61
7.33
9.23
3.96
6.14
0.00
0.00
3.87
8.73
9.97
9.23
7.42
5.85
13.97
17.39
29.50
27.89
24.47
31.43
15.16
12.65
7.66
8.20
17.63
6.18
0.00
5.60
15.66
14.34
13.18
15.82
9.39
0.00
0.49
0.49
0.16
0.33
13.84
38.97
70.61
80.67
51.42
26.20
23.77
19.61
23.11
23.24
10.55
10.71
0.00
0.00
0.00
0.00
0.00
12.19
4.61
20.02
0.00
0.00
16.19
18.00
0.04
0.04
17.22
20.23
7.46
11.16
16.89
17.88
10.05
6.26
6.10
0.00
13.51
13.51
4.24
5.52
5.77
0.00
0.00
3.21
0.66
11.78
2.47
14.46
8.86
0.00
1.07
6.84
0.00
0.00
0.00
0.00
0.00
4.20
4.78
16.81
10.55
2.64
0.00
0.00
0.00
0.00
0.00
0.00
0.00
0.00
0.00
0.08
0.00
0.00
0.00
0.00
0.00
0.00
0.00
0.00
0.00
0.00
0.00
0.00
0.00
0.00
0.00
0.00
0.00
0.00
0.00
0.00
0.00
0.00
0.00
0.00
0.00
0.00
0.00
0.00
0.00
0.00
0.00
0.00
0.00
0.00
0.00
0.00
0.00
0.00
0.00
0.00
0.00
0.00
0.00
0.00
0.00
0.00
0.00
0.00
0.00
0.00
0.00
0.00
0.00
0.00
0.00
0.00
0.00
0.00
0.00
0.00
0.00
0.00
0.00
0.00
0.00
0.00
0.00
0.99
2.47
0.16
0.00
0.00
0.00
0.00
0.00
0.00
0.00
0.00
0.00
0.00
0.00
0.00
0.00
0.00
0.00
0.00
0.25
0.99
0.16
0.00
0.00
0.00
0.00
0.00
0.56
0.00
0.00
0.00
0.00
0.00
0.00
2.39
0.08
0.00
0.00
0.00
0.00
0.00
0.00
0.00
0.00
0.00
0.00
0.00
0.00
0.00
0.00
0.00
0.33
0.16
0.70
3.36
1.90
1.61
0.16
0.00
0.00
0.00
0.00
0.00
0.00
0.00
0.00
0.00
0.00
0.00
0.00
3.13
9.27
2.51
0.04
0.00
1.65
0.00
0.00
0.66
0.00
0.00
0.00
0.00
0.08
0.00
0.00
0.74
3.54
0.00
2.64
3.46
2.93
0.00
9.64
3.30
0.82
0.08
0.04
4.99
1.24
6.10
8.90
0.99
0.00
0.00
0.00
23.07
5.77
0.66
4.28
3.96
0.00
0.00
1.32
4.61
4.94
1.48
13.68
55.54
2.55
4.66
0.00
3.63
13.84
3.30
6.26
15.00
18.46
2.31
0.58
0.00
9.23
12.69
6.76
10.22
5.77
8.07
22.78
5.52
3.63
12.52
9.89
2.97
5.11
2.97
3.54
3.25
0.91
15.37
15.82
0.08
0.00
0.00
0.00
0.00
0.00
2.88
3.46
0.00
19.78
10.71
1.32
36.25
51.09
49.44
17.80
16.81
21.75
35.27
55.21
37.08
65.26
34.44
13.43
18.87
19.61
27.27
73.17
55.04
63.61
72.34
30.32
13.51
0.00
0.00
8.57
6.67
12.07
14.17
16.27
16.52
17.67
30.12
6.80
5.93
8.90
15.82
22.99
20.39
28.26
22.21
40.13
41.53
60.40
29.29
27.56
22.08
14.42
5.85
5.81
21.59
27.52
15.16
19.20
30.16
35.02
33.49
15.70
24.35
24.72
0.04
9.56
4.94
8.82
12.03
0.00
0.00
0.00
1.65
0.00
0.00
0.00
0.00
26.53
1.98
0.00
0.00
0.00
1.57
0.00
4.24
12.52
3.13
13.35
16.15
19.16
18.99
4.12
0.00
0.00
0.00
0.00
0.00
0.00
21.01
8.82
9.89
19.86
1.98
0.00
5.23
6.43
20.89
20.15
19.82
12.73
21.67
9.06
22.41
0.00
0.00
0.00
5.60
19.90
46.97
21.96
16.40
0.00
3.46
0.04
10.88
1.32
6.76
6.14
7.50
13.02
0.00
0.00
0.00
0.00
0.00
0.00
0.00
0.00
0.00
0.00
0.00
0.00
0.00
0.00
0.00
0.00
0.00
0.00
0.00
0.00
0.00
0.00
0.00
0.00
0.00
0.00
0.00
0.00
0.00
0.00
6.84
0.00
0.08
0.00
0.00
0.00
0.00
0.00
0.00
0.00
0.00
0.00
0.00
0.00
0.00
0.00
0.00
0.00
0.00
0.00
0.00
0.00
0.00
0.00
0.00
0.00
0.00
0.00
0.00
0.00
0.00
0.00
0.00
0.00
0.00
0.00
0.00
0.00
0.00
0.00
0.00
0.00
0.00
0.00
0.00
0.00
0.00
0.00
0.00
0.00
0.00
0.00
0.00
0.00
0.00
0.00
0.00
0.00
0.00
0.00
0.00
0.00
0.00
0.00
0.00
0.00
0.00
0.00
0.00
0.00
0.00
0.00
0.00
0.00
0.00
0.00
0.00
0.00
0.00
0.25
4.61
0.00
0.00
0.00
0.00
0.00
0.00
0.00
0.00
0.00
0.00
0.00
0.00
0.00
0.00
0.00
0.00
0.00
2.93
0.41
0.00
0.00
0.00
0.00
0.00
0.00
0.00
0.00
0.58
0.58
0.08
0.00
0.00
0.00
0.00
0.00
0.00
0.00
0.00
0.00
0.00
0.00
0.00
0.00
0.00
0.00
0.00
0.00
0.00
0.00
0.00
0.00
0.00
0.16
1.15
6.06
4.04
0.00
0.00
1.48
3.63
7.75
4.12
0.00
0.00
3.54
0.00
2.31
0.00
0.00
0.00
0.00
2.14
3.21
1.32
9.89
16.31
9.06
7.09
2.14
0.00
0.00
0.00
0.00
0.00
0.00
0.00
0.00
0.00
0.00
0.00
6.26
4.12
4.37
0.00
1.48
0.00
0.66
0.33
0.00
0.16
2.14
1.65
3.79
0.16
0.82
0.00
15.99
0.00
0.00
0.00
0.00
0.00
0.00
0.00
0.82
11.87
12.03
32.79
34.94
24.72
13.10
0.00
0.00
0.00
0.00
0.00
0.00
2.39
9.39
18.05
15.74
15.70
24.35
24.55
25.63
21.63
25.87
22.91
21.92
23.90
18.95
20.60
14.01
3.79
1.90
0.00
1.48
0.00
0.00
0.00
0.00
12.19
13.51
9.89
5.77
11.87
19.45
0.00
9.56
20.60
5.77
0.00
0.00
0.00
5.44
2.80
0.00
15.00
20.43
5.44
17.72
50.51
49.27
24.31
15.82
21.38
11.21
19.94
8.90
4.86
3.96
11.37
3.46
0.00
0.00
0.00
0.00
0.00
20.19
0.00
0.00
0.00
0.00
9.39
17.96
12.69
11.70
13.18
24.72
13.35
35.39
8.16
0.00
0.00
0.00
0.00
11.78
17.47
0.00
0.00
5.46
15.16
0.04
14.83
6.88
0.04
23.69
8.69
4.00
4.28
0.16
0.49
0.00
0.00
8.90
15.08
11.21
19.28
20.52
16.97
8.73
12.85
33.95
34.19
27.60
29.17
23.52
25.30
17.63
11.95
0.00
0.00
6.59
12.77
22.74
2.31
0.04
0.08
0.00
0.00
0.00
0.00
0.00
3.13
0.00
0.00
0.00
0.00
0.00
0.00
0.00
0.00
0.00
0.00
0.00
0.00
0.00
0.00
0.00
11.62
1.90
0.00
0.00
0.00
0.00
0.00
0.00
0.00
0.00
0.00
0.00
0.00
2.47
0.00
0.00
0.00
0.00
0.00
0.00
0.00
0.00
0.00
0.00
0.00
0.00
0.00
0.00
0.00
0.00
0.00
0.00
0.00
0.00
0.00
0.00
0.00
0.00
0.00
0.00
0.00
0.66
0.00
3.71
21.88
17.80
0.00
0.00
0.00
0.00
0.00
0.00
0.00
0.00
0.16
0.25
0.00
0.00
0.00
0.00
0.00
0.00
0.00
0.00
0.00
0.00
0.00
0.00
0.08
0.00
0.00
0.00
0.00
0.00
0.00
0.00
0.00
0.00
0.00
0.00
0.00
0.00
0.00
0.00
0.00
0.00
0.00
0.00
0.00
0.00
0.00
0.00
0.00
0.00
0.00
0.00
0.00
0.00
0.00
0.00
0.00
0.00
0.00
0.00
0.00
0.00
0.00
0.00
0.00
0.00
0.00
0.00
0.00
0.00
0.00
0.00
0.00
0.00
0.00
0.00
0.00
0.00
0.00
0.00
0.00
0.00
0.00
0.00
28.51
1.65
1.65
1.48
0.00
0.00
0.00
0.00
0.00
0.00
0.00
0.00
0.00
0.00
0.00
0.00
0.00
0.00
0.00
0.00
0.00
0.00
0.00
3.67
4.20
0.00
3.54
0.74
0.00
0.00
0.00
0.04
0.16
0.25
0.00
0.00
0.00
0.00
0.04
2.47
5.77
2.80
1.48
5.77
2.31
0.00
3.63
2.97
0.00
0.00
0.00
0.00
1.98
4.28
4.78
11.21
8.40
6.10
0.66
0.00
0.00
0.00
0.00
0.00
0.00
2.14
1.81
4.78
14.01
16.15
0.00
2.31
4.20
1.48
3.79
0.00
0.00
0.00
0.00
3.46
4.78
14.25
9.06
9.06
7.91
29.50
43.51
10.05
6.51
8.65
0.21
0.00
1.19
8.24
0.00
0.00
0.00
0.00
0.00
0.00
0.04
0.08
16.62
14.01
9.64
18.25
15.08
16.27
24.02
73.91
62.21
20.52
29.33
5.15
0.12
5.69
9.23
15.33
11.87
15.74
70.61
147.49
134.31
26.20
46.14
38.81
18.21
6.39
4.99
1.65
1.57
0.00
0.00
0.00
14.58
33.78
31.15
15.49
3.63
0.00
13.18
13.64
6.67
14.38
8.03
0.00
0.00
33.62
36.09
32.88
38.64
30.86
42.02
43.75
30.78
31.81
21.84
13.43
17.28
29.87
33.99
51.83
41.36
34.19
33.37
42.02
13.93
24.80
0.00
0.00
12.69
0.00
4.78
3.79
23.65
4.94
12.11
9.56
20.76
18.13
16.07
12.77
1.57
9.72
3.21
4.24
0.00
0.00
7.91
23.73
0.00
9.06
2.97
7.91
0.00
11.87
0.00
0.00
0.00
0.00
18.13
14.67
0.00
0.00
0.00
0.00
20.19
5.56
0.00
0.00
0.00
0.00
0.00
3.63
10.55
15.49
12.85
14.83
0.16
0.00
0.00
11.87
0.00
0.00
1.65
4.04
6.51
0.00
0.00
0.00
0.00
0.00
0.99
0.00
0.00
0.00
1.15
0.99
0.00
0.16
0.08
0.00
1.32
0.82
0.00
0.00
0.00
0.00
0.00
0.00
0.00
0.00
0.00
0.00
0.00
0.00
0.00
0.00
0.54
10.63
157.79
0.33
0.08
0.00
0.08
7.91
4.28
0.00
0.00
0.00
0.00
0.16
0.00
0.08
0.00
0.00
0.00
0.16
0.21
0.16
0.00
0.16
0.16
0.16
0.00
0.00
0.00
0.00
0.00
0.00
0.00
0.12
0.16
0.08
0.08
0.08
0.00
0.00
0.00
0.00
0.00
0.00
0.08
0.00
0.00
0.08
0.00
0.00
0.00
0.00
0.00
0.00
0.00
0.00
0.00
0.00
0.00
1.15
19.12
0.00
0.00
0.04
0.04
0.00
0.00
0.00
0.00
0.00
0.00
4.12
21.92
1.07
0.00
0.00
0.04
0.00
0.00
0.00
0.00
0.00
0.00
0.00
0.00
0.00
0.00
0.00
0.00
0.00
0.00
0.00
0.00
0.00
0.00
0.00
0.00
0.00
0.00
0.00
0.00
0.00
0.00
0.82
0.99
0.00
0.00
0.00
0.00
0.00
0.49
0.49
0.00
0.00
0.00
0.00
0.00
0.00
0.00
0.00
0.00
0.00
0.00
0.00
1.15
2.64
2.31
0.16
6.14
0.16
0.16
0.00
0.00
0.41
4.86
2.39
0.41
0.25
1.81
0.00
0.82
3.30
0.66
2.80
5.77
2.14
4.12
4.61
25.38
3.63
3.96
2.31
2.64
0.00
1.81
9.35
1.65
1.73
7.79
14.71
4.53
4.53
6.55
5.27
0.00
11.54
0.82
0.00
0.00
0.00
0.00
0.00
0.00
2.47
4.94
2.64
0.00
0.00
0.66
0.00
0.00
0.00
0.00
0.33
0.16
0.00
0.00
8.69
6.51
21.09
23.69
11.12
36.83
26.37
23.57
22.76
29.46
25.87
8.07
0.00
0.00
0.00
0.00
0.00
0.00
0.00
0.00
0.00
10.22
12.77
7.42
14.25
12.28
12.28
3.21
16.48
36.09
20.23
22.21
31.76
21.26
25.09
26.72
12.77
2.47
0.00
16.69
17.55
28.92
24.51
33.37
18.42
28.67
20.93
10.55
0.00
12.19
7.50
15.00
14.87
21.84
13.14
29.17
22.08
24.55
17.14
13.35
11.37
12.85
10.38
0.00
0.00
0.00
0.00
0.00
0.00
0.00
0.00
0.00
0.00
14.67
7.91
15.66
25.71
18.62
4.28
6.59
0.00
0.00
25.87
12.03
11.70
6.92
10.05
2.93
11.58
6.18
0.02
0.04
23.90
17.88
17.55
15.78
22.66
19.28
22.91
26.41
22.25
50.34
60.31
86.72
32.18
6.43
0.16
0.00
0.00
0.00
16.48
17.06
18.79
4.37
0.00
0.91
2.55
5.13
15.53
12.19
20.39
13.35
0.74
8.32
3.67
11.08
20.81
20.68
1.77
0.08
21.09
0.00
0.00
0.00
1.15
7.50
17.02
7.00
2.88
14.96
0.00
0.00
12.19
10.71
15.82
24.55
0.00
0.00
0.00
1.15
7.25
12.52
2.39
0.00
0.00
0.00
0.00
0.00
0.16
0.00
0.00
0.00
0.00
0.00
0.00
0.00
0.00
2.64
23.52
15.99
0.00
0.00
0.00
0.00
0.00
0.00
0.00
0.00
0.00
0.00
0.00
0.00
0.00
0.00
0.00
0.00
0.00
0.00
0.00
0.00
0.00
0.00
0.00
0.00
0.00
0.00
0.00
0.00
0.00
0.00
0.00
0.00
0.00
0.00
0.00
0.00
0.00
0.00
0.00
0.00
0.00
0.00
0.00
0.00
0.00
0.00
0.00
0.00
0.00
0.00
0.00
6.14
0.00
0.00
0.00
0.00
0.00
0.00
0.00
0.00
0.00
0.00
0.00
0.00
0.00
0.00
0.00
0.00
0.00
0.00
0.00
0.00
0.00
0.02
0.00
0.00
0.00
0.08
0.00
0.00
0.00
1.32
0.08
0.00
0.84
1.61
0.16
0.00
0.00
0.08
0.00
0.00
0.00
0.00
0.00
0.00
0.00
0.00
0.00
2.47
0.66
0.00
0.00
0.00
0.00
0.00
0.00
0.08
1.15
0.00
0.16
0.16
0.00
0.00
0.00
0.00
0.00
0.00
0.00
0.08
0.33
0.00
0.00
3.87
0.00
0.00
0.25
0.00
0.00
1.48
0.66
1.65
2.97
0.00
0.00
0.00
0.00
0.00
1.32
0.00
0.00
0.00
0.04
1.57
0.00
1.32
0.33
1.98
4.28
0.99
2.14
2.14
0.74
1.73
2.97
12.19
17.14
4.45
7.33
11.29
33.45
9.23
19.36
10.65
24.39
25.09
10.26
4.28
0.00
2.80
3.87
6.43
2.97
3.05
3.46
6.34
14.83
29.83
5.44
2.14
10.96
10.55
3.96
16.81
11.04
8.07
11.21
9.23
22.16
7.91
4.12
7.25
5.44
2.64
8.57
2.80
10.38
1.48
4.12
5.11
6.43
17.47
7.09
0.00
6.59
23.73
0.00
37.90
33.95
34.03
0.00
0.00
3.63
17.47
14.17
0.00
0.00
0.00
0.00
18.54
30.36
42.31
5.48
0.00
22.78
14.50
28.80
10.71
16.23
13.55
4.49
11.45
16.56
9.23
15.61
20.52
27.19
24.06
25.87
34.11
44.82
86.93
233.93
102.34
30.49
15.82
16.81
9.15
23.98
19.53
31.02
13.47
20.85
4.66
0.00
0.00
22.82
26.53
9.31
13.02
16.15
9.06
17.47
0.00
36.91
27.03
4.20
11.45
12.69
24.80
18.79
15.04
17.18
4.41
16.27
13.22
18.05
11.21
27.85
19.34
25.67
24.88
21.59
21.51
27.19
48.49
45.77
22.95
18.21
26.90
0.04
7.00
19.86
2.10
19.24
23.32
10.63
18.46
14.17
8.24
18.00
17.88
14.67
9.23
5.60
8.69
26.28
21.92
16.23
20.48
23.73
12.36
8.98
56.85
8.40
20.76
25.58
3.50
9.23
12.69
47.63
2.80
0.00
19.12
21.09
0.00
22.58
15.66
20.93
11.54
23.98
14.50
0.16
0.25
0.00
0.33
0.08
0.00
0.00
0.00
0.00
0.49
0.00
0.00
0.00
0.00
0.00
0.00
0.00
0.00
0.00
0.12
0.00
0.00
0.00
0.00
0.00
0.00
0.00
0.00
0.00
0.00
0.00
1.15
1.81
0.00
0.00
0.04
0.00
0.00
0.00
0.00
0.00
0.00
0.00
0.00
0.00
0.00
0.00
0.00
0.00
0.16
0.16
0.00
0.00
0.00
0.00
0.00
0.00
0.00
0.00
0.00
0.00
0.00
0.00
0.00
0.00
0.00
0.00
0.00
0.00
0.00
0.00
0.00
0.00
0.00
0.21
0.00
0.00
0.00
22.66
58.30
0.33
0.04
0.00
0.00
0.00
0.00
0.00
0.00
0.00
0.00
0.00
0.00
0.00
0.00
0.00
0.00
0.00
0.00
0.00
0.00
0.00
0.00
0.00
0.00
0.00
0.00
0.00
0.00
0.00
0.00
0.00
0.00
0.00
0.00
0.00
0.00
0.00
0.33
0.00
0.00
0.00
0.00
0.99
1.81
0.00
0.00
0.00
0.00
0.00
0.00
0.00
0.00
0.00
0.00
0.00
0.00
0.00
0.00
0.00
0.16
0.16
0.00
0.00
0.00
0.00
0.00
0.00
1.32
0.04
0.21
3.17
2.10
0.00
0.00
4.12
3.54
2.64
1.98
1.48
2.47
24.31
3.25
1.98
0.00
0.82
3.30
4.12
1.15
0.08
0.41
0.04
0.00
0.66
2.31
3.30
1.73
0.49
0.16
1.15
6.10
7.58
0.00
0.00
0.00
1.65
6.59
8.07
6.47
14.21
13.18
0.00
2.10
4.12
0.00
4.18
6.76
6.10
0.00
0.25
1.81
0.99
2.31
2.06
5.27
0.33
0.49
1.32
1.48
2.64
3.63
2.06
1.48
2.18
0.00
0.33
0.33
3.30
8.07
5.44
6.10
3.13
0.00
0.00
0.00
0.00
0.99
2.55
3.21
3.79
0.00
0.00
3.63
0.00
0.00
0.00
0.00
0.00
0.00
2.80
0.00
1.81
3.38
3.63
0.04
0.00
0.00
0.00
3.63
0.00
0.00
0.00
0.00
3.79
0.00
0.00
0.00
10.05
0.00
0.00
17.72
91.79
67.32
33.62
17.76
20.60
7.87
0.00
0.04
0.00
0.00
0.00
0.00
2.80
10.22
11.04
4.94
0.00
0.00
0.00
0.00
0.00
0.00
6.84
28.02
23.40
40.91
50.84
57.35
53.39
37.41
58.01
56.69
3.96
15.74
9.64
18.62
0.00
19.69
25.38
17.96
20.85
11.95
14.54
11.25
44.41
24.68
22.74
13.10
19.20
10.38
8.73
0.00
30.03
24.80
32.09
13.84
20.10
25.05
15.49
16.97
14.09
29.66
12.69
20.76
11.37
23.90
10.55
0.00
15.90
27.85
26.94
19.03
24.80
21.55
0.04
19.94
21.51
28.39
8.78
0.04
0.00
9.89
22.41
30.65
22.91
26.86
24.55
32.63
25.05
14.58
17.80
13.84
16.81
0.00
31.97
20.76
19.61
13.68
0.00
0.00
0.00
0.00
2.76
8.07
13.02
0.00
0.00
0.00
1.81
60.97
162.32
0.00
0.08
0.00
0.00
0.00
0.00
0.00
0.49
0.00
0.00
0.00
0.00
7.50
0.00
0.91
9.48
9.10
9.39
4.08
9.23
7.04
10.32
2.49
0.00
0.00
0.00
0.08
0.08
0.08
0.08
0.00
0.00
0.08
0.49
0.25
0.00
0.99
1.98
3.13
7.42
131.09
30.08
0.00
0.00
0.00
0.00
0.08
0.08
0.16
0.16
0.00
0.00
0.16
0.16
0.08
0.00
0.04
0.08
0.12
0.08
0.08
0.00
0.08
0.04
0.00
0.16
0.00
0.04
0.00
0.00
0.08
0.00
0.00
0.00
0.00
0.00
0.00
0.00
0.00
0.00
0.00
0.00
0.00
0.00
0.00
0.00
0.00
0.00
0.00
0.00
0.00
0.00
0.00
0.00
0.00
0.00
0.00
0.00
0.08
0.00
0.00
0.00
0.00
0.00
0.00
0.00
0.00
0.00
0.00
0.00
0.00
0.00
0.00
0.00
0.00
0.00
0.00
0.00
0.00
0.00
0.00
0.00
0.00
0.00
0.00
0.08
0.16
0.08
0.02
0.68
0.04
0.00
0.00
0.16
0.43
0.00
0.16
4.14
4.55
0.08
0.00
0.00
0.00
0.00
0.00
0.00
0.00
0.00
0.16
0.00
0.00
0.00
0.00
0.00
0.16
0.00
0.49
0.00
0.00
0.00
0.00
0.00
0.74
0.25
0.33
1.48
0.66
0.00
0.16
0.16
0.00
0.00
0.00
0.00
0.00
0.00
0.00
0.00
0.00
0.49
0.16
3.79
2.31
6.76
5.93
11.21
1.90
3.46
2.35
4.28
2.60
2.31
2.55
2.02
0.00
0.91
1.73
0.00
0.00
1.32
0.49
7.25
0.00
6.43
7.25
1.48
12.03
20.27
9.76
2.47
0.00
6.43
0.66
0.00
0.82
8.40
14.50
10.71
4.61
0.00
0.00
0.00
0.00
18.13
6.88
0.00
2.47
0.00
0.00
0.00
0.00
0.00
0.00
0.00
0.00
0.00
0.00
0.00
2.64
0.00
0.00
0.00
0.00
2.64
2.97
0.82
0.00
0.00
0.00
0.00
0.00
0.00
0.00
0.00
0.00
0.00
0.00
0.00
9.93
21.55
16.97
0.04
19.12
27.89
20.56
49.03
52.73
51.09
13.02
18.46
21.92
30.90
15.66
6.18
0.00
0.00
0.00
0.00
0.00
0.00
0.00
0.00
0.00
0.00
0.00
12.85
17.22
0.00
16.31
0.04
4.74
20.76
12.28
2.64
0.00
7.25
8.40
8.57
7.58
5.11
0.00
0.00
12.28
8.90
9.15
9.19
0.00
0.00
20.68
25.87
19.28
0.00
0.00
0.00
0.00
10.46
0.00
16.64
22.99
20.02
10.26
12.52
17.02
0.12
20.64
21.26
14.67
4.45
7.25
4.70
15.49
22.99
22.08
17.39
9.81
34.44
27.69
29.66
24.88
13.02
25.05
19.94
24.06
50.10
27.19
17.88
2.64
5.93
7.00
22.66
2.84
0.00
1.90
1.40
0.00
0.00
0.00
0.00
0.41
0.00
0.00
0.00
0.00
0.00
0.00
0.00
0.00
0.25
0.08
0.00
0.00
0.74
0.00
0.00
0.00
0.00
1.54
5.44
0.45
2.31
0.12
0.00
0.00
0.00
0.41
2.64
0.00
0.00
0.00
0.87
0.00
0.00
0.00
0.00
0.00
0.00
0.00
0.00
0.00
0.00
0.00
0.00
0.00
0.00
0.00
0.00
0.00
0.00
0.00
0.00
0.00
0.00
0.00
0.00
0.00
0.00
0.00
0.00
0.00
0.00
0.00
0.00
0.00
0.00
0.00
0.00
0.00
0.00
0.00
0.00
0.00
0.00
0.00
0.00
0.00
0.00
0.00
0.00
0.00
0.00
0.00
0.00
0.00
0.00
0.00
0.00
0.00
0.00
0.00
0.00
0.00
0.00
0.00
0.00
0.00
0.66
6.43
0.00
0.00
0.00
0.00
0.00
0.00
0.00
0.00
0.00
0.00
1.07
3.63
0.08
0.00
0.00
0.91
0.00
0.00
0.00
0.00
0.00
0.00
0.00
0.00
0.00
1.65
0.49
0.00
0.00
0.00
0.00
0.00
0.00
0.00
0.25
0.41
0.00
0.00
0.00
0.00
0.00
0.00
0.00
0.00
0.00
0.00
0.00
0.00
1.48
8.40
4.28
4.28
0.33
1.81
1.07
2.47
4.53
4.00
4.12
9.85
0.00
0.00
0.00
1.65
2.64
2.80
3.63
2.80
0.00
0.00
0.00
0.00
0.00
0.00
0.02
0.00
0.00
0.00
1.73
5.38
6.51
4.74
0.00
0.00
0.00
0.00
6.26
0.33
0.74
0.04
0.00
0.00
0.00
5.11
0.16
2.97
2.64
0.49
11.70
12.15
3.17
0.00
2.27
0.00
0.00
2.64
2.31
2.47
4.53
13.18
1.15
0.00
0.82
3.42
3.38
4.12
14.01
1.90
5.89
7.70
15.41
0.00
0.00
0.00
0.00
0.00
4.94
2.64
0.00
6.59
2.64
10.22
2.31
9.23
6.92
2.31
7.09
12.36
15.82
14.83
0.16
0.33
2.31
12.69
29.33
32.88
35.27
61.06
59.66
45.24
39.59
24.47
12.28
0.00
0.00
11.25
40.46
22.95
52.94
66.99
48.70
48.12
26.00
16.81
33.62
38.23
2.97
0.00
0.00
0.00
6.02
7.75
9.23
0.00
0.00
0.00
0.00
0.00
0.00
0.00
0.00
0.00
0.00
0.00
6.72
13.55
5.64
2.72
14.30
18.09
36.01
25.75
14.63
23.32
15.74
13.60
20.56
12.28
28.51
23.07
22.25
16.56
30.03
16.27
25.46
31.56
16.64
19.61
0.00
0.00
0.00
0.00
0.00
7.91
19.20
6.14
0.00
8.90
20.35
25.96
36.96
9.15
13.06
21.34
3.87
0.00
1.73
16.15
19.12
24.22
14.87
27.85
14.17
10.63
0.00
0.00
7.00
20.68
15.12
7.29
0.00
0.00
3.71
25.54
30.32
0.00
0.00
0.00
0.21
1.03
1.98
26.61
13.93
9.56
8.24
10.38
8.57
25.05
25.87
17.14
19.20
12.19
0.00
17.80
27.19
2.47
7.58
9.06
2.47
0.00
0.00
1.32
2.51
6.26
3.30
16.15
14.09
5.93
1.81
1.81
0.00
0.00
0.00
0.00
2.64
0.00
0.00
0.00
0.66
2.72
4.61
0.00
0.00
1.32
8.82
0.74
0.00
0.00
0.00
0.00
0.00
0.00
0.00
0.00
0.00
0.00
0.00
0.00
0.00
0.00
0.00
0.00
0.00
12.36
11.87
0.00
0.00
0.00
0.00
0.04
0.00
0.00
0.08
0.08
0.00
0.00
0.00
0.00
0.00
0.00
0.00
0.00
0.00
0.00
0.08
0.08
0.00
0.00
0.00
0.00
0.00
0.00
0.00
0.00
0.00
0.00
0.00
0.00
0.00
0.00
0.00
0.00
0.00
0.00
0.00
0.08
0.00
0.00
0.00
0.00
0.00
0.00
0.08
0.00
0.00
0.00
0.00
0.00
0.00
0.00
0.00
0.00
0.00
0.00
0.00
0.00
0.00
0.00
0.00
0.00
0.00
0.00
0.00
0.00
5.77
0.00
0.00
0.00
0.00
0.00
0.00
0.00
0.00
0.00
0.00
0.00
0.00
0.00
0.00
0.00
0.00
0.00
0.00
0.00
0.00
0.00
0.00
0.00
0.00
0.00
0.00
0.00
0.00
0.00
0.00
0.00
0.00
0.00
0.00
0.00
0.58
1.44
0.16
0.16
0.00
0.66
0.00
0.00
0.00
0.00
0.00
0.00
0.08
0.21
0.00
0.00
1.48
0.00
0.00
0.00
0.00
4.82
1.32
2.80
7.75
11.78
6.10
0.82
0.00
0.00
0.00
0.00
1.65
7.91
1.65
0.00
0.00
4.45
0.82
2.31
1.73
0.93
1.83
0.00
0.00
7.79
10.88
8.24
11.37
3.71
14.09
7.42
2.97
1.32
4.94
0.66
15.66
0.00
0.00
0.00
2.06
2.72
35.02
2.14
6.67
1.07
7.13
0.00
36.34
14.09
23.90
7.66
7.83
0.00
2.14
8.24
11.54
16.23
5.93
0.00
0.00
0.00
0.00
0.00
0.00
0.00
5.27
10.55
6.76
10.38
7.00
12.44
3.05
68.39
49.60
32.14
10.38
0.00
0.00
11.21
26.53
48.45
22.74
35.06
49.93
55.70
4.28
0.00
0.00
17.06
17.96
26.70
0.04
4.94
5.60
13.68
9.72
34.44
100.03
42.02
4.61
19.78
35.76
25.87
26.70
20.76
14.01
13.02
9.72
22.49
11.54
0.00
9.06
9.64
14.01
18.95
25.46
16.56
18.42
39.51
40.02
26.33
18.29
20.35
15.70
14.42
14.09
4.78
17.14
9.89
16.48
18.29
16.48
15.00
20.93
29.83
31.15
26.53
19.12
37.57
30.94
43.01
36.42
49.11
50.76
38.07
55.21
64.76
35.68
21.26
17.47
10.34
0.00
0.00
0.00
0.00
0.00
0.00
0.00
9.06
0.00
0.00
0.00
0.00
28.59
20.23
8.82
0.08
3.67
4.90
1.81
14.42
11.62
14.34
61.14
17.22
13.84
24.88
32.22
21.59
0.00
0.00
0.91
4.61
0.00
3.21
16.60
12.90
0.00
0.00
1.65
2.72
3.38
22.58
11.29
1.07
0.00
0.00
0.00
0.00
0.00
2.39
0.00
0.00
2.97
4.12
5.03
5.11
19.12
9.97
15.66
4.53
3.46
3.79
0.00
0.00
0.00
0.00
0.00
0.00
0.00
0.00
0.00
0.00
0.00
0.00
0.08
0.00
0.00
4.94
0.08
0.08
0.00
0.00
0.00
0.00
0.00
0.00
0.00
0.00
0.00
0.00
0.00
0.00
0.04
0.08
0.00
0.00
0.00
0.00
0.00
0.00
0.00
0.00
0.00
0.00
0.00
0.00
1.24
0.00
0.00
0.00
0.00
0.00
0.00
0.00
0.00
0.00
0.00
0.00
0.00
0.00
0.00
0.00
0.00
0.00
0.00
6.76
0.08
0.16
0.00
0.00
0.00
0.00
0.00
0.00
0.00
0.00
0.00
0.00
0.00
0.00
0.00
0.00
0.00
0.00
0.00
0.00
0.00
0.00
0.00
0.00
0.00
0.00
0.00
0.00
0.00
0.00
0.00
0.00
0.39
1.24
0.04
0.00
0.00
0.00
0.00
0.00
0.00
0.00
0.00
0.00
0.00
0.00
0.00
0.35
0.04
0.00
0.00
0.00
3.42
10.30
2.47
0.08
0.04
0.00
0.00
0.00
0.00
0.00
0.00
0.00
0.00
0.00
0.00
0.00
0.00
0.00
0.00
2.64
0.00
0.00
0.16
0.00
0.00
0.00
0.00
0.16
0.08
0.00
0.08
0.00
0.00
0.00
0.00
0.82
2.47
1.81
0.00
2.88
4.53
15.90
3.96
1.40
4.61
0.00
0.00
1.98
2.47
2.88
8.90
6.10
0.00
0.00
0.00
0.00
0.00
0.00
0.00
1.48
2.31
2.14
0.82
0.00
0.00
0.16
0.66
0.49
2.14
6.26
0.82
4.28
0.00
0.00
0.00
0.00
0.00
1.32
13.51
2.97
6.96
4.78
5.19
3.71
0.00
8.07
3.96
1.32
2.88
5.36
1.57
17.63
24.64
29.13
81.33
29.00
3.54
2.97
1.57
10.71
9.56
11.37
14.01
16.81
22.25
33.70
23.57
30.49
22.33
16.81
0.00
0.00
0.00
0.00
0.00
0.00
0.00
0.00
0.00
0.00
0.00
0.00
0.00
0.00
0.00
0.00
0.00
0.04
10.09
0.00
0.00
0.04
0.04
2.93
4.33
14.63
11.21
28.67
54.14
46.88
19.45
0.00
15.16
19.94
14.01
0.00
0.00
0.00
0.00
0.00
0.00
1.57
25.87
23.65
15.33
0.00
12.85
11.54
9.23
15.16
17.63
12.19
6.02
12.03
14.67
15.99
11.70
17.80
12.69
5.60
0.00
0.00
0.00
0.66
0.00
5.31
0.00
0.00
0.00
12.98
6.55
23.81
13.51
25.01
32.46
23.57
20.10
37.57
28.10
18.21
25.21
21.26
5.77
0.00
23.90
7.25
15.66
0.00
0.00
23.73
30.32
17.22
2.97
0.25
1.07
6.10
0.00
0.99
1.32
0.49
0.00
0.00
2.06
14.17
26.86
21.09
18.54
0.00
0.00
0.00
0.00
2.06
17.14
10.71
0.16
1.90
12.52
17.80
20.35
0.00
0.00
0.00
0.00
0.00
0.00
0.00
0.00
5.77
12.11
0.00
7.09
4.61
17.96
6.76
0.00
0.00
0.00
0.00
0.00
0.08
0.00
0.66
0.00
0.00
0.00
0.00
0.00
0.00
0.00
0.00
0.00
0.00
0.00
0.08
0.00
0.00
0.00
0.00
0.00
0.00
0.00
0.00
0.00
0.00
0.00
0.00
0.00
0.00
0.00
0.00
0.00
0.00
0.00
0.16
0.00
0.00
0.00
0.82
0.82
9.06
4.86
0.08
1.57
0.16
0.00
0.00
0.00
0.00
0.00
0.00
0.00
0.00
0.04
0.00
0.00
0.00
0.00
0.00
0.00
0.00
0.00
0.00
0.00
0.33
0.00
0.00
0.00
0.00
0.00
0.00
0.00
0.00
0.00
0.00
0.00
0.00
0.00
0.00
0.00
0.00
0.00
0.00
0.00
0.00
0.00
0.00
0.00
0.00
0.00
0.00
0.00
0.00
0.00
0.00
0.00
0.00
1.65
0.00
0.00
0.00
0.00
0.00
0.00
0.00
0.00
0.16
0.00
0.00
0.00
0.00
0.00
0.00
0.00
0.00
0.00
0.00
0.00
0.00
0.49
0.00
0.00
0.00
0.16
0.00
0.00
0.00
0.00
0.00
0.00
0.45
0.08
0.16
6.26
0.99
0.00
0.00
11.70
6.84
0.08
0.00
0.00
0.00
0.00
0.00
2.64
3.25
0.00
0.00
0.00
0.00
0.00
0.00
0.99
1.15
2.31
4.28
0.00
4.86
3.46
5.60
3.30
1.32
0.37
1.32
0.06
0.00
0.04
0.00
0.00
0.00
4.66
1.24
1.48
2.80
3.71
4.04
5.44
3.96
1.90
4.28
11.37
0.00
2.47
2.97
3.79
3.79
1.15
3.54
11.62
0.00
2.84
16.64
4.08
0.49
0.99
3.79
1.48
1.15
17.30
5.03
1.15
3.91
6.92
4.45
7.91
5.27
46.80
30.73
7.58
27.36
29.83
8.73
20.27
15.82
0.00
0.00
0.00
0.00
0.00
0.00
0.00
0.54
1.81
1.98
0.58
0.62
0.29
0.00
0.00
0.00
0.00
0.00
0.00
0.00
0.00
0.00
0.00
0.00
0.00
0.00
0.00
11.21
12.69
14.17
0.82
37.08
41.36
18.95
29.83
13.51
9.23
27.52
24.55
8.86
11.91
18.91
20.43
28.30
12.03
0.00
0.00
14.50
32.46
6.72
22.82
14.91
23.90
19.20
23.19
24.47
38.19
30.16
20.39
24.02
20.60
18.13
0.00
15.82
15.70
8.03
0.08
0.12
0.12
0.16
0.16
14.30
13.88
14.75
12.85
0.00
22.58
32.46
27.52
12.69
19.45
16.97
21.96
20.64
9.81
0.00
0.00
0.00
0.00
8.49
23.07
17.63
0.00
14.34
13.35
40.70
21.42
36.38
18.62
0.00
0.00
18.70
23.98
16.31
0.00
0.00
0.00
9.06
24.06
0.04
22.21
0.25
0.00
0.19
0.00
11.54
25.96
30.98
29.17
29.25
20.81
0.00
0.00
6.12
0.21
0.00
23.73
23.32
6.39
0.00
0.00
0.00
0.74
9.06
3.01
4.14
0.00
0.00
1.32
4.14
2.86
3.42
0.00
0.00
0.00
0.00
1.48
0.00
1.81
2.22
6.84
4.12
0.00
0.00
0.00
2.27
0.00
0.00
4.94
3.13
0.00
0.00
0.00
0.00
0.00
0.00
0.00
0.00
0.00
0.00
0.00
0.00
0.00
0.00
0.00
0.00
0.00
0.00
0.00
0.00
0.00
0.08
0.08
0.00
0.00
0.00
0.00
0.00
0.00
0.00
0.00
0.00
0.00
0.00
0.00
0.00
0.00
0.00
0.00
0.00
0.00
0.00
1.85
69.21
5.93
32.34
0.27
0.00
0.00
0.00
0.00
0.00
0.00
0.00
0.00
0.00
0.00
0.00
0.00
0.00
0.08
0.00
0.00
0.16
0.16
0.33
0.16
0.16
0.16
0.04
0.00
0.00
0.02
0.39
2.18
0.06
0.00
0.00
0.00
0.00
0.00
0.00
0.00
0.00
0.00
0.00
0.00
0.06
0.00
0.00
0.00
0.00
0.00
0.00
0.00
0.00
0.00
0.00
0.00
0.00
0.00
0.00
0.00
0.00
0.00
0.00
0.00
0.16
0.00
3.63
2.97
0.82
0.33
0.16
1.98
2.97
1.65
0.16
7.50
0.99
4.86
5.85
1.81
0.00
0.00
0.00
0.99
0.82
0.99
0.00
0.00
2.14
5.52
4.86
5.40
0.33
2.57
2.51
3.75
2.25
0.16
0.08
0.00
0.02
0.00
0.00
0.00
0.00
0.00
0.08
0.00
0.00
0.00
0.00
0.00
0.00
0.82
7.33
4.20
2.39
0.00
0.00
2.14
1.57
0.00
0.00
0.00
0.00
0.00
0.00
0.00
0.00
0.00
2.80
4.04
1.52
4.12
7.91
2.55
0.49
42.11
15.16
10.71
5.77
2.31
0.00
10.38
17.47
8.40
3.63
2.80
7.91
0.00
0.00
0.99
3.46
0.00
2.80
2.14
2.97
0.00
0.00
0.74
3.05
18.13
0.00
0.00
0.00
37.20
31.89
24.93
25.25
0.00
0.00
0.04
0.00
0.00
0.00
0.00
1.40
0.00
10.92
8.03
36.25
1.19
0.00
11.29
2.97
0.00
0.00
0.00
0.00
0.00
3.54
19.73
23.03
31.93
20.81
1.48
0.00
0.00
0.00
7.42
21.92
11.54
13.47
0.00
0.00
4.37
13.35
1.65
10.55
13.68
29.00
18.79
20.27
30.98
4.61
4.94
65.34
40.25
33.00
64.27
33.78
32.46
11.54
0.00
0.16
0.16
12.03
26.45
26.53
26.41
22.49
28.14
23.85
27.36
24.80
43.63
33.45
7.58
3.46
10.92
10.01
19.78
15.53
25.75
37.82
27.44
20.68
18.29
26.37
10.55
0.00
0.00
0.00
0.45
9.72
1.28
0.82
0.33
1.90
0.41
13.18
7.83
16.15
21.01
0.00
13.43
7.09
0.00
0.00
0.00
0.00
5.29
0.00
18.91
12.28
5.60
0.00
0.00
0.00
2.88
0.00
26.41
41.20
38.64
20.19
0.78
0.00
17.39
0.00
0.00
0.25
0.33
5.03
0.00
0.00
0.00
0.82
6.30
0.66
0.58
7.66
5.64
0.00
0.00
0.00
0.00
0.00
0.00
0.00
0.00
0.00
0.08
0.08
0.00
0.00
0.00
0.00
0.00
0.00
0.00
0.00
0.00
0.00
0.00
0.00
0.00
0.00
0.00
1.48
0.00
0.00
0.00
0.00
0.00
0.00
0.00
0.00
0.00
0.00
0.00
1.15
0.00
0.00
0.00
0.00
0.00
0.00
0.00
0.00
0.00
0.33
0.00
0.82
0.00
0.00
0.00
0.00
0.00
0.00
0.00
0.00
0.00
0.00
0.00
0.00
0.00
0.16
0.16
0.00
0.00
0.00
0.00
0.49
0.00
0.00
0.00
0.00
0.00
0.00
0.00
0.00
0.00
0.00
0.00
0.00
0.00
0.00
0.00
0.00
0.00
0.00
0.00
0.00
0.00
0.00
0.00
0.00
0.00
0.00
0.00
0.00
0.00
0.00
0.00
0.00
0.00
0.00
0.00
0.16
3.63
1.98
1.98
0.00
0.00
0.00
0.00
0.00
0.00
0.25
0.00
0.00
0.00
0.00
0.00
0.00
0.00
0.00
0.00
0.00
0.00
0.00
0.00
0.00
0.00
0.33
2.14
8.57
0.16
0.08
0.00
0.00
0.00
0.00
0.00
0.08
0.00
0.00
0.00
0.12
2.68
0.00
0.00
0.00
0.00
0.21
0.00
0.00
0.00
0.00
0.16
0.00
0.00
0.00
0.00
0.00
0.00
1.48
0.00
0.00
0.00
0.00
0.00
0.00
0.00
0.00
0.00
0.00
2.31
2.31
2.97
18.13
29.17
12.03
2.14
13.66
6.51
9.10
5.69
3.50
2.47
2.55
0.00
0.00
0.00
0.00
2.18
0.00
2.39
2.97
4.66
2.60
2.93
0.00
4.12
1.15
0.66
1.81
3.46
0.33
2.80
3.30
4.94
0.00
0.00
0.00
3.63
0.12
4.16
5.77
0.00
1.32
0.00
0.00
0.00
0.66
0.49
61.63
29.58
13.18
15.49
0.00
14.83
12.36
28.63
20.64
23.40
26.45
11.37
9.64
5.48
6.76
8.36
1.90
0.00
0.00
0.00
0.00
6.34
0.00
0.00
0.00
0.00
0.00
8.28
14.46
19.69
16.60
7.58
3.96
21.26
8.07
17.63
16.48
20.02
22.29
16.56
0.00
5.27
15.41
23.32
19.45
24.76
20.60
27.40
26.00
44.04
35.35
26.86
28.84
29.58
42.76
31.31
18.79
7.33
19.18
0.00
0.00
0.00
0.00
9.23
16.64
15.24
7.75
15.00
12.90
0.00
0.00
5.03
19.61
33.91
25.46
32.84
33.04
28.34
33.62
26.61
39.39
23.90
12.48
20.76
13.68
17.51
15.90
5.03
20.85
40.54
34.28
67.90
33.04
20.76
45.40
39.30
32.67
30.49
12.28
31.89
28.34
21.34
19.12
18.95
32.96
21.75
30.82
15.66
3.79
5.93
5.03
17.39
0.00
18.91
1.65
0.54
6.51
17.76
18.75
0.08
20.39
25.34
0.00
0.00
1.85
1.03
0.00
0.00
10.67
0.12
0.00
0.00
3.30
1.98
0.00
0.00
0.00
0.10
0.78
0.82
5.36
4.61
0.49
0.00
1.07
0.00
0.00
0.00
0.00
10.75
2.76
0.00
0.00
1.98
3.96
9.89
15.16
14.67
2.80
0.00
0.00
0.00
0.00
0.00
0.00
0.00
0.00
0.00
0.00
0.04
0.12
0.33
0.00
0.00
0.00
0.00
0.00
0.00
0.00
0.00
0.00
0.00
0.00
0.00
0.00
0.00
0.00
0.00
0.00
0.00
0.00
0.00
0.00
0.00
0.00
0.00
0.00
0.00
0.16
0.00
0.00
0.00
0.00
0.00
0.00
0.00
0.00
0.00
0.00
0.00
0.00
0.00
0.00
0.00
0.00
0.00
0.00
0.00
0.00
0.00
0.00
0.00
0.00
0.00
0.00
0.00
0.00
0.00
0.00
0.00
0.00
0.00
0.00
0.00
0.00
0.00
0.00
0.00
0.00
0.00
0.00
0.00
0.00
0.00
0.00
0.00
0.00
0.00
0.00
0.00
0.00
0.00
0.00
0.00
0.00
0.00
0.00
0.00
0.00
0.00
0.00
0.00
0.00
0.00
0.00
0.00
0.00
0.00
0.00
0.49
0.00
0.16
0.00
0.00
0.00
0.04
0.31
0.00
0.00
0.00
0.00
0.00
0.00
0.00
0.00
0.00
0.00
0.00
0.00
0.21
0.06
0.04
0.16
2.25
1.48
6.51
9.10
0.00
0.00
0.00
0.00
0.00
1.44
1.48
2.22
3.46
0.78
0.00
1.15
0.00
0.00
0.00
0.00
0.00
0.00
11.54
2.31
3.63
0.16
1.48
0.00
0.00
0.00
1.81
0.00
9.72
4.61
1.15
3.96
1.15
1.98
0.00
1.32
3.38
3.46
1.98
0.00
5.60
3.96
4.78
5.93
5.93
1.65
0.00
0.29
5.73
10.92
9.43
0.00
0.00
0.00
0.00
0.00
0.00
0.00
2.31
3.30
3.30
0.00
0.00
1.65
0.49
0.82
0.00
2.97
19.03
63.86
36.17
11.08
0.04
25.83
0.00
1.69
1.50
0.45
0.00
0.00
0.00
0.00
0.00
0.00
0.00
2.47
18.79
7.09
1.65
7.75
3.13
11.62
8.94
0.00
0.00
0.00
0.00
0.08
1.98
11.95
22.33
26.45
24.27
20.56
20.06
26.49
19.78
23.52
34.94
33.29
30.49
24.72
25.21
0.00
15.37
6.43
0.00
0.00
0.00
0.00
0.00
8.03
13.39
18.62
41.86
31.56
27.03
21.51
14.46
18.13
13.35
12.36
14.83
12.52
15.16
16.48
16.23
22.54
12.85
0.00
0.82
4.37
19.28
0.00
24.72
14.21
15.66
32.22
32.75
28.10
25.13
25.25
10.01
11.99
14.50
19.24
0.00
0.37
0.00
3.13
0.00
0.00
0.00
0.00
0.00
23.77
13.88
16.77
0.00
0.00
0.00
12.32
0.00
28.47
23.52
4.28
0.00
15.41
10.01
12.65
16.89
0.04
0.00
0.00
0.00
18.91
8.65
15.08
4.78
19.78
23.40
29.99
25.05
0.00
0.00
5.52
0.00
0.00
5.07
2.31
5.03
0.00
2.31
8.90
16.44
11.62
0.00
0.00
0.00
0.16
2.97
0.00
0.00
0.00
0.00
1.65
0.49
2.14
1.48
18.54
2.47
7.42
3.79
6.76
8.40
17.30
0.66
1.48
0.00
0.00
0.58
2.47
0.00
0.70
0.00
0.00
0.00
0.00
0.00
0.16
0.00
0.00
3.13
0.00
0.00
0.00
0.00
0.00
0.00
0.00
0.00
0.00
0.00
0.00
0.00
0.00
0.00
0.00
0.00
0.00
0.00
0.00
0.00
0.00
0.00
0.00
0.00
0.00
0.00
0.00
0.00
0.00
0.00
0.00
0.00
0.00
0.00
0.00
0.00
0.00
0.00
0.00
0.00
0.00
0.00
0.00
0.00
0.00
0.00
0.00
0.00
0.00
0.00
0.00
0.00
0.00
0.00
0.00
0.00
0.00
1.24
0.16
0.00
0.00
0.00
0.00
0.00
0.00
0.00
0.00
0.00
0.00
0.00
0.00
0.00
0.00
0.00
0.00
0.00
0.00
0.00
0.00
0.00
0.00
0.00
0.00
0.00
0.00
1.48
0.33
0.00
0.00
0.00
0.00
0.00
0.00
0.00
0.00
0.00
0.00
0.00
0.00
0.00
0.00
2.12
7.37
0.00
0.21
0.21
0.00
0.00
0.00
1.81
0.41
0.00
0.00
0.00
0.00
0.00
0.00
0.58
1.65
0.04
0.02
1.44
1.73
3.17
4.28
0.16
0.00
0.00
0.00
0.00
0.08
0.00
0.00
0.00
0.00
0.00
0.00
0.00
0.00
0.00
0.00
0.00
0.00
0.82
1.48
0.99
2.31
2.14
1.81
1.98
2.97
0.99
0.16
0.00
0.00
0.00
0.00
0.00
0.00
0.00
0.99
15.33
4.45
8.07
4.28
14.67
20.60
17.80
12.03
3.13
0.99
6.10
21.59
13.88
9.39
8.24
6.59
3.38
6.26
9.43
3.46
5.07
0.00
0.00
0.00
7.09
14.34
0.00
0.00
0.00
0.00
0.00
0.00
0.00
0.00
0.00
0.00
0.00
0.00
0.00
0.00
3.75
7.66
7.50
7.29
35.18
61.92
95.13
125.61
46.31
26.20
20.43
27.03
11.37
0.16
3.96
10.05
21.42
28.34
35.10
19.61
24.14
13.35
22.91
15.00
13.84
16.97
9.23
7.91
14.50
13.84
20.43
10.38
10.79
21.51
14.50
24.10
22.70
20.68
7.99
0.00
0.00
0.00
10.71
0.00
0.99
2.64
0.00
0.00
0.00
0.00
0.00
0.58
3.21
0.00
0.00
19.08
19.20
18.87
17.06
11.45
0.00
4.61
0.00
0.00
0.00
0.00
0.00
0.33
0.49
0.49
0.00
0.00
15.99
15.49
0.00
7.91
17.14
0.00
10.96
0.00
0.00
0.08
6.10
19.45
7.25
22.21
15.45
16.36
12.85
27.93
27.73
60.48
61.88
15.49
0.00
0.04
17.39
10.13
16.97
9.81
15.53
0.00
0.00
0.00
0.00
0.00
0.00
0.00
0.00
0.00
0.00
0.00
0.00
0.00
13.18
26.86
27.23
3.30
0.00
0.00
0.00
0.00
0.00
0.00
0.00
0.00
0.33
0.00
0.00
0.00
0.00
0.00
0.99
2.47
7.09
17.22
17.96
0.08
0.00
0.58
2.64
9.23
13.39
10.67
7.09
0.00
0.00
2.39
23.07
42.52
2.64
11.04
25.01
5.11
0.00
0.08
0.08
0.04
0.08
0.10
0.08
0.08
0.00
0.16
0.16
0.08
0.04
0.00
0.08
0.00
0.00
0.00
0.00
0.00
0.58
0.33
0.00
0.00
0.00
0.08
0.00
0.00
0.00
0.00
0.00
0.00
0.00
0.00
0.16
0.08
0.08
0.00
0.00
0.00
0.00
0.00
0.00
0.00
0.00
0.08
0.00
0.00
0.00
0.08
0.08
0.00
0.00
0.00
0.00
0.00
0.00
0.00
0.00
0.00
0.00
0.00
0.00
0.00
0.00
0.00
0.00
0.00
0.00
0.00
0.00
0.00
0.00
0.00
0.00
0.00
0.00
0.00
0.00
0.00
0.00
0.00
0.00
0.00
0.00
0.00
0.00
0.08
0.00
0.16
0.00
0.00
0.00
0.00
0.00
0.00
0.00
0.00
0.00
0.00
0.00
0.00
0.00
0.00
0.00
0.00
0.00
0.00
0.00
0.00
0.00
0.00
0.00
0.00
1.32
0.00
3.46
0.00
0.70
0.04
2.22
0.00
0.08
1.32
0.25
0.00
0.00
0.00
0.00
0.00
0.00
0.82
1.81
0.99
0.99
3.79
1.28
4.12
8.24
14.34
12.03
4.61
0.00
1.57
9.06
10.05
14.63
17.24
17.63
0.00
1.46
0.00
1.07
2.57
7.04
0.00
4.33
2.06
0.00
0.19
2.97
1.07
20.39
20.27
9.89
1.90
9.23
2.64
6.34
6.34
7.25
4.94
8.07
6.76
8.40
8.07
1.15
5.36
3.79
0.00
0.00
2.64
4.28
5.52
3.96
9.39
7.91
5.44
1.98
0.66
0.00
0.00
3.13
5.77
16.15
20.60
31.64
16.97
28.34
17.14
29.83
5.27
0.00
10.22
5.11
6.76
1.40
4.28
12.52
0.00
0.00
0.00
0.00
0.00
0.00
0.00
0.00
0.00
10.01
7.75
13.84
18.29
15.99
5.60
7.99
5.77
13.43
18.13
30.16
33.95
24.72
12.52
45.65
18.13
33.08
33.62
22.08
36.83
58.75
28.10
18.54
13.35
11.87
13.84
17.63
23.40
28.10
21.51
18.91
21.59
23.69
21.92
21.79
12.73
15.53
20.93
9.89
12.19
8.73
18.46
25.79
28.18
28.18
53.56
55.87
44.49
43.71
29.09
35.43
27.03
26.70
17.18
36.54
41.61
28.47
19.53
12.07
17.18
34.44
0.00
0.33
0.16
0.08
0.00
6.10
2.64
11.78
8.61
14.17
0.00
9.56
16.89
18.70
9.35
26.12
23.65
25.38
22.25
21.42
16.81
25.01
5.44
35.80
37.20
41.12
13.88
0.00
10.79
15.49
11.45
7.04
4.70
0.00
0.00
5.27
7.42
7.75
13.35
1.81
1.81
0.00
0.00
16.97
26.53
9.72
36.17
19.61
11.95
0.00
7.58
8.40
7.83
1.24
0.00
0.00
0.00
5.44
19.78
20.43
7.09
0.41
0.00
0.00
15.04
16.36
0.04
0.00
0.00
0.82
1.98
17.47
9.35
11.06
0.00
0.00
0.08
0.00
0.00
0.00
0.00
0.00
0.08
0.12
0.04
0.00
0.00
0.00
0.08
0.00
0.00
0.00
0.00
0.00
0.00
1.15
45.32
1.90
1.22
5.44
0.33
0.00
0.00
0.00
0.00
0.00
0.00
0.00
0.00
0.00
0.00
0.08
0.08
0.08
0.08
0.00
0.00
0.00
0.00
0.00
0.10
1.11
0.49
0.99
0.08
0.08
0.04
0.08
0.06
0.02
0.04
0.04
0.08
0.04
0.00
0.00
0.00
0.04
0.04
0.00
0.00
0.00
0.08
0.08
0.00
0.00
0.00
0.00
0.00
0.00
0.00
0.00
0.00
0.00
0.00
0.00
0.41
2.97
0.08
0.00
0.00
0.00
0.00
0.00
0.00
0.00
0.00
0.00
0.00
0.00
0.00
0.00
0.00
0.00
0.00
0.00
0.00
1.73
0.00
0.00
0.00
0.00
0.00
0.66
0.00
1.24
2.22
0.82
0.33
0.08
2.06
0.45
0.08
1.98
5.03
11.87
0.00
0.00
0.00
0.00
0.16
1.15
0.00
0.00
0.00
0.33
0.66
0.06
0.08
0.00
0.00
0.00
0.00
0.00
0.12
0.16
0.16
0.74
0.16
0.00
0.00
0.00
0.00
0.66
1.65
2.64
0.33
7.25
2.64
8.90
2.14
9.06
0.82
1.32
0.66
0.49
0.00
0.00
2.80
1.81
2.97
0.00
5.11
5.44
3.87
0.00
0.00
0.00
0.00
0.00
1.44
5.36
13.35
32.79
5.93
0.00
0.00
0.00
14.01
27.69
20.60
14.67
10.22
14.17
27.36
4.78
8.07
0.00
15.49
15.82
0.16
0.49
4.28
22.41
23.07
11.54
27.52
17.47
18.05
22.25
0.00
0.00
13.02
13.68
0.00
0.00
0.00
0.00
0.00
0.00
15.08
14.17
12.52
4.90
13.27
48.49
12.85
22.41
39.88
40.37
26.37
14.17
6.59
0.33
0.45
0.00
13.93
0.00
1.69
9.56
19.78
12.03
2.64
0.00
21.75
97.89
38.89
4.78
0.00
0.00
0.00
0.00
0.00
0.00
27.03
105.14
35.22
6.34
27.85
15.61
11.95
31.43
21.22
70.33
73.37
34.61
22.91
24.55
27.03
14.50
14.34
12.85
13.18
24.39
19.94
8.57
10.55
9.64
10.75
20.89
16.31
0.00
0.00
0.00
0.00
0.08
13.22
24.14
19.94
14.83
15.66
15.99
4.78
5.11
0.00
0.00
0.00
0.00
0.00
15.00
11.87
5.11
17.96
18.13
0.00
0.00
0.00
0.00
0.00
0.00
0.00
19.12
19.73
25.09
18.62
26.16
31.81
28.18
0.00
17.10
18.66
19.20
12.69
0.00
0.00
1.48
0.00
0.00
0.00
14.67
10.38
33.62
28.02
11.87
10.55
25.05
30.16
4.61
0.00
0.00
7.58
22.25
0.00
0.00
0.00
0.00
0.00
0.00
0.00
0.00
0.00
0.00
0.00
0.00
1.65
0.49
0.41
0.99
0.16
0.00
0.00
6.02
0.33
0.00
0.00
0.00
0.00
0.00
0.00
0.00
0.00
0.00
0.00
0.00
0.00
0.00
0.00
0.00
0.00
0.00
0.00
0.00
0.00
0.00
0.00
0.00
0.00
0.00
1.81
6.76
0.16
0.00
0.00
0.00
0.00
0.00
0.00
0.00
0.00
0.00
0.00
0.00
0.00
0.00
0.82
0.66
0.00
0.00
0.00
0.00
0.00
0.00
0.00
0.00
0.00
0.00
0.00
0.00
0.00
0.00
0.00
0.00
0.00
0.00
0.00
0.00
0.00
0.00
0.00
0.00
0.00
0.00
0.00
0.00
0.00
0.00
0.00
0.00
0.00
0.00
0.00
0.00
0.00
0.00
0.00
0.00
0.00
1.36
0.00
0.00
0.00
0.00
0.00
0.00
0.00
0.00
0.00
0.00
0.82
0.00
0.74
0.16
0.82
0.16
2.93
2.84
0.04
2.31
0.16
4.12
5.11
4.37
0.00
0.00
0.00
0.00
0.87
0.08
0.04
0.66
0.04
0.00
0.00
1.24
2.64
0.00
0.00
0.00
0.00
0.00
1.57
0.16
0.66
2.64
0.00
0.00
2.97
0.00
0.00
1.81
2.80
9.39
8.73
0.00
0.00
0.49
1.48
1.15
0.00
0.00
5.60
3.13
0.16
0.00
0.00
2.64
1.65
0.00
1.81
0.49
2.72
2.02
0.04
0.04
2.14
2.14
4.78
17.14
8.57
18.87
7.09
3.46
5.27
0.66
0.16
15.82
1.65
1.98
1.98
0.00
0.00
0.00
0.25
2.47
1.98
0.00
4.12
0.16
2.31
0.00
2.80
8.73
19.78
8.73
18.13
25.21
7.09
3.30
24.22
3.13
12.19
2.31
13.18
25.13
0.49
2.64
0.00
3.96
6.59
6.76
0.00
6.26
5.77
5.44
2.64
9.31
37.41
26.28
47.96
31.97
22.25
15.49
17.96
8.40
7.42
29.17
34.24
57.80
29.17
4.61
12.69
35.93
6.92
2.14
0.00
0.00
0.00
4.78
0.00
0.00
7.09
12.07
27.31
0.00
0.00
11.08
19.69
19.78
11.54
0.00
0.00
0.00
0.00
0.00
0.00
0.00
0.00
0.00
0.00
0.00
0.00
0.00
0.00
0.00
0.00
0.00
0.00
0.00
0.00
0.00
0.00
0.00
2.97
0.00
0.00
6.76
20.60
23.07
39.06
24.88
6.92
0.00
0.00
0.00
1.81
2.64
16.44
5.85
8.24
24.72
56.20
71.60
19.94
12.69
10.22
10.71
24.55
15.82
24.22
11.70
0.00
0.00
0.00
0.00
0.33
0.00
15.57
11.12
18.66
22.62
10.79
11.54
0.00
0.00
0.00
0.00
6.84
5.36
0.00
20.43
8.57
1.48
0.00
0.00
8.90
0.00
0.00
0.00
0.49
0.00
0.33
0.00
0.00
0.00
0.00
0.00
6.84
22.08
16.81
21.96
24.43
26.49
25.46
28.34
38.77
17.30
0.00
0.00
0.00
0.00
0.00
0.00
0.00
0.00
0.00
0.00
2.80
1.90
0.82
1.98
0.00
0.00
0.00
0.00
0.00
0.00
0.00
0.66
0.00
0.00
0.00
0.00
0.00
0.00
10.79
32.88
17.47
30.49
26.61
0.33
0.00
0.00
0.08
0.00
0.00
0.04
0.12
0.12
0.16
0.16
0.08
0.16
0.16
0.16
0.08
0.00
0.04
0.08
0.04
0.00
0.00
0.00
0.04
0.04
0.08
0.16
0.16
0.16
0.16
0.16
0.16
0.16
0.16
0.16
0.16
0.16
0.16
0.16
0.08
0.08
0.04
0.00
0.00
0.00
0.00
0.00
0.00
0.00
0.00
0.00
0.00
0.00
0.08
0.00
0.00
0.00
0.00
0.00
0.00
0.00
0.00
0.00
0.00
0.00
0.00
0.00
0.00
0.00
0.00
0.00
0.00
0.00
0.00
0.00
0.00
0.00
0.00
0.00
0.00
0.00
0.00
0.00
0.00
0.00
0.00
0.00
0.00
0.00
0.00
0.00
1.48
0.08
0.00
0.00
0.00
0.00
0.00
0.41
0.41
0.74
0.54
1.24
0.00
0.08
2.97
0.04
0.00
5.19
2.14
0.00
0.00
0.08
0.49
0.00
0.00
0.00
0.00
0.00
0.00
0.00
0.00
0.00
1.34
6.26
12.98
27.64
0.02
1.17
3.89
0.04
1.90
7.83
1.19
0.23
0.04
0.00
0.00
0.00
0.00
0.00
0.00
1.15
0.49
4.45
0.16
0.00
3.21
0.00
0.00
0.00
0.00
0.00
0.00
0.00
0.00
0.04
0.58
1.65
2.80
0.82
0.33
0.00
6.10
0.00
0.00
0.00
0.00
0.00
0.00
0.00
9.23
7.42
0.00
14.58
5.77
0.00
0.00
0.00
0.00
9.52
46.35
38.73
11.37
1.65
4.28
6.43
3.96
5.27
18.79
10.71
13.18
10.30
13.68
8.73
10.71
28.02
14.83
10.55
7.09
2.80
5.77
3.79
1.07
8.16
0.00
0.00
0.00
0.00
0.00
0.00
0.00
0.00
0.00
0.00
0.00
0.00
5.48
0.00
7.29
16.11
10.88
28.39
14.42
17.51
25.09
19.08
14.25
18.83
13.18
10.05
21.26
10.05
12.36
16.64
12.19
3.13
3.46
9.89
0.00
0.00
8.07
0.00
20.10
12.03
14.01
10.96
0.00
2.47
6.59
0.00
0.25
15.49
10.88
0.00
13.18
17.55
7.46
0.00
11.54
1.61
13.76
10.71
8.90
0.00
31.81
33.95
24.72
27.36
39.22
37.61
35.39
5.44
8.61
12.61
4.66
4.53
15.00
13.10
0.00
4.45
24.88
18.95
10.71
20.23
10.71
17.96
10.59
41.45
34.03
17.63
15.08
20.27
0.00
0.00
0.00
14.75
24.39
12.11
19.20
25.54
23.50
17.22
26.00
10.40
7.87
6.96
0.00
12.11
6.22
10.13
0.00
7.50
20.85
31.19
13.47
0.00
0.00
0.00
0.00
0.00
0.00
17.14
0.00
0.00
0.00
0.00
0.00
0.00
14.09
19.45
40.21
21.26
11.21
0.74
0.00
0.00
0.00
1.65
7.25
15.08
14.42
10.13
8.07
0.00
3.05
5.52
4.94
3.38
2.93
1.94
0.00
6.76
8.82
17.55
17.14
12.11
17.96
5.89
0.00
0.41
0.00
0.00
0.00
0.00
0.00
0.00
0.00
0.00
0.00
0.00
0.00
0.00
0.00
0.00
0.16
2.47
23.90
42.48
14.91
2.97
0.66
0.00
0.00
0.00
0.00
0.00
0.00
0.00
0.16
0.16
0.16
0.08
0.08
0.00
0.00
0.16
0.00
0.33
14.58
1.48
18.95
0.00
0.00
0.04
0.16
0.08
0.00
0.00
0.00
0.00
0.00
0.21
1.65
6.22
2.20
0.10
0.19
0.27
0.10
0.21
0.12
0.16
0.08
0.08
0.00
0.00
0.00
0.00
0.00
6.63
1.77
0.00
0.08
0.16
0.12
0.08
0.00
0.08
0.16
0.00
0.00
0.00
0.00
0.00
0.00
0.00
0.00
0.00
0.25
73.25
30.16
0.00
0.00
0.00
0.04
0.00
0.00
0.00
0.00
0.00
0.00
0.00
0.00
0.00
0.00
0.00
0.00
0.00
0.33
0.00
0.00
0.00
0.00
0.16
1.98
0.00
0.00
0.00
0.00
0.00
0.00
0.00
0.00
0.00
0.00
0.00
0.00
0.00
0.00
0.00
0.00
0.00
0.00
0.58
11.45
0.16
0.08
0.00
4.45
13.68
2.72
6.26
1.24
0.00
0.00
0.00
0.00
0.00
0.00
0.00
0.00
0.00
0.00
0.33
0.00
3.13
0.16
5.27
0.16
0.00
0.00
0.00
0.00
1.65
8.73
7.09
13.18
12.36
8.73
1.32
3.63
5.44
2.47
6.92
9.31
2.14
0.00
0.00
0.00
1.81
3.13
1.98
2.80
4.94
0.33
0.00
0.00
6.06
4.94
5.77
2.22
3.96
0.00
0.00
0.00
0.00
0.00
0.33
11.00
3.21
0.66
0.49
0.00
12.77
35.43
20.52
25.38
24.06
13.80
18.05
0.00
0.00
0.00
0.00
7.87
0.00
0.00
0.00
8.36
8.45
11.25
17.22
28.55
37.12
36.91
16.64
31.06
26.70
0.00
0.00
0.33
0.00
10.38
0.00
0.00
13.06
0.00
1.40
0.00
26.53
46.88
42.68
22.74
23.90
27.27
15.57
0.00
0.00
0.00
15.00
20.60
16.23
24.39
62.13
82.77
105.06
37.99
39.72
75.06
56.52
39.39
50.34
52.08
19.69
14.83
17.02
17.02
11.00
16.97
0.00
0.00
0.00
0.00
0.00
0.00
0.00
0.00
0.00
14.25
12.69
10.46
0.12
0.29
26.33
26.00
8.07
0.00
0.16
0.00
0.16
0.00
8.57
17.18
17.06
23.57
26.82
40.13
10.55
15.57
0.00
0.00
0.00
0.00
0.00
6.76
10.30
10.22
11.12
26.28
14.83
1.69
12.85
28.18
37.53
32.55
3.91
25.63
25.79
17.14
13.68
0.00
0.00
13.60
11.45
14.09
8.49
4.45
19.86
14.83
0.00
14.67
1.48
0.00
5.44
12.36
10.05
11.54
1.81
0.33
1.15
0.00
0.00
0.00
0.00
0.00
0.00
0.00
0.00
0.00
2.31
0.08
2.64
0.00
0.00
0.00
0.00
1.98
3.13
0.00
0.00
2.14
31.48
0.99
0.00
0.00
0.70
0.00
0.00
0.00
0.00
0.00
0.00
0.00
0.00
2.72
0.00
0.00
0.00
0.00
0.00
0.00
0.00
0.00
0.00
0.00
0.00
0.00
0.00
0.00
0.00
0.00
8.57
15.74
7.91
0.16
0.16
0.08
0.00
0.00
0.00
0.00
0.00
0.00
0.00
0.00
0.00
0.00
0.00
0.04
0.08
0.04
0.04
0.04
0.08
0.00
0.00
0.00
0.00
0.00
0.00
0.00
0.00
0.00
0.00
0.00
0.00
0.00
0.00
0.00
0.00
0.00
0.00
4.45
8.16
6.10
0.00
0.00
0.00
0.00
0.00
0.00
0.00
0.00
0.00
0.00
0.00
0.00
0.00
0.00
0.00
0.00
0.00
0.00
0.00
0.00
0.00
0.16
0.00
0.00
0.00
0.00
0.00
0.00
0.00
0.00
0.00
0.00
0.00
0.00
0.00
0.00
0.00
0.00
0.00
0.00
0.00
0.00
0.00
0.00
0.00
0.00
0.00
0.00
0.00
0.00
0.00
0.00
0.00
4.00
2.16
1.92
0.29
0.08
0.00
1.32
6.76
1.32
12.03
11.91
31.89
22.91
4.78
0.00
0.00
0.00
3.13
3.91
0.08
1.69
2.49
0.00
0.00
0.00
0.00
1.32
2.88
3.91
4.04
2.76
4.28
0.33
0.00
0.00
0.16
0.16
0.16
0.00
0.00
0.00
0.00
4.28
1.32
1.65
0.16
1.98
3.79
4.45
4.28
3.71
0.49
0.99
3.54
1.48
10.22
29.09
6.10
0.00
0.00
0.00
5.11
0.49
4.78
1.65
1.32
2.47
0.82
1.81
1.65
0.00
0.00
1.15
2.14
2.64
4.12
4.45
2.47
5.60
4.78
7.42
13.35
0.00
0.00
0.00
0.00
0.00
0.00
0.00
0.00
0.00
0.00
0.00
0.00
0.00
0.00
0.25
0.00
3.54
0.00
0.00
0.00
11.33
59.16
52.82
59.20
51.00
21.18
29.50
26.04
17.96
3.30
0.00
0.00
0.00
0.00
0.00
4.45
0.00
0.00
0.00
0.00
0.00
7.91
0.00
0.00
0.00
0.00
0.00
9.31
0.00
0.00
0.00
9.48
12.44
12.36
0.00
0.00
0.00
3.05
0.00
0.00
0.00
16.85
18.50
14.48
24.47
15.20
17.59
18.75
40.70
43.18
48.99
12.07
22.29
27.36
22.62
16.60
16.81
26.94
24.06
31.81
36.01
43.84
23.07
15.49
7.99
3.38
5.27
0.25
0.00
0.00
0.00
6.10
7.42
12.28
22.41
13.51
18.13
5.11
23.81
17.88
11.66
15.08
20.89
19.98
13.64
9.48
0.00
0.00
0.00
0.00
0.00
0.00
20.19
21.34
14.21
14.01
12.07
10.05
0.00
15.33
0.00
0.00
0.00
1.24
0.00
5.52
0.00
4.45
8.40
0.00
19.53
15.66
20.10
1.73
3.46
21.26
10.38
27.36
7.04
10.63
1.98
3.50
9.43
12.65
0.00
0.00
1.85
0.00
0.00
0.00
0.00
2.72
0.74
4.53
18.66
25.42
0.00
0.00
0.00
0.00
0.00
0.00
0.00
0.00
0.00
0.00
0.04
0.08
0.00
0.00
0.00
0.00
0.00
0.00
0.00
0.00
0.00
0.00
0.33
1.15
0.49
0.66
0.00
0.00
0.00
0.00
1.32
0.00
0.00
0.00
0.00
0.00
0.00
0.49
0.00
0.00
0.08
0.00
0.00
0.00
0.00
0.00
0.00
0.00
0.00
0.00
0.00
0.04
0.04
0.00
0.00
0.00
0.00
0.00
0.00
0.00
0.00
0.00
0.00
0.00
0.00
0.00
0.00
0.00
0.00
13.18
34.77
0.49
0.00
0.04
0.00
0.04
0.12
0.12
0.00
0.00
0.14
0.00
0.00
0.04
0.12
0.00
0.00
0.00
0.00
0.00
0.00
0.00
0.00
0.00
0.00
0.00
0.00
0.00
0.00
0.00
0.00
0.00
0.00
0.00
0.00
0.00
0.00
0.00
0.00
0.00
0.16
0.00
0.00
0.00
0.00
0.00
0.66
0.99
0.00
0.00
0.00
0.00
0.00
0.00
0.00
0.00
0.00
0.00
0.00
0.00
0.00
0.00
0.00
0.00
0.00
0.00
0.00
0.00
0.49
0.00
3.87
7.25
11.87
6.59
11.78
13.76
5.19
0.54
2.22
9.81
16.56
3.30
3.13
0.99
9.89
5.03
0.33
0.12
18.99
18.33
0.16
0.00
0.00
0.00
0.99
0.00
0.00
0.25
0.16
0.00
0.00
0.00
0.00
0.00
0.00
0.00
0.00
1.54
11.33
9.76
14.05
3.46
1.32
0.00
4.45
2.14
0.00
6.34
2.97
6.26
2.80
2.31
0.00
1.07
6.14
9.56
1.40
0.00
3.42
3.54
13.84
47.54
35.27
22.25
21.42
21.59
21.26
14.34
0.00
0.00
26.53
0.82
0.00
0.00
0.00
15.82
13.35
5.93
13.93
18.13
23.73
33.12
11.54
0.00
0.00
0.00
0.00
0.00
0.82
0.00
0.00
5.60
19.78
4.28
0.00
0.00
5.27
5.11
25.54
4.28
6.02
3.96
11.21
0.00
7.58
17.02
16.85
7.21
0.04
0.04
41.73
31.64
20.43
37.20
24.55
10.46
1.94
4.66
5.85
20.68
24.97
17.51
18.33
22.66
33.74
20.89
12.81
8.24
12.77
21.42
36.83
25.38
29.00
30.49
22.66
20.81
68.02
35.93
23.15
15.70
25.79
22.62
38.56
24.31
19.36
30.20
16.31
26.20
27.36
15.41
18.05
0.00
9.43
25.13
17.76
30.03
24.72
21.22
25.91
39.39
20.35
13.88
20.39
19.98
39.10
47.05
25.21
0.00
0.00
9.39
7.29
23.24
18.25
1.65
12.07
10.71
17.06
13.27
9.39
16.40
18.42
18.13
15.99
0.00
13.10
21.92
19.49
9.60
8.49
14.54
1.65
15.20
5.85
9.02
0.00
0.00
0.00
0.00
0.00
7.99
13.55
0.00
0.00
0.00
0.00
0.00
0.00
0.00
2.80
7.00
16.23
9.89
4.78
5.11
3.13
0.00
1.81
4.86
4.04
4.12
0.00
0.00
0.00
0.00
0.00
0.00
0.00
0.00
0.00
0.00
0.00
0.00
9.68
13.84
4.70
3.87
4.94
4.61
1.98
0.00
0.00
0.04
0.00
0.00
0.00
0.00
0.00
0.00
0.08
0.00
0.00
0.00
0.00
0.00
0.00
1.40
0.08
0.04
0.00
0.00
0.00
0.00
0.00
0.00
0.00
0.00
0.00
0.00
0.00
0.00
0.00
0.16
0.12
0.08
0.00
0.04
0.00
0.00
0.00
0.08
0.00
0.00
0.08
0.08
0.08
0.04
0.00
0.33
0.00
0.00
0.00
0.00
2.97
32.79
24.22
0.00
0.08
1.36
17.10
0.00
0.04
0.04
0.00
0.00
0.00
0.08
0.00
0.00
0.00
0.82
0.00
0.00
0.00
0.00
0.00
0.00
0.00
0.00
0.00
0.00
0.00
0.00
0.00
0.66
0.00
0.00
1.65
0.82
2.80
0.82
0.00
0.00
0.10
0.00
0.21
0.00
0.00
0.00
0.04
0.00
0.87
1.28
0.91
1.15
3.34
0.04
0.00
0.00
0.00
0.00
0.00
0.00
0.00
0.00
0.00
0.00
1.15
0.49
0.00
0.00
0.00
0.00
0.00
0.00
0.12
0.00
0.08
0.00
0.04
0.00
0.08
0.99
0.16
0.66
5.60
0.08
0.04
0.00
1.40
0.49
0.66
0.91
0.33
0.04
0.00
0.00
1.32
8.73
2.55
8.73
7.91
3.63
0.00
7.58
0.41
4.70
74.49
14.67
3.09
26.47
28.55
7.83
4.94
4.12
1.98
1.48
0.00
0.00
0.00
0.00
0.00
0.00
0.00
0.00
0.00
1.48
1.65
0.00
0.91
0.00
2.31
4.94
2.14
3.13
1.81
11.54
1.32
0.00
0.00
0.00
0.00
0.00
0.00
0.66
12.36
9.89
4.94
7.42
14.67
13.18
19.94
17.14
18.13
37.08
0.58
2.97
11.12
6.51
0.00
0.00
0.00
0.00
0.00
0.00
0.00
0.00
43.96
39.55
49.81
45.73
67.57
51.00
0.04
17.34
8.65
44.33
48.16
32.88
15.16
4.45
0.00
12.11
11.21
20.93
8.07
8.57
0.00
0.00
0.00
0.00
0.00
16.03
16.89
11.58
18.83
16.23
11.54
16.48
10.22
23.07
28.34
25.54
17.06
2.97
14.67
17.47
26.70
9.72
6.59
9.89
4.61
7.42
0.00
18.62
14.50
7.75
0.00
0.00
0.00
0.00
0.00
16.15
4.86
0.00
0.00
0.00
0.00
0.00
26.82
49.97
42.43
30.69
33.12
42.72
39.47
20.39
21.59
21.22
34.48
37.57
27.23
15.70
14.50
10.05
26.00
0.00
0.00
32.14
10.55
0.00
0.00
0.00
12.28
36.50
25.71
14.09
4.74
3.75
8.10
2.39
0.21
11.95
0.00
0.00
3.63
0.00
6.76
7.25
0.00
21.34
8.73
18.29
13.35
0.00
0.00
1.15
1.28
16.64
9.15
11.62
3.79
4.49
1.73
10.34
0.08
0.00
0.00
0.00
7.09
0.91
2.64
15.33
16.97
18.99
0.00
0.00
0.00
1.61
6.76
3.38
0.00
0.00
0.00
0.00
0.00
27.69
196.11
0.00
0.10
0.02
0.00
0.00
0.00
0.00
0.00
0.00
0.00
0.00
0.00
0.00
0.00
0.00
0.00
0.00
0.00
0.00
0.00
0.00
0.04
0.00
0.00
0.00
0.00
0.00
0.00
0.00
0.00
0.00
0.00
0.00
0.00
0.00
21.26
2.80
0.00
0.00
0.00
0.16
0.00
0.00
0.00
0.00
0.00
0.00
0.16
0.00
0.00
0.00
0.16
0.16
0.00
0.00
0.16
0.08
0.00
0.00
0.00
0.00
0.00
0.00
0.00
0.00
0.00
0.00
0.00
0.00
0.00
0.00
0.00
0.08
0.04
0.00
0.00
0.00
0.00
0.00
0.00
0.00
0.00
0.00
0.00
0.00
0.00
0.00
0.00
0.00
0.00
0.00
0.00
0.00
0.00
0.00
0.00
0.00
0.00
0.00
0.00
0.00
0.00
0.00
0.00
0.00
0.00
0.00
0.00
0.00
0.00
0.00
0.00
0.00
0.00
0.00
0.00
0.00
0.00
0.00
0.29
0.00
0.08
0.49
0.08
0.00
0.08
0.02
1.44
1.24
0.00
0.41
0.00
0.00
0.00
0.00
0.00
0.00
0.00
0.00
0.00
0.00
0.00
0.00
0.00
0.00
0.00
0.00
0.00
0.00
0.00
0.00
0.16
0.00
0.00
0.00
0.00
0.00
2.27
0.00
0.00
0.00
0.00
0.16
0.00
0.00
0.00
0.00
1.98
1.48
4.94
0.82
2.80
0.00
1.15
2.47
0.00
0.00
0.00
0.00
0.00
0.00
3.63
0.00
2.97
1.32
8.57
1.40
0.16
0.58
1.03
0.62
0.12
0.00
0.00
0.00
4.04
5.27
0.00
5.52
0.00
0.00
0.00
0.00
0.00
4.08
8.61
7.91
0.78
0.00
0.00
0.41
0.62
2.14
0.78
6.51
9.23
12.69
8.90
0.82
0.00
0.00
2.80
4.45
25.21
34.28
28.14
3.87
24.51
32.96
50.67
45.98
41.94
35.18
16.36
0.04
8.28
18.91
9.93
14.17
13.31
12.32
13.14
48.53
58.01
41.20
34.11
15.99
24.47
20.85
27.69
16.56
21.09
20.02
15.37
6.26
10.63
27.27
36.79
20.93
20.64
19.20
3.01
19.73
25.96
27.52
25.01
12.94
24.22
32.55
29.83
17.02
15.61
19.90
29.46
33.25
33.25
32.22
33.58
34.28
10.71
18.29
27.52
26.37
39.88
37.82
43.34
32.79
31.27
43.51
34.94
36.05
51.05
21.67
27.03
12.11
22.33
0.16
2.22
0.00
0.00
4.86
29.87
19.65
1.61
8.53
37.08
23.94
11.41
17.26
4.49
2.10
6.84
7.25
18.62
0.00
0.00
0.00
0.00
0.00
9.23
8.73
5.11
10.22
0.00
0.00
0.00
0.82
0.00
0.00
18.37
9.06
16.31
0.00
12.36
1.48
4.66
1.32
0.00
0.00
0.00
0.00
0.00
0.00
0.00
0.00
0.00
0.00
0.00
0.00
0.49
4.70
6.72
3.38
32.71
0.29
0.00
0.00
1.57
18.87
0.00
0.00
0.00
0.00
0.41
0.00
0.00
0.00
0.00
0.00
0.00
0.00
0.00
0.00
0.00
0.00
0.00
0.00
0.00
8.90
0.00
48.37
14.05
0.00
0.00
0.00
0.00
0.00
0.08
9.19
0.41
0.00
1.98
0.00
0.00
0.00
0.00
0.00
0.00
0.00
0.08
0.08
0.08
0.00
0.00
0.00
0.00
0.00
0.00
0.00
0.00
0.00
0.00
0.00
0.00
0.00
0.00
0.00
0.00
0.00
0.00
0.00
0.00
0.00
0.00
0.00
0.00
0.00
0.00
0.00
0.00
0.00
0.00
0.00
0.00
0.00
0.00
0.00
0.00
0.00
0.00
0.00
0.00
0.00
0.00
0.00
0.00
0.00
0.00
0.00
0.00
0.00
0.00
0.00
0.16
0.00
0.00
0.00
0.00
0.00
0.00
0.00
1.57
1.65
0.41
0.00
0.00
0.00
0.00
0.00
0.00
0.00
0.00
0.31
0.06
2.43
0.12
0.12
0.58
1.90
0.00
0.99
0.99
0.00
0.00
0.00
0.58
0.00
0.00
0.00
0.00
0.16
1.98
0.16
0.00
0.00
0.00
0.00
0.00
0.00
0.00
0.00
0.00
0.00
0.00
0.00
0.00
0.00
0.00
0.00
0.00
0.00
0.00
4.28
0.00
5.93
0.16
1.98
0.00
6.10
1.40
0.00
0.33
7.00
2.39
2.80
6.92
5.03
7.75
2.64
1.81
0.33
0.04
0.00
0.00
0.00
0.00
0.66
4.45
3.30
5.93
9.72
1.65
3.30
3.63
4.28
2.14
0.66
0.00
1.15
5.27
0.99
0.49
3.05
0.00
6.80
3.13
5.60
5.48
7.09
13.55
24.80
16.44
1.94
4.24
1.69
2.88
5.85
21.59
6.76
0.00
39.22
36.91
9.56
16.07
1.85
19.53
21.59
0.00
0.00
0.00
16.81
28.34
33.45
23.07
23.07
2.97
7.42
5.93
12.03
0.00
0.00
4.61
10.22
42.85
30.82
12.85
13.68
12.61
15.49
15.00
2.80
0.00
0.00
0.00
23.07
34.11
22.08
33.12
19.28
11.70
12.03
0.00
0.00
18.95
14.67
8.24
0.00
15.82
0.00
0.00
0.00
0.00
0.00
0.00
15.99
21.34
21.79
8.45
29.62
23.36
36.91
29.13
39.84
45.61
5.11
14.58
7.99
11.21
9.06
11.70
5.27
10.63
0.00
0.00
0.00
0.00
0.00
3.71
7.91
0.00
0.00
6.51
0.08
0.08
0.00
0.00
16.07
29.87
0.58
31.02
41.40
32.09
18.95
28.02
39.47
30.90
32.46
19.12
25.54
15.41
0.08
0.00
18.79
20.43
28.34
26.70
0.00
0.00
12.77
0.00
0.00
0.00
18.62
10.38
0.00
0.00
0.00
0.00
11.54
9.23
17.47
10.22
11.62
11.70
0.08
8.40
0.00
0.00
1.90
0.00
7.33
7.25
0.00
13.76
0.08
0.00
10.13
0.00
0.00
0.00
1.65
10.30
0.00
0.00
6.02
18.70
25.54
0.00
0.00
1.81
0.00
0.00
0.00
0.00
0.00
1.44
2.72
2.47
0.00
0.00
0.00
0.00
0.16
4.78
5.19
0.00
0.00
0.00
0.00
0.00
0.00
0.00
0.00
0.00
0.00
0.00
0.00
0.00
0.00
0.12
0.08
0.00
0.16
0.16
0.16
0.16
0.08
0.00
0.00
0.00
0.08
0.16
0.00
0.00
0.00
0.00
0.00
0.00
0.00
0.00
0.00
0.00
0.00
0.00
0.00
0.00
0.00
0.00
0.00
0.00
0.00
0.00
0.00
0.00
0.00
0.00
0.00
0.00
0.00
0.00
0.00
0.00
0.08
0.00
0.08
0.00
0.00
0.00
0.00
0.00
0.00
0.00
0.00
0.00
0.00
0.66
1.48
0.08
0.00
0.00
0.00
0.00
0.00
0.00
0.00
0.00
0.00
0.00
0.00
0.00
0.00
0.00
0.00
0.00
0.00
0.00
0.00
0.00
0.00
0.00
0.00
0.00
0.00
0.00
0.00
0.00
0.00
0.00
0.00
0.00
0.00
0.00
0.00
0.00
0.00
0.00
0.00
0.00
0.00
0.00
0.00
0.00
0.00
0.00
0.00
0.00
0.00
0.00
0.00
0.00
0.00
0.00
0.00
2.31
0.00
3.63
2.31
2.22
0.25
0.00
1.24
0.66
0.00
0.00
0.08
3.96
5.11
3.67
11.74
3.67
11.04
9.97
13.10
5.60
7.25
0.99
0.00
7.25
10.38
14.83
0.33
15.66
2.80
3.38
23.07
13.60
12.77
11.25
3.46
0.49
0.08
1.85
0.08
0.08
1.32
0.82
0.08
0.00
4.78
0.00
2.80
0.00
0.00
0.33
7.91
0.99
0.00
0.00
0.00
0.00
0.00
0.00
0.00
0.00
0.00
0.00
0.00
0.00
0.00
1.73
2.14
12.36
14.83
12.36
6.55
12.52
23.07
38.73
33.78
31.15
17.30
16.97
12.36
25.54
0.00
8.45
19.57
97.48
0.25
38.81
34.65
16.89
0.00
15.16
2.64
23.52
18.79
15.57
15.16
23.11
19.94
9.39
3.13
0.16
0.33
9.56
9.06
12.28
14.01
18.46
17.30
15.82
9.81
22.49
16.69
16.89
21.46
24.06
6.43
0.00
0.00
0.00
0.00
0.41
1.48
2.80
20.27
12.52
26.12
42.85
64.60
0.16
0.00
13.93
0.00
15.04
7.00
34.52
19.03
9.89
6.59
3.21
0.00
0.00
0.00
0.00
0.33
0.00
0.00
9.72
17.30
41.45
21.51
28.10
47.46
56.77
71.11
18.95
3.63
3.30
4.70
3.79
2.43
5.27
15.41
30.82
38.89
33.78
44.08
23.32
22.74
0.00
0.00
0.00
11.91
17.80
0.00
0.37
16.81
17.96
21.13
14.83
25.83
27.19
12.85
20.15
31.06
4.53
18.87
10.38
0.04
0.00
35.27
9.10
17.76
1.69
0.00
0.00
0.00
2.64
11.21
42.52
17.63
0.00
0.00
8.57
18.13
19.78
2.18
12.28
0.00
0.00
0.00
0.00
1.24
0.00
0.00
0.00
0.00
0.00
0.00
0.00
0.00
0.00
3.30
5.60
3.96
3.87
17.80
12.19
6.10
11.70
10.46
0.00
0.00
0.00
1.15
0.00
0.00
0.00
0.00
0.66
0.00
0.00
0.00
0.00
0.00
3.63
2.06
0.00
0.99
12.77
11.87
8.03
3.30
0.49
2.06
0.00
0.00
9.64
1.07
0.00
0.00
0.00
0.00
0.00
0.08
0.00
0.00
0.08
0.08
0.10
0.10
0.25
0.12
0.16
0.10
0.16
0.06
0.02
0.06
0.00
0.02
0.08
0.08
0.08
0.00
0.00
0.00
0.00
0.08
0.08
0.00
0.00
0.00
0.00
0.00
0.00
0.00
0.00
0.00
0.00
0.00
0.00
0.00
3.46
0.08
0.00
0.00
0.00
0.00
0.00
0.00
0.00
0.00
0.00
0.00
0.00
0.00
0.00
0.00
0.00
2.64
2.97
0.25
0.00
0.00
0.00
0.00
0.00
0.00
0.60
0.00
0.00
0.00
0.00
0.00
0.00
0.00
0.02
0.02
0.00
0.00
0.00
0.80
1.44
0.16
0.62
1.40
1.36
0.16
0.00
0.00
0.00
0.00
0.00
0.00
0.00
0.00
0.00
0.00
0.00
0.00
0.00
0.00
0.00
0.00
0.00
0.00
0.00
0.16
0.00
0.00
1.15
0.00
3.30
1.81
2.97
0.00
0.00
0.66
0.00
0.00
0.58
0.08
2.64
2.80
1.36
5.27
1.98
4.74
0.91
0.08
2.27
3.38
3.96
0.66
0.00
0.00
0.00
0.99
2.02
2.51
0.87
2.14
0.00
0.00
0.00
0.00
0.00
0.00
0.00
0.00
0.00
1.40
2.47
0.25
1.69
1.52
2.68
2.47
2.72
3.54
9.23
0.00
5.27
0.00
0.00
0.00
0.00
0.00
0.00
0.00
1.65
2.47
3.79
7.42
2.31
3.79
2.31
1.73
0.00
0.00
0.16
4.78
5.85
8.40
9.48
18.33
18.00
16.23
19.86
8.16
7.58
9.39
4.45
4.70
15.66
11.70
33.95
41.36
50.26
111.07
47.13
13.68
11.54
6.59
11.04
22.41
13.93
14.50
13.51
14.50
20.43
5.77
4.94
13.18
16.40
13.35
18.75
34.85
26.82
21.13
5.60
0.00
0.00
0.00
0.00
0.00
0.00
4.28
43.51
26.53
38.89
49.11
19.28
35.35
36.58
5.60
9.64
0.00
0.00
0.00
0.00
0.00
0.00
0.00
0.00
0.00
0.00
0.00
0.00
0.00
0.00
0.00
0.00
25.87
11.29
2.47
20.27
25.21
28.34
30.16
37.90
34.69
27.60
26.12
29.58
41.20
31.56
21.34
14.17
12.94
0.00
32.05
5.93
2.14
0.00
0.16
7.91
0.00
0.00
0.00
0.00
0.00
0.00
0.00
19.03
6.76
0.33
0.00
3.63
0.00
15.33
3.63
29.42
26.04
15.33
0.00
3.54
0.00
0.00
0.00
0.00
4.49
12.52
14.42
8.78
19.82
20.85
0.00
11.87
5.77
10.22
16.15
19.45
0.00
0.00
7.83
4.78
3.21
3.13
0.00
0.00
0.00
0.00
0.00
0.00
0.00
0.00
0.00
7.75
7.09
3.63
6.51
7.75
0.00
0.00
0.00
0.00
0.00
0.00
0.00
0.00
0.00
0.00
0.00
0.00
0.00
0.00
0.00
0.00
0.00
0.00
0.00
0.00
0.00
0.08
0.04
0.12
0.00
0.16
0.16
0.00
0.00
0.00
0.00
0.00
0.00
0.00
0.00
0.00
0.08
0.00
0.00
0.00
0.00
0.00
0.00
0.00
0.00
0.00
0.00
0.00
0.00
0.00
0.00
0.00
9.89
11.04
44.00
38.56
6.10
10.88
1.24
0.00
0.08
2.47
0.82
10.22
0.58
1.98
0.00
0.00
0.08
0.08
0.00
0.04
0.02
0.00
0.00
0.00
0.00
0.00
0.00
0.04
0.08
0.08
0.00
0.00
0.00
0.00
0.00
0.00
0.04
0.00
0.00
0.00
0.00
0.00
0.00
0.00
0.00
0.00
0.00
0.00
0.00
0.00
0.00
0.00
0.00
0.00
0.00
0.00
0.00
0.00
0.00
0.00
0.00
0.00
0.00
0.00
0.00
0.00
0.00
0.00
0.00
0.00
0.00
0.33
0.00
0.00
0.00
0.08
0.16
0.08
2.14
6.18
8.98
1.73
0.00
0.00
0.00
0.00
0.00
0.00
0.00
0.00
0.00
5.85
3.96
0.00
0.16
0.00
1.90
0.58
2.12
4.66
6.34
19.49
30.28
4.70
2.47
2.47
0.25
10.88
2.80
0.00
0.00
0.00
0.00
0.00
5.44
22.08
6.76
6.26
0.16
4.12
0.00
0.00
0.00
0.00
0.00
3.79
13.02
8.40
9.15
10.22
4.45
1.65
0.00
0.00
3.13
12.69
0.00
0.49
5.77
5.60
3.30
0.00
0.00
0.33
0.16
10.71
22.25
25.05
23.07
9.06
14.67
21.26
13.68
22.74
52.57
0.49
14.01
4.61
0.00
32.63
24.31
40.21
30.20
5.85
8.69
6.88
0.00
0.66
0.82
3.30
0.00
0.00
0.00
3.63
1.44
14.01
8.57
20.60
28.92
25.79
12.52
13.18
0.00
6.59
9.89
12.85
7.00
32.46
35.72
61.80
33.54
10.71
31.48
10.30
27.85
51.25
63.28
21.92
14.91
21.75
9.23
31.72
37.20
19.86
6.34
12.85
29.66
49.44
65.42
147.00
62.79
15.00
14.50
27.03
19.03
24.76
9.64
16.23
34.40
33.91
25.67
40.46
35.06
27.81
14.96
9.19
3.67
7.17
0.00
17.59
2.60
0.37
0.08
0.00
17.10
0.08
0.00
5.27
28.30
0.00
2.27
2.22
7.46
8.65
10.55
7.75
8.57
25.58
23.03
34.69
8.07
15.33
28.51
30.08
10.79
16.93
17.22
0.00
0.00
4.78
17.63
80.58
29.50
36.25
21.79
16.52
0.00
13.88
14.83
8.07
3.63
0.00
0.00
0.00
0.00
0.00
3.46
11.70
3.79
2.06
3.30
16.48
13.51
0.00
0.00
0.00
5.60
7.29
17.88
5.69
7.79
4.49
0.00
0.00
0.00
3.38
1.77
5.52
1.32
4.61
2.97
3.30
3.13
18.99
0.37
0.00
0.00
0.00
0.00
0.00
0.00
0.00
0.00
0.00
0.08
0.04
0.00
1.19
0.00
0.00
0.00
0.00
0.00
0.00
0.00
0.00
0.04
0.08
0.08
0.04
0.00
0.00
0.00
0.00
0.00
0.00
0.00
0.00
0.00
0.00
0.00
0.00
0.00
0.00
0.00
0.00
0.00
0.00
0.00
0.00
0.00
0.00
0.00
0.00
0.00
0.00
0.00
0.00
0.00
0.00
0.00
0.00
0.00
0.00
0.00
0.00
0.00
0.00
0.49
0.16
0.00
0.00
0.00
0.00
0.00
0.00
0.00
0.00
0.00
0.00
0.00
0.00
0.00
0.00
0.00
0.00
0.00
0.00
0.00
0.00
0.00
0.00
0.00
0.00
0.00
0.00
0.00
0.00
0.00
0.00
0.00
0.00
0.00
0.00
0.00
0.00
0.00
0.00
0.00
0.00
0.00
0.00
0.00
0.00
0.00
0.00
0.00
0.00
0.00
0.00
0.49
0.00
0.16
0.00
0.00
0.00
0.00
0.00
0.00
0.00
0.60
0.00
0.00
0.00
2.06
1.65
0.16
0.00
0.00
0.00
0.00
0.00
0.00
7.17
2.14
0.41
3.13
0.00
0.00
1.81
6.59
5.60
0.66
2.80
1.98
0.00
1.81
0.00
1.81
0.16
1.98
2.43
1.44
1.90
0.74
36.87
1.73
0.16
2.47
0.08
1.03
13.27
5.40
7.46
3.46
0.00
0.00
0.87
17.72
0.00
0.04
2.84
4.04
0.00
0.00
3.13
6.43
0.00
3.13
3.63
12.36
15.00
10.05
0.00
0.00
2.80
3.38
20.43
13.35
5.93
0.00
4.12
1.73
10.22
13.18
7.33
8.24
0.00
0.00
9.23
9.23
10.05
11.87
21.92
25.05
27.36
32.96
11.21
0.33
0.00
17.72
5.77
5.89
4.24
12.40
18.13
18.95
25.58
22.70
10.22
18.62
19.45
21.42
14.01
22.58
10.71
0.00
0.00
5.27
2.47
13.18
0.00
0.00
0.00
29.66
8.49
11.00
3.38
1.48
1.81
6.92
11.78
5.60
11.62
0.87
21.42
5.19
20.52
24.35
46.60
25.30
0.08
0.00
10.55
12.85
19.03
16.40
8.82
46.64
34.94
22.74
36.09
42.35
26.28
42.19
86.39
52.32
0.66
0.12
17.47
23.07
20.93
15.00
28.34
43.55
25.87
21.75
32.63
35.60
79.76
82.89
31.48
62.87
27.19
3.79
0.82
6.10
39.72
31.81
0.00
0.00
0.00
0.00
0.04
0.00
3.30
0.00
25.17
5.07
0.00
0.00
19.45
11.95
22.08
0.00
27.27
17.06
18.21
14.01
7.42
19.94
29.75
26.04
36.25
34.19
23.90
22.08
13.02
29.66
31.31
10.79
15.57
0.00
10.18
8.20
3.83
0.00
0.82
0.00
0.00
4.20
9.02
13.51
25.46
41.86
32.18
19.03
14.87
0.00
0.00
28.47
0.04
0.00
0.00
0.00
0.00
0.00
0.66
15.66
52.08
12.90
0.25
0.00
0.00
0.00
0.00
0.00
0.00
0.00
0.00
0.00
0.00
0.00
0.00
0.00
0.00
0.00
0.00
0.00
0.00
0.00
0.00
0.16
0.00
0.00
0.00
0.00
0.00
0.00
0.00
0.00
0.00
0.00
0.00
0.00
0.16
0.00
5.44
5.11
1.98
0.00
0.00
0.00
0.00
2.27
0.00
0.00
0.00
0.00
0.00
0.00
0.00
0.00
0.00
0.00
0.00
0.00
0.00
0.00
1.81
0.00
0.16
0.00
0.00
0.00
0.00
0.00
0.00
0.00
0.00
0.00
0.00
0.00
0.00
0.00
0.00
0.00
0.00
0.00
0.00
0.00
0.00
0.00
0.00
0.00
0.00
0.00
0.00
0.00
0.04
0.16
0.00
0.00
2.14
0.16
0.00
0.00
0.00
1.07
0.00
0.00
0.00
0.00
0.00
0.00
0.00
0.00
0.00
0.00
0.00
0.00
0.00
0.00
0.00
0.00
0.00
0.00
0.00
0.00
0.49
0.16
0.00
0.00
0.00
0.33
1.48
0.16
0.00
0.00
0.00
0.00
0.00
0.00
1.15
0.16
0.00
0.00
0.00
0.00
1.48
0.00
0.00
1.24
2.60
3.30
1.69
3.42
0.04
0.00
7.58
3.13
0.66
1.48
2.80
0.00
0.00
0.00
0.49
19.61
3.54
0.66
0.08
0.00
0.00
2.64
3.79
4.61
0.00
0.00
0.00
0.00
0.00
2.31
0.99
1.81
5.60
12.40
1.69
0.12
0.82
0.08
0.99
0.41
1.77
0.04
0.00
0.00
2.22
0.00
0.49
0.00
3.17
0.08
0.00
0.95
2.27
3.87
2.80
3.38
0.00
0.00
0.08
0.58
1.90
5.77
15.49
8.49
7.42
8.40
13.51
0.00
7.58
8.24
19.78
5.19
0.00
0.00
0.00
3.13
3.63
2.14
5.60
17.63
19.45
19.78
24.22
63.61
38.81
56.94
50.47
29.50
23.73
32.71
15.16
6.26
9.06
13.51
13.51
17.14
42.60
15.08
12.52
29.99
19.28
32.30
9.89
24.22
28.10
43.18
23.07
13.02
21.59
18.46
15.00
20.60
22.66
11.25
10.71
16.31
22.62
17.80
22.08
11.04
15.66
13.68
15.49
12.61
30.57
26.20
0.16
10.38
41.69
19.78
25.21
31.48
37.33
22.33
19.78
6.67
4.24
16.64
17.30
0.00
0.00
0.00
0.00
0.00
0.00
0.00
0.00
15.99
2.55
7.75
5.44
12.11
12.24
7.42
0.00
0.00
0.08
10.84
12.90
28.26
46.68
17.26
12.03
12.90
15.78
21.59
15.99
14.50
15.12
19.94
18.91
15.61
23.07
22.49
58.21
47.96
26.24
0.00
0.00
0.00
0.00
2.47
0.00
0.00
5.03
13.68
18.00
9.56
20.68
0.00
4.86
17.14
0.04
0.00
33.12
15.66
7.09
5.93
3.54
0.00
0.66
1.73
0.08
5.93
11.54
17.96
24.39
10.71
0.00
0.00
22.58
14.83
0.00
0.00
0.00
0.00
3.13
2.47
9.06
12.19
3.13
15.99
7.91
6.26
2.80
24.06
38.89
0.00
0.00
0.00
0.00
0.00
0.00
0.00
0.00
0.00
2.72
7.75
10.88
4.45
0.25
0.00
0.00
0.00
0.00
0.00
0.00
0.00
0.00
0.00
0.00
0.00
0.00
0.00
0.00
0.00
0.00
0.66
0.00
0.00
0.00
0.33
0.00
0.00
7.91
2.14
0.00
0.00
0.00
0.00
0.00
0.00
0.00
0.00
0.00
0.00
0.00
0.00
0.00
0.00
0.00
0.00
0.00
0.00
0.00
0.00
0.00
0.00
0.00
0.00
0.00
0.00
0.00
0.00
0.00
0.00
0.00
0.00
0.00
0.00
0.00
0.00
0.00
0.00
0.00
0.00
