19710101
0.00
0.00
0.00
0.00
0.00
0.00
0.00
0.00
0.00
1.65
0.66
0.08
0.00
0.00
0.00
0.00
0.00
0.00
0.00
0.00
0.00
0.00
0.00
0.00
0.00
0.00
0.00
0.00
0.00
0.00
0.00
0.00
0.00
0.00
0.00
0.00
0.00
0.00
0.74
3.30
0.66
0.00
0.00
0.00
2.43
1.15
0.49
0.16
6.51
0.00
1.57
0.00
0.00
0.00
0.00
0.00
0.00
0.00
0.00
0.00
0.00
11.70
5.77
6.76
0.33
0.33
1.48
10.88
2.39
3.96
0.00
8.73
0.00
0.00
0.00
0.00
0.00
0.00
0.00
0.00
0.00
1.48
0.49
0.00
0.00
11.70
6.59
8.73
2.64
2.14
11.54
15.33
10.71
0.00
0.00
0.00
0.00
0.00
0.00
5.85
0.82
1.81
3.79
0.99
0.25
0.00
0.00
0.00
0.00
0.78
4.24
0.00
0.00
2.31
2.14
0.00
0.00
0.00
0.00
0.00
0.00
0.82
3.38
2.97
0.00
4.61
24.72
56.03
33.78
0.91
24.72
3.96
0.00
0.00
5.85
8.40
0.00
0.00
0.00
0.00
0.74
4.28
0.16
0.00
0.00
0.00
0.00
0.00
0.00
0.00
0.00
0.00
0.00
0.00
0.00
0.00
0.00
0.00
0.00
0.16
0.16
3.54
0.54
3.01
5.48
6.39
4.16
0.82
0.08
0.00
0.00
0.66
1.98
0.41
0.12
0.41
0.00
0.00
0.08
0.49
1.65
4.78
9.72
4.61
2.14
4.94
0.91
1.40
0.16
0.00
0.00
3.13
3.30
0.00
0.00
4.45
0.08
0.33
0.12
0.00
0.00
0.00
0.00
5.40
0.21
3.30
0.00
0.00
0.00
0.00
0.00
0.08
0.16
0.16
0.37
0.66
4.86
7.75
14.67
35.10
53.76
56.52
51.66
41.61
17.63
26.53
19.45
15.82
8.90
0.33
1.98
10.38
11.04
27.93
23.61
2.76
0.70
0.25
0.04
0.00
0.00
0.00
0.00
0.00
0.00
0.00
0.00
0.00
4.20
0.00
0.00
0.00
0.00
0.00
0.00
0.00
0.00
0.00
0.00
0.00
1.24
0.00
0.00
0.00
0.00
0.00
0.00
0.00
0.49
13.84
11.12
11.12
8.94
0.00
0.00
0.00
0.00
0.00
0.00
0.00
0.00
0.00
0.00
0.00
0.00
0.00
0.00
0.00
0.00
0.00
0.33
37.08
78.57
0.00
0.02
0.08
0.12
0.00
3.30
0.00
0.00
0.00
0.00
0.00
0.00
0.00
0.00
0.00
0.00
0.00
0.00
0.00
0.00
0.00
0.00
0.00
0.00
0.00
0.00
0.00
0.00
0.00
0.00
0.00
0.00
0.00
0.00
0.00
0.00
0.00
0.00
0.00
0.00
0.00
1.32
2.72
0.00
0.00
0.00
0.00
0.00
0.00
12.85
3.46
0.00
0.00
0.00
0.00
0.00
0.00
0.00
0.00
0.00
0.00
0.00
0.00
0.00
0.00
0.00
0.00
0.00
0.00
0.00
0.00
0.00
0.00
0.00
0.00
0.00
0.00
0.00
0.00
0.00
0.00
0.08
0.00
0.00
0.00
0.00
0.00
0.00
0.00
0.00
0.00
0.00
0.00
0.00
0.00
0.00
0.00
0.00
0.00
0.00
0.00
0.00
0.00
0.00
0.00
0.00
0.00
0.00
0.00
0.00
0.00
0.00
0.00
0.00
0.00
0.00
0.00
0.00
0.00
0.00
0.00
0.00
0.00
0.00
0.00
1.48
0.33
0.00
0.00
0.00
0.00
0.00
0.82
0.00
0.00
3.58
0.00
0.00
0.00
0.00
0.00
0.00
0.49
0.82
0.49
0.00
0.00
0.00
0.00
4.70
5.89
0.54
0.00
0.00
0.00
0.00
0.00
0.00
1.07
1.65
10.22
27.52
2.31
0.00
0.00
0.00
0.00
0.00
0.00
0.00
0.00
0.00
0.00
0.49
0.80
1.28
2.93
12.19
7.00
9.23
0.08
0.00
0.00
0.00
0.00
0.00
0.00
1.98
4.45
15.49
10.55
0.00
0.00
0.00
0.00
1.40
0.00
0.00
0.00
0.00
22.41
20.93
0.33
0.82
4.28
12.69
1.48
4.45
1.98
0.16
1.15
21.09
50.59
47.96
1.98
11.70
14.17
6.59
26.99
31.39
22.82
10.92
14.42
0.00
0.00
0.00
0.00
0.00
0.00
0.00
0.00
0.00
0.00
0.00
0.00
0.41
0.70
0.45
0.95
1.52
3.42
4.08
0.12
0.19
2.18
0.29
0.10
0.37
0.16
0.16
0.12
0.21
0.74
0.78
0.37
0.16
0.08
0.00
0.00
0.16
0.16
0.16
0.00
0.00
0.00
0.00
0.00
0.08
0.00
0.41
4.70
0.25
0.08
0.00
0.08
0.33
0.66
0.08
0.16
0.41
1.03
0.91
1.48
1.07
0.66
0.33
0.16
0.00
0.16
3.46
0.33
1.32
19.45
36.25
40.29
16.64
35.93
42.15
19.03
7.29
17.14
3.34
0.08
0.16
0.00
0.00
0.00
0.08
0.00
0.00
0.08
0.82
1.32
1.32
0.00
0.00
5.60
0.00
0.00
0.00
0.16
0.00
0.00
0.00
0.00
1.98
2.31
0.08
0.00
0.00
0.00
0.00
0.00
2.88
2.97
6.02
0.00
0.00
0.00
0.00
0.00
0.00
0.00
5.89
0.54
0.00
0.00
3.46
0.08
1.81
12.85
3.96
0.00
0.00
0.00
0.00
0.00
6.43
2.47
0.00
0.00
0.00
0.00
0.08
0.00
0.00
0.00
0.00
0.00
0.00
0.00
0.00
0.00
0.00
0.00
0.00
0.00
0.00
0.00
0.00
0.00
0.00
0.00
0.00
0.00
0.00
0.00
0.00
0.00
0.00
0.00
0.00
0.00
1.32
0.00
3.30
0.16
0.00
0.00
0.00
0.00
0.00
0.00
0.00
0.00
0.00
0.00
0.00
0.00
0.00
0.00
0.00
0.00
0.00
0.00
0.00
0.00
0.00
0.00
0.00
0.00
0.00
0.00
0.00
0.00
0.00
0.00
0.00
0.00
0.00
0.00
0.00
0.00
0.00
0.00
0.00
0.00
0.00
0.00
0.00
0.00
0.00
0.00
0.00
0.00
0.00
0.00
0.00
0.00
0.00
0.00
0.00
0.00
0.00
0.00
0.00
0.00
0.00
0.00
0.25
0.00
0.00
0.00
0.00
0.00
0.00
0.00
0.00
0.00
0.00
0.00
0.00
0.00
0.00
0.00
0.00
0.00
0.00
0.00
0.00
0.00
0.00
0.00
1.65
0.25
0.00
0.00
0.00
0.00
0.00
0.00
0.00
0.00
0.00
0.00
0.00
0.00
0.00
0.00
0.00
0.33
0.08
0.16
1.73
0.00
0.00
0.00
0.00
0.00
1.32
0.02
0.68
0.00
0.00
0.06
0.80
0.02
0.00
0.00
0.00
0.00
0.00
0.00
0.00
0.00
0.00
0.00
0.00
0.00
0.00
0.49
1.24
2.22
0.41
0.82
0.74
0.12
0.08
1.90
25.71
5.81
14.50
11.45
0.49
5.19
0.00
0.00
0.00
0.00
0.00
0.00
0.00
0.00
0.41
0.00
18.13
14.01
0.08
1.48
0.00
0.00
0.00
0.00
0.00
14.50
23.40
0.49
1.81
0.00
4.53
2.47
0.08
0.16
2.14
3.96
3.30
15.49
18.95
53.81
26.28
1.48
0.00
0.08
0.00
0.00
0.16
0.08
0.00
0.00
0.00
0.45
0.62
1.65
3.54
3.30
2.22
3.54
28.47
24.35
47.25
32.79
21.63
24.55
26.20
32.30
57.72
42.35
29.33
2.97
1.81
0.16
0.16
1.81
4.61
2.64
0.00
0.33
0.00
0.49
1.36
0.58
0.66
0.49
0.08
0.21
0.04
0.08
0.08
1.15
3.79
1.15
1.48
73.00
34.11
0.25
0.99
1.90
1.98
0.91
0.00
0.04
0.08
0.00
0.00
0.66
1.90
5.36
26.41
82.40
72.59
46.22
17.18
117.50
13.18
0.00
0.00
0.00
0.00
0.00
0.00
0.00
1.77
1.75
2.43
1.52
0.62
0.04
0.04
6.14
0.08
0.04
0.12
3.38
0.49
0.16
0.33
1.48
0.00
0.00
0.16
0.16
0.33
0.66
15.33
18.29
15.00
12.77
8.32
0.33
0.00
0.00
0.04
0.00
0.00
0.00
0.00
0.00
0.00
0.00
0.00
0.00
0.00
0.00
0.00
0.00
2.72
3.46
0.08
9.56
3.38
7.75
4.61
0.00
0.00
0.00
0.00
0.49
3.71
0.00
0.00
0.00
0.00
0.00
0.00
0.00
0.00
0.00
0.00
0.00
0.00
0.00
0.00
0.00
0.00
0.00
0.00
0.00
0.00
0.00
0.00
0.00
0.00
0.00
0.00
0.00
0.00
0.00
0.00
0.00
0.00
0.00
0.00
0.00
0.00
0.00
0.00
0.00
0.00
0.00
0.00
0.00
0.00
0.00
0.00
0.00
0.00
0.00
0.00
0.00
0.00
0.00
0.00
0.00
0.00
0.00
0.00
0.00
0.00
0.00
0.00
0.00
0.00
0.00
0.00
0.00
0.00
0.00
0.00
0.00
0.00
0.00
0.00
0.00
0.00
0.00
0.00
0.00
0.00
0.00
0.00
0.00
0.00
0.00
0.00
0.00
0.00
0.00
0.00
0.00
0.00
0.00
0.00
0.00
0.00
0.00
0.00
0.00
0.00
0.00
0.00
0.08
3.46
0.00
0.00
0.00
0.00
0.00
0.00
0.00
0.00
0.00
0.00
0.00
0.00
0.00
0.00
0.00
0.00
0.00
0.00
0.16
0.00
0.00
0.00
0.00
0.00
0.00
0.00
0.00
0.00
0.00
6.67
0.00
0.00
0.00
0.00
0.00
0.00
0.08
0.00
0.00
0.00
0.00
0.00
0.00
0.00
0.00
0.33
0.00
0.00
0.00
0.16
0.00
0.41
10.71
10.05
21.59
23.07
3.38
4.28
0.82
16.56
16.48
16.07
18.72
7.58
5.19
0.00
9.02
2.02
0.25
0.58
0.00
0.00
0.00
0.00
0.00
0.00
0.00
0.99
0.00
0.00
0.00
0.00
0.00
0.49
0.58
0.00
0.00
1.90
6.06
10.01
11.25
0.00
8.45
30.73
31.81
39.55
34.28
13.35
0.08
0.25
17.96
0.66
2.31
1.36
5.52
11.37
12.03
5.44
0.66
2.97
4.86
34.61
25.71
20.76
16.48
18.62
40.87
13.27
24.80
10.05
9.06
0.33
0.00
0.00
0.33
0.66
0.82
0.16
0.08
0.00
0.00
0.00
0.00
0.00
0.00
0.00
2.10
1.61
1.40
0.82
0.45
0.00
0.00
0.08
0.21
0.54
0.78
1.15
1.07
1.73
4.70
18.37
62.46
40.05
14.25
7.17
1.90
1.61
0.66
0.70
1.85
0.33
0.04
6.72
0.08
0.49
0.99
13.18
36.09
40.05
25.71
62.62
83.55
35.27
8.07
28.84
8.73
0.08
0.00
0.00
0.00
0.00
0.00
0.00
0.08
0.00
0.00
0.33
1.07
3.71
0.78
0.99
1.44
1.48
0.70
0.62
0.08
0.12
0.41
0.16
0.33
0.99
0.49
0.00
0.33
0.16
0.08
0.00
3.30
0.49
0.16
0.00
0.00
0.00
0.00
0.00
0.33
0.58
0.25
0.00
0.00
18.37
6.92
7.17
0.21
0.00
0.08
0.00
4.61
4.94
6.76
2.64
4.61
6.92
2.47
0.00
1.98
0.00
0.00
0.00
0.00
0.00
0.00
2.64
0.00
0.00
0.00
0.00
0.00
0.00
0.00
0.33
0.00
0.00
0.00
0.74
0.00
0.00
0.16
0.99
4.28
19.12
2.55
0.00
0.04
1.07
0.00
0.16
0.00
0.00
0.00
0.00
0.00
0.00
0.00
0.00
0.00
0.00
0.00
0.00
0.00
0.00
0.00
0.00
0.00
0.00
0.00
0.00
0.00
0.00
0.00
0.00
0.00
0.00
0.00
0.00
0.00
0.00
0.00
0.00
0.00
0.00
0.00
0.00
0.00
0.00
0.00
0.00
0.00
0.00
0.00
0.00
0.00
0.00
0.00
0.00
0.00
0.00
0.00
0.00
0.00
0.00
0.00
0.00
0.00
0.00
0.00
0.00
0.00
0.00
0.00
0.00
0.00
0.00
0.00
0.00
0.00
0.00
0.00
0.00
0.00
0.00
0.00
0.00
0.00
0.00
0.00
0.00
0.00
0.00
0.00
0.00
0.00
0.00
0.00
0.00
0.00
0.00
0.00
0.82
3.63
0.00
0.00
0.00
0.00
0.00
0.00
0.00
0.49
0.16
0.00
0.00
0.00
0.00
0.00
0.00
0.00
0.00
0.00
0.00
0.00
0.00
0.00
0.00
0.00
0.00
0.00
0.00
0.00
2.31
0.33
0.66
1.81
0.00
2.31
0.00
0.00
0.00
0.00
0.00
0.00
3.21
5.44
0.49
0.99
0.16
0.25
0.00
0.00
0.00
0.00
0.00
0.00
0.00
0.00
1.24
2.93
0.00
3.46
4.12
7.58
9.89
0.00
2.80
0.00
0.00
0.00
0.00
0.00
0.00
28.84
80.26
29.66
0.99
1.65
2.47
6.92
4.45
0.33
0.00
0.00
32.30
29.83
29.50
21.42
5.69
4.45
0.00
6.10
2.97
14.42
4.37
0.00
3.30
5.27
25.87
57.35
3.46
0.00
0.82
1.65
7.00
28.96
39.55
24.47
10.38
5.52
26.86
48.78
19.28
20.93
30.32
12.85
1.15
0.16
1.98
1.65
4.74
1.77
23.19
11.91
4.45
3.96
1.15
0.00
0.00
0.00
0.00
0.00
0.08
0.41
0.25
0.54
3.58
19.86
20.93
9.72
57.10
26.70
5.11
0.66
0.00
0.16
0.41
1.81
4.28
0.25
0.16
0.08
0.00
0.00
0.08
0.00
0.00
1.44
17.26
19.40
14.42
24.35
11.70
0.62
0.16
0.00
0.12
0.74
4.04
3.09
0.37
0.06
0.19
0.41
0.99
0.74
0.99
0.41
0.41
0.66
0.66
2.02
3.05
4.41
2.93
0.33
0.04
0.08
0.25
0.12
0.04
0.00
0.00
0.16
0.49
0.33
0.33
0.49
0.49
1.32
0.66
0.41
0.33
0.41
3.71
11.12
8.78
8.24
15.66
11.91
4.61
0.37
0.66
0.91
0.16
0.00
0.00
0.00
0.00
0.00
0.00
0.00
0.00
0.00
0.00
0.12
0.37
0.00
0.00
0.00
0.00
3.34
0.08
3.87
3.05
0.08
0.16
0.16
0.00
0.16
0.04
0.00
0.00
0.00
0.00
2.14
0.00
0.00
3.79
0.00
0.00
3.91
0.00
0.00
4.45
2.22
0.00
0.00
0.00
0.00
0.82
0.33
3.79
4.45
2.97
0.00
0.00
0.00
0.00
0.00
0.00
0.00
0.00
0.00
0.00
0.00
0.00
0.00
0.00
0.00
0.00
0.00
0.00
0.00
0.00
0.00
0.00
0.00
0.00
0.00
0.00
0.00
0.00
0.00
0.00
0.00
0.00
0.00
0.00
0.00
0.00
0.00
0.00
0.00
0.00
0.00
0.00
0.00
0.00
0.00
0.00
0.00
0.00
0.00
0.00
0.00
0.00
0.00
0.00
0.00
0.00
0.00
0.00
0.00
0.00
0.00
0.00
0.00
0.00
0.00
0.00
0.00
0.00
0.00
0.00
0.00
0.00
0.00
0.00
0.00
0.00
0.00
0.00
0.00
0.00
0.00
0.00
0.00
0.00
0.00
0.00
0.00
0.00
0.00
0.00
0.00
0.00
0.00
0.00
0.00
0.00
0.00
0.00
0.00
0.00
0.00
0.00
0.00
0.00
0.00
0.00
0.00
0.00
0.00
0.00
0.00
0.82
0.08
0.00
0.00
0.00
0.00
0.00
0.00
0.00
0.00
0.00
0.00
0.00
0.00
0.00
0.00
0.00
0.00
0.66
3.71
0.00
0.37
0.37
0.58
0.00
0.00
0.00
0.00
0.00
0.00
0.00
1.85
0.04
0.00
0.41
0.74
0.25
4.00
4.41
0.00
0.00
1.48
0.99
0.74
0.82
0.41
0.00
0.00
0.33
0.25
0.16
0.04
0.82
0.66
0.33
0.49
2.06
0.29
5.19
38.48
4.94
1.81
15.90
8.94
23.03
13.35
13.84
16.31
1.81
0.99
0.66
12.85
51.75
15.66
2.97
0.66
3.96
5.44
0.00
3.46
16.48
2.14
4.78
9.23
46.55
13.84
0.58
0.49
0.00
12.19
0.33
0.33
29.83
6.26
29.99
3.63
0.00
0.49
2.64
10.05
0.00
0.00
0.41
3.21
4.45
7.99
6.26
8.07
8.57
6.10
1.57
0.41
8.45
1.85
17.14
4.70
0.00
0.00
0.00
0.00
0.00
0.00
0.00
0.00
0.00
0.33
19.61
0.33
21.34
6.92
12.69
6.59
2.64
0.00
0.33
27.03
23.07
50.59
31.48
18.21
0.16
1.15
15.16
103.82
76.79
54.71
16.81
33.78
1.32
0.00
0.00
0.00
0.41
0.54
1.98
5.11
2.27
2.68
2.51
1.11
0.16
0.16
0.82
1.57
7.91
9.48
10.63
2.39
5.44
7.29
15.78
33.33
42.02
21.84
1.40
0.78
1.15
0.99
1.32
2.31
3.30
9.81
5.23
0.45
0.12
0.08
0.04
0.00
0.00
0.00
0.08
0.00
0.00
0.00
0.00
0.00
0.00
0.00
0.00
0.00
0.00
0.00
0.00
0.00
0.00
0.08
0.25
0.91
0.82
0.99
0.58
0.08
3.67
4.20
0.00
0.78
3.13
0.00
0.00
0.00
1.32
0.08
0.00
0.00
0.00
0.00
0.00
0.00
3.09
7.75
14.34
2.47
6.26
0.00
0.00
0.00
0.00
0.00
0.00
0.08
8.65
10.79
1.19
0.00
0.00
0.21
0.16
0.00
0.00
0.82
0.74
0.00
0.00
0.00
0.00
0.00
0.16
0.00
0.00
0.00
0.00
0.00
0.00
0.00
0.00
0.00
0.00
0.00
0.00
0.00
0.00
0.00
0.00
0.00
0.00
0.00
0.00
0.00
0.00
0.00
0.00
0.00
3.71
3.79
0.00
0.00
0.00
0.00
0.00
0.00
0.00
0.00
0.00
0.00
0.00
0.00
0.00
0.00
0.00
0.00
0.00
0.00
0.00
0.00
0.00
0.00
0.00
0.00
0.00
0.00
0.00
0.00
0.00
0.00
0.00
0.00
0.00
0.00
0.00
0.00
0.00
0.00
0.00
0.00
0.00
0.00
0.00
0.00
0.00
0.00
0.00
0.00
0.00
0.00
0.00
0.00
0.00
0.00
0.00
0.00
0.00
0.00
0.00
0.00
0.00
0.00
0.00
0.00
0.00
0.00
0.00
0.00
0.00
0.00
0.00
0.00
0.00
0.00
0.00
0.00
0.00
0.00
0.74
0.00
0.00
0.00
0.00
0.00
0.00
0.00
0.00
0.00
0.00
0.00
0.00
0.00
0.00
0.00
0.00
0.00
0.00
8.57
3.30
0.00
0.00
0.00
0.00
0.00
0.00
0.00
0.00
1.85
0.95
0.00
0.00
0.00
0.00
0.00
0.00
0.00
0.00
0.00
0.00
0.00
0.00
0.00
0.00
0.00
0.00
0.00
0.00
0.00
0.00
0.00
0.00
0.00
1.65
6.88
2.39
3.63
4.12
4.28
0.00
6.84
1.32
0.00
0.00
0.00
1.81
0.00
0.00
0.00
0.00
0.00
0.00
3.54
0.33
15.99
18.13
21.42
9.89
0.00
0.00
0.00
0.00
0.00
0.00
0.00
0.00
0.00
0.00
0.00
0.00
0.16
0.66
1.15
0.16
0.16
0.00
0.16
0.00
0.00
2.97
3.30
7.42
0.33
0.00
0.00
0.00
5.11
0.00
0.00
0.00
0.00
0.00
0.00
0.00
0.00
0.00
0.66
2.64
9.56
0.00
0.00
0.00
0.00
0.00
0.00
0.00
0.00
0.00
0.00
0.58
0.00
2.35
0.54
1.24
3.17
3.58
4.94
5.52
5.93
11.37
26.70
77.62
93.44
30.49
6.26
2.39
5.11
6.67
2.80
5.60
6.26
0.99
1.48
2.97
0.49
0.82
0.99
0.16
0.00
1.32
7.83
2.64
0.00
0.00
0.00
0.00
5.77
1.48
1.32
1.40
1.28
5.48
13.68
5.31
1.81
2.14
1.48
0.33
0.16
0.41
2.72
2.72
2.47
0.08
0.16
0.04
0.00
0.00
0.00
3.17
0.62
0.21
0.00
0.16
0.66
1.32
3.13
4.12
5.52
5.27
2.18
0.25
0.00
0.00
0.00
0.00
0.00
0.00
2.97
0.00
0.00
0.12
0.00
3.01
0.00
0.00
2.64
2.43
0.99
0.00
0.00
0.00
0.00
0.00
0.00
0.08
0.16
0.21
0.25
0.08
0.08
9.15
4.37
4.53
3.05
7.00
4.20
2.14
0.66
0.08
3.42
0.00
10.22
0.00
1.65
6.34
1.73
0.00
0.00
0.00
0.00
0.00
0.82
1.15
0.00
0.00
0.00
0.00
0.00
0.00
0.00
0.00
0.00
0.00
0.00
0.00
0.00
0.00
0.00
0.00
1.73
0.00
0.00
0.00
0.00
0.00
0.00
0.00
0.00
0.00
0.00
0.00
0.00
0.00
0.00
0.00
0.00
0.00
0.00
0.00
0.00
0.00
0.00
0.00
0.00
0.00
0.00
0.00
0.00
0.00
0.00
0.00
0.00
0.00
0.00
0.00
0.00
0.00
0.00
0.00
2.31
0.82
0.00
2.51
22.25
0.00
0.00
0.00
0.00
0.00
0.00
0.00
0.00
0.00
0.00
0.00
0.00
0.00
0.00
0.00
0.00
0.00
0.00
0.00
0.00
0.00
0.00
0.00
0.04
0.00
0.00
0.00
0.00
0.00
0.00
0.00
0.00
0.00
0.00
0.00
0.00
0.00
0.00
0.00
0.00
0.00
0.00
0.00
0.00
0.00
0.00
0.00
0.00
0.00
0.00
0.00
0.00
0.00
0.00
0.00
0.00
0.00
0.00
0.00
0.00
0.00
0.00
0.00
0.00
0.00
0.00
0.00
0.00
0.00
0.00
0.00
0.00
0.00
0.00
0.00
0.00
0.00
0.00
0.00
0.00
0.00
0.00
6.84
17.72
0.49
0.00
0.00
0.00
0.00
0.00
0.00
0.00
0.00
0.00
0.00
0.00
0.00
0.00
0.00
0.00
0.00
0.00
0.00
0.00
0.74
2.47
0.33
0.00
0.00
0.00
0.00
0.00
0.00
0.00
0.00
0.00
0.00
0.00
0.00
0.00
0.00
2.22
0.33
5.93
5.60
3.46
1.65
0.66
0.00
0.00
0.00
0.00
0.00
0.00
0.33
10.05
2.64
0.66
3.30
3.13
0.00
0.00
0.33
0.82
0.00
0.00
1.48
0.00
0.33
0.00
1.48
7.25
3.13
0.16
0.49
0.66
0.16
0.00
0.00
0.00
0.00
0.00
2.31
53.97
65.75
34.61
32.30
23.65
53.23
12.36
12.44
12.94
0.00
0.00
0.00
0.58
0.08
0.00
0.00
0.00
0.00
0.00
0.04
0.08
0.21
0.21
0.54
0.37
4.94
0.45
2.76
2.55
27.69
34.52
62.13
42.89
16.93
5.48
1.85
4.45
3.13
9.72
122.11
97.23
133.32
82.32
58.01
34.28
53.48
47.21
14.46
4.57
5.48
6.30
8.20
9.02
49.48
66.08
0.66
0.00
0.16
0.82
0.58
0.49
0.29
0.12
0.04
0.00
0.16
0.99
1.40
1.57
1.15
0.78
0.95
1.57
1.69
1.57
3.38
5.81
7.93
3.71
8.12
10.88
19.36
19.61
38.89
7.25
0.00
0.08
0.00
0.00
0.00
0.00
0.00
0.08
0.33
0.00
0.33
0.49
0.74
1.73
2.22
1.15
0.29
0.25
0.08
0.00
0.04
0.58
1.32
0.16
8.57
4.28
0.00
1.65
1.32
8.57
8.07
7.42
2.14
0.00
0.00
4.45
7.42
0.00
0.00
0.00
0.37
7.99
0.02
0.00
0.00
0.00
2.47
0.00
0.58
1.81
1.98
1.15
0.00
0.00
0.00
0.00
0.00
0.00
0.00
0.00
0.00
0.00
0.00
0.00
0.00
0.00
0.08
0.66
0.00
0.00
0.00
0.00
0.00
0.00
0.00
0.00
0.00
0.00
0.00
0.00
0.00
0.00
0.00
0.00
0.00
0.00
0.00
0.00
0.00
0.00
0.00
0.00
0.00
4.86
104.81
17.30
0.00
0.00
0.00
3.13
9.39
0.08
0.00
0.00
0.00
0.00
0.00
0.00
0.00
0.00
0.00
0.00
0.00
0.00
0.00
0.00
0.00
0.00
0.00
0.00
0.00
0.00
0.00
0.00
0.00
0.00
0.00
0.00
0.00
0.00
0.00
0.00
0.00
0.00
0.00
0.00
0.00
0.00
0.00
0.00
0.00
0.00
0.00
0.00
0.00
0.00
0.00
0.00
0.00
0.00
0.00
0.16
13.10
0.00
0.00
0.00
0.00
0.00
0.00
0.00
0.00
0.00
0.33
2.31
9.39
0.16
0.00
0.00
0.00
0.00
0.00
0.00
0.00
0.00
0.00
0.00
0.00
0.00
0.00
0.00
0.00
0.00
0.00
0.00
0.00
0.00
0.00
0.00
0.00
0.00
0.00
0.00
0.00
0.00
0.00
0.00
0.00
0.00
0.00
0.00
0.00
0.00
0.00
0.00
0.00
0.00
0.00
0.00
0.00
0.00
0.00
0.00
0.00
0.00
0.00
0.00
0.00
0.08
4.66
3.21
0.00
3.13
0.00
0.00
0.00
0.00
4.12
4.28
0.25
0.00
0.00
0.00
1.15
0.00
1.98
2.97
3.13
3.46
5.44
5.44
34.61
3.96
0.00
0.16
1.32
0.00
0.00
1.69
5.89
0.00
0.49
14.71
3.67
1.48
18.33
0.82
0.08
1.48
2.55
2.22
1.65
0.00
0.00
0.00
0.00
0.00
0.00
0.00
0.00
0.00
0.00
0.00
0.00
0.00
0.00
0.00
0.00
0.00
2.14
14.30
12.03
4.20
12.65
19.24
12.81
21.88
20.15
0.66
1.11
1.48
1.32
0.91
0.33
0.41
0.16
0.12
0.04
3.01
0.12
0.25
30.98
48.53
50.43
55.87
65.26
65.88
82.56
71.48
28.55
9.15
13.64
9.76
2.43
0.91
0.51
0.04
0.12
0.00
0.04
0.04
0.74
0.95
0.29
0.21
0.49
0.00
0.16
0.00
0.00
0.16
0.66
0.58
0.70
0.45
0.25
0.41
0.33
3.63
1.07
0.49
0.16
0.33
0.00
0.00
0.00
0.00
0.00
0.00
0.00
0.00
0.00
0.00
0.08
0.33
0.16
0.49
0.66
0.16
0.33
0.00
0.00
0.66
1.15
0.99
0.99
2.31
4.16
3.54
0.58
0.02
3.30
0.00
0.12
0.41
1.19
0.78
0.33
0.00
4.28
11.41
9.64
11.95
30.86
49.81
44.17
5.52
0.66
0.16
0.04
0.00
0.00
0.00
0.00
0.00
2.43
0.91
0.00
0.00
1.19
0.00
0.00
0.00
0.00
0.00
0.00
0.00
1.79
0.87
0.00
0.00
0.00
0.00
0.00
0.00
0.54
0.08
0.00
0.66
0.00
0.00
0.00
0.00
0.00
1.32
3.13
0.00
0.00
0.00
0.00
0.99
4.78
2.97
1.81
0.00
0.00
0.00
0.00
0.00
0.00
0.00
0.00
0.00
0.00
0.00
0.00
0.00
0.00
7.50
23.98
0.99
0.00
0.00
0.00
0.00
0.00
0.00
0.00
0.00
0.00
0.00
0.00
0.00
0.00
0.00
0.00
0.00
0.00
0.00
0.00
0.00
0.00
0.00
0.00
0.00
0.00
0.00
0.00
0.00
0.00
0.00
0.00
0.00
0.00
0.00
0.00
0.00
0.00
0.00
0.00
0.00
0.00
0.00
0.00
0.00
0.00
0.00
0.00
0.00
0.00
0.00
1.36
0.00
0.00
0.00
0.00
0.00
0.00
0.00
0.00
0.00
0.00
0.00
0.00
0.00
0.00
0.00
0.00
0.00
0.00
0.00
0.00
0.00
0.00
0.00
0.00
0.00
0.00
0.00
0.00
0.00
0.14
0.16
0.00
0.00
0.21
0.00
0.00
0.00
0.00
0.16
0.00
0.00
0.00
0.00
0.00
0.00
0.00
0.00
0.16
2.97
0.00
0.00
0.00
0.00
0.00
0.00
0.16
1.48
0.66
0.00
4.12
0.00
0.16
0.00
0.00
0.00
0.00
0.00
0.00
0.16
1.98
1.65
0.00
0.00
1.81
1.07
0.08
0.00
2.64
4.28
1.15
3.30
0.00
0.00
0.00
0.00
0.00
0.00
0.00
0.00
0.00
0.68
1.36
0.00
0.00
0.00
0.00
0.00
0.00
3.63
1.65
2.64
6.34
29.58
13.02
10.71
10.55
8.49
30.24
57.10
34.94
5.03
0.21
2.27
5.60
2.06
0.66
0.00
0.00
1.32
0.00
0.00
0.41
1.07
0.00
0.00
5.27
5.93
3.79
3.79
14.34
25.05
30.32
28.59
24.06
18.79
8.73
3.38
0.16
0.08
0.00
0.00
0.00
0.00
0.00
0.00
0.00
0.00
1.32
2.14
3.13
0.33
0.00
4.45
8.90
3.96
5.60
2.31
1.81
0.00
0.16
0.82
17.30
8.90
0.58
0.12
0.00
0.00
0.21
20.52
37.49
9.31
2.02
11.58
0.25
9.10
0.33
1.73
6.63
16.81
4.78
6.88
5.36
4.45
13.68
3.46
5.60
3.46
1.98
0.82
1.90
60.48
77.29
32.30
33.70
6.59
9.89
33.62
30.65
27.19
4.99
0.41
0.08
0.04
0.00
0.08
0.16
0.00
0.16
0.00
0.16
0.00
0.00
0.00
0.00
0.00
0.08
0.33
0.49
1.07
1.57
0.66
0.33
0.33
0.91
0.54
0.41
0.41
0.70
2.84
0.08
0.08
0.08
0.21
3.96
5.15
7.21
0.08
7.00
0.00
0.00
0.16
0.21
0.58
0.66
0.41
0.00
0.00
0.08
0.12
0.16
0.08
0.00
0.00
0.00
0.00
0.00
7.62
0.00
0.25
0.00
6.26
10.88
19.45
20.76
11.00
0.00
0.00
3.96
0.16
0.00
0.00
0.00
8.40
0.00
0.00
0.00
0.00
3.71
26.61
9.89
0.00
0.00
0.00
0.00
0.00
0.00
0.00
0.00
0.00
0.00
0.00
0.00
0.00
0.00
0.00
0.00
0.00
0.00
0.00
0.82
0.00
0.00
0.00
0.00
0.00
0.00
0.00
0.00
0.00
0.00
0.00
0.99
1.24
0.00
0.00
0.00
0.00
0.00
0.00
0.00
0.00
0.00
0.00
0.00
0.00
0.00
0.00
0.00
0.00
0.00
0.00
0.00
0.00
0.00
0.00
0.00
0.00
0.00
0.00
0.00
0.00
0.00
0.00
0.00
0.00
0.00
0.00
0.00
0.00
0.00
0.00
0.00
0.00
0.00
0.00
0.00
0.00
0.00
2.64
17.10
0.29
0.00
0.00
0.00
0.00
0.00
0.00
0.00
0.00
0.00
0.00
0.00
0.00
0.00
0.00
0.00
0.00
0.00
0.00
0.00
0.00
0.00
0.00
0.00
0.00
0.00
0.00
0.00
0.00
0.00
0.00
0.00
0.00
0.00
0.00
0.00
0.00
0.00
0.00
0.00
0.00
0.00
0.00
0.16
0.00
0.00
0.00
0.00
0.00
0.00
0.00
0.00
0.00
0.00
0.00
0.00
0.00
0.00
0.00
0.00
0.00
0.00
0.00
0.00
0.00
0.00
0.00
0.25
1.11
0.08
2.64
2.93
0.00
0.00
3.79
13.51
15.66
0.00
1.15
5.27
22.00
1.65
1.65
0.00
0.00
7.58
1.48
2.14
3.79
0.70
0.70
3.46
14.34
8.40
0.00
5.11
0.41
8.90
4.94
0.49
0.00
0.00
0.00
0.00
0.66
4.04
9.52
0.25
0.31
1.05
0.00
1.15
1.44
1.17
0.39
8.57
4.70
1.15
0.00
0.00
0.00
0.66
0.00
1.81
0.82
1.65
0.00
0.00
1.81
4.61
3.79
7.50
0.00
0.33
0.33
3.79
2.47
37.08
13.02
0.82
0.00
0.00
0.00
0.00
0.00
0.00
0.00
0.00
0.00
0.08
5.27
12.11
4.86
0.16
0.82
0.00
0.00
0.00
0.00
0.00
0.00
0.00
2.68
0.00
0.00
0.00
0.00
0.00
0.00
0.00
0.00
0.00
0.00
0.00
0.00
0.00
0.00
0.00
0.00
2.47
9.64
51.91
66.41
86.43
55.99
33.29
4.74
1.24
0.00
0.00
0.00
0.00
0.00
0.00
0.16
0.16
0.00
0.00
0.00
0.00
0.00
0.41
1.73
2.31
2.43
5.03
10.38
3.46
0.66
17.30
26.20
14.34
2.97
0.08
0.08
0.16
0.08
0.08
0.33
0.33
0.08
0.00
11.33
14.79
7.09
22.62
24.72
1.57
0.00
0.00
0.00
4.61
7.29
0.99
0.54
0.45
0.33
0.49
0.66
0.33
0.16
0.16
0.16
0.00
15.16
21.09
4.45
3.13
4.04
0.25
0.16
0.00
3.38
0.00
0.08
0.45
5.73
0.04
0.00
0.00
6.51
21.59
0.00
0.00
0.00
0.00
0.16
3.21
6.92
2.14
4.45
0.16
0.00
2.22
5.44
10.22
0.00
0.00
0.00
0.00
0.00
0.00
0.00
0.00
1.11
0.00
0.00
0.00
0.00
3.63
229.56
8.07
0.00
0.00
0.00
0.00
0.00
0.00
0.00
0.00
0.00
0.00
0.00
0.00
0.00
0.00
0.00
0.00
0.00
0.00
0.00
0.00
0.00
0.00
0.00
0.00
0.00
0.00
0.00
0.00
0.00
0.00
0.00
0.00
0.00
0.00
0.00
0.00
0.00
0.00
0.99
43.51
93.19
4.78
0.00
0.00
0.00
0.00
0.00
0.00
0.00
0.00
0.00
0.00
0.00
0.00
0.00
0.00
0.00
0.00
0.00
0.00
0.00
0.00
0.00
0.00
0.00
0.00
0.00
0.00
0.00
0.00
0.00
0.00
0.00
0.00
0.00
0.00
0.00
0.00
0.00
0.00
0.00
0.00
0.00
0.00
0.00
0.00
0.00
0.00
0.00
0.00
0.00
0.00
0.00
0.00
0.00
0.00
0.00
0.00
0.00
0.00
0.00
0.00
0.00
0.00
0.00
0.00
0.00
0.00
0.00
0.00
0.00
0.00
0.00
0.00
0.00
0.00
0.00
0.00
0.00
0.00
0.00
0.00
0.00
0.00
0.00
0.00
0.00
0.00
0.45
0.00
0.00
0.00
0.14
0.00
0.02
0.00
0.84
3.83
0.00
0.00
0.00
0.00
0.00
0.00
0.00
0.00
0.00
0.66
0.00
0.00
0.00
0.00
1.65
0.33
0.00
0.00
0.00
0.00
0.00
0.00
0.00
0.00
0.08
0.00
2.64
1.81
1.81
2.14
0.00
0.00
0.00
0.00
0.00
0.00
0.00
0.00
0.00
0.00
0.00
0.82
0.16
0.00
1.48
4.12
4.28
2.72
13.35
0.62
2.06
0.74
16.46
8.90
3.34
2.64
3.34
0.74
0.25
0.00
0.33
1.40
0.82
0.16
5.93
1.15
12.36
29.99
52.16
43.09
33.62
18.46
12.52
8.90
0.00
0.00
0.00
0.82
0.00
0.00
0.00
0.00
0.00
0.00
15.82
6.55
0.00
0.00
0.00
0.00
0.00
0.00
0.00
0.00
0.00
0.00
0.00
0.00
0.00
0.00
0.00
0.00
0.00
0.00
0.00
0.66
3.30
0.66
0.25
0.16
0.00
0.00
0.00
0.00
0.00
0.00
0.00
0.00
0.00
0.00
3.09
0.08
0.08
0.25
1.90
1.03
5.15
7.58
7.09
6.10
3.96
13.10
3.21
0.78
0.00
0.00
0.00
0.00
0.00
0.00
0.00
0.00
0.00
0.00
0.00
3.46
0.16
0.25
0.00
0.16
0.21
0.12
0.37
0.08
0.00
0.00
0.49
0.66
0.16
0.00
0.16
0.00
0.08
0.37
3.71
0.95
0.00
0.00
0.00
0.16
0.33
0.33
0.00
11.04
0.00
0.00
0.00
0.00
0.16
0.70
0.78
0.12
0.12
0.00
6.63
3.46
0.00
0.00
4.94
0.00
0.00
4.20
6.59
0.25
0.91
2.31
10.55
11.37
18.29
1.48
0.16
8.07
0.33
3.63
8.73
0.08
0.00
0.00
0.00
0.00
0.00
0.00
0.99
0.33
0.00
0.00
0.00
0.00
0.00
0.00
0.00
0.00
0.00
0.00
0.00
0.00
0.00
0.00
0.08
0.00
0.00
0.00
0.00
0.00
0.00
0.00
0.00
0.00
0.00
0.00
0.21
0.00
0.00
0.00
0.00
0.00
0.00
0.00
0.00
0.00
0.00
0.00
0.00
0.00
0.00
0.00
0.00
0.00
0.00
0.00
0.00
0.00
0.00
0.00
0.00
0.00
0.00
0.00
0.00
0.00
0.00
0.00
0.00
0.00
0.00
0.00
0.00
0.00
0.00
0.00
0.00
0.00
0.00
0.00
0.00
0.00
0.00
0.00
0.00
0.00
0.00
0.00
0.00
0.00
0.00
0.00
0.00
0.00
0.00
0.00
0.00
0.00
0.00
0.00
0.00
0.00
0.00
0.00
0.00
0.00
0.00
0.00
0.00
0.00
0.00
0.00
0.00
11.87
0.00
0.00
0.00
0.00
0.00
0.00
0.00
0.00
0.00
0.00
0.00
0.82
0.00
0.00
0.00
0.00
0.00
0.00
0.00
0.00
0.00
0.00
0.00
0.00
0.00
0.00
0.00
0.00
0.00
0.00
0.00
0.00
0.00
0.00
0.00
0.70
0.00
0.00
0.00
0.00
0.00
0.00
0.00
0.00
0.00
0.00
0.00
0.00
0.00
12.52
6.59
9.89
1.81
1.98
7.00
7.99
1.57
2.06
0.04
9.27
0.16
0.00
0.00
0.82
3.46
0.00
0.00
0.99
0.00
0.00
0.00
0.00
0.00
0.00
0.00
0.00
0.00
0.00
0.00
4.04
0.87
0.00
0.00
0.00
0.00
0.00
3.63
1.15
0.00
0.00
0.00
0.00
0.00
0.00
0.33
3.96
5.89
5.36
27.31
6.84
0.00
0.00
0.00
0.00
0.00
0.00
1.32
0.00
3.54
4.24
8.24
0.49
1.28
0.78
1.40
3.13
2.68
5.56
1.40
0.00
0.00
0.82
0.00
0.00
0.00
0.00
0.66
0.00
0.00
0.49
14.34
0.49
0.00
0.00
0.00
0.00
6.92
17.80
34.11
13.51
0.99
0.00
1.65
0.00
3.21
6.10
6.92
1.15
4.24
19.90
41.49
15.20
1.61
0.04
0.00
0.21
13.60
6.80
17.88
26.49
36.17
24.93
53.81
76.01
4.08
3.13
0.00
0.00
0.00
2.97
0.00
0.00
0.08
0.00
0.00
0.00
0.00
0.00
1.98
0.00
1.32
0.91
1.32
1.32
2.55
1.90
0.45
0.08
0.00
4.74
0.82
4.16
1.48
0.66
0.82
0.70
1.28
2.55
4.45
7.33
2.97
1.65
2.80
1.77
1.07
0.82
0.33
0.16
0.00
0.00
0.00
0.00
0.00
0.00
0.41
0.25
0.41
1.73
0.74
9.15
0.00
0.00
0.04
0.00
0.00
0.00
0.08
0.82
2.31
2.80
1.73
1.81
1.15
0.49
0.00
17.88
0.00
0.00
0.16
0.00
0.00
0.00
0.00
0.00
1.15
0.00
0.00
0.00
0.00
0.00
1.32
1.24
3.63
1.73
0.16
1.15
1.15
4.78
0.00
0.00
0.00
0.00
0.00
3.46
1.81
3.13
1.15
0.33
0.00
0.00
0.00
0.00
0.00
0.00
0.16
1.48
0.00
0.00
0.00
0.00
0.00
0.00
0.00
0.00
0.00
0.00
0.00
0.00
0.00
0.00
0.00
0.00
0.00
0.00
0.00
0.00
0.00
0.00
0.00
0.00
0.00
0.00
0.00
0.00
0.00
0.00
0.00
0.00
0.00
0.00
0.00
0.00
0.00
1.65
20.10
4.28
0.00
0.00
0.00
0.00
0.00
0.00
0.00
0.00
0.00
0.00
0.00
0.00
0.00
0.00
0.00
0.00
0.00
0.00
0.00
0.00
0.00
0.00
0.00
0.00
0.00
0.00
0.00
0.00
0.00
0.00
0.00
0.00
0.00
0.00
0.00
0.00
0.00
0.00
0.00
0.00
0.00
0.00
0.00
0.00
0.00
0.00
0.00
0.00
0.00
0.00
0.00
0.00
0.00
0.00
0.00
0.00
0.00
0.00
0.00
0.16
0.00
0.00
0.00
0.00
0.00
0.00
0.00
0.00
0.00
0.00
0.00
0.00
0.00
0.00
0.00
0.00
0.00
0.00
0.00
0.00
0.00
0.00
0.00
0.00
0.00
0.00
0.00
0.00
0.00
0.00
0.00
0.00
0.00
0.00
0.00
0.00
0.00
0.00
0.00
0.00
0.00
0.00
0.00
0.00
0.41
0.70
0.08
0.00
0.00
0.00
0.00
0.00
0.00
0.00
0.00
0.00
0.00
0.00
0.00
0.00
0.00
0.00
0.00
0.00
0.00
1.44
4.61
12.52
8.57
5.36
4.61
0.00
0.00
0.00
0.00
0.58
2.64
6.10
1.15
0.00
0.00
1.81
3.13
5.44
3.54
0.72
0.87
0.00
0.00
3.25
0.74
2.97
1.15
3.38
1.32
9.39
7.91
2.31
11.87
1.81
0.16
0.33
0.00
0.00
0.00
6.34
7.66
14.17
0.16
0.12
4.61
1.40
6.18
11.95
0.00
0.00
0.00
0.00
0.00
0.00
3.71
0.16
0.33
0.49
0.33
0.16
0.33
0.25
0.16
0.16
3.30
0.16
0.00
0.00
0.00
0.00
2.39
0.95
5.31
26.45
15.57
7.54
42.11
20.43
10.88
5.19
44.91
17.72
4.66
4.12
0.00
0.00
0.00
0.00
3.05
6.88
0.04
0.00
0.00
7.09
3.79
5.93
5.27
9.39
1.15
1.15
0.16
0.16
0.00
0.00
0.00
0.16
7.75
0.00
0.00
0.00
0.16
0.33
0.16
0.33
0.41
0.45
0.91
7.09
13.35
6.84
1.98
2.10
1.36
3.17
3.13
3.63
0.08
4.12
4.28
3.13
6.18
2.72
0.41
2.97
0.33
1.73
2.97
0.16
0.04
3.63
3.96
2.97
5.27
0.99
4.04
3.30
0.08
0.16
0.41
0.37
0.00
0.00
0.00
0.00
0.00
1.52
0.00
0.00
0.00
0.00
0.00
0.00
0.00
0.00
0.00
0.00
0.00
0.00
1.07
0.58
4.04
0.00
5.36
0.66
0.16
1.07
0.08
0.16
1.73
0.00
0.00
0.00
0.00
0.00
1.11
2.18
0.00
0.99
0.00
12.28
11.29
0.08
0.00
0.00
0.00
0.00
0.00
0.00
0.00
0.00
0.00
0.00
0.74
1.73
0.66
0.74
2.80
1.65
0.66
0.49
0.49
4.12
0.00
0.00
0.00
0.00
0.00
0.08
0.00
0.00
0.00
0.00
0.00
0.00
0.00
0.00
0.00
6.43
0.00
0.00
0.00
0.00
0.00
0.00
0.00
0.00
0.00
0.00
0.00
0.00
0.00
0.00
0.00
0.00
0.00
0.00
0.00
0.00
0.00
0.00
0.00
0.00
0.00
0.00
0.00
0.00
9.23
0.00
0.00
0.00
0.00
0.00
0.00
0.00
0.00
0.00
0.00
0.00
0.00
0.00
0.00
0.00
0.00
0.00
0.00
11.12
0.00
0.00
0.00
0.00
0.00
0.00
0.00
0.00
0.00
0.00
0.00
0.00
0.00
0.00
0.00
0.00
0.00
0.00
0.00
0.00
0.00
0.00
0.00
0.00
0.00
0.00
0.00
0.00
0.00
0.00
0.00
0.00
0.00
0.02
0.10
0.00
0.00
0.00
0.00
0.00
0.00
0.00
0.00
0.00
0.00
0.00
0.00
0.00
0.12
0.00
0.00
0.00
1.07
8.57
4.94
1.98
0.00
0.00
0.00
0.00
0.00
0.00
0.00
0.00
0.00
0.00
0.00
0.00
0.00
0.00
0.66
2.64
0.66
2.47
1.07
0.16
1.65
1.24
0.00
0.16
0.25
0.12
0.00
0.00
0.00
0.00
0.00
0.00
0.00
0.00
0.00
0.00
0.66
23.69
2.31
2.88
0.00
0.00
0.00
3.46
13.35
0.74
6.34
0.00
0.00
0.00
0.00
0.00
0.00
0.00
0.00
0.00
2.31
2.80
1.32
0.00
0.00
0.16
5.44
1.15
0.00
0.00
0.00
4.61
0.00
0.00
0.00
0.00
0.00
0.00
0.16
0.00
1.77
5.44
0.99
5.77
0.16
1.48
1.98
0.00
0.00
0.78
5.69
15.37
30.16
5.40
4.04
6.76
14.50
12.69
0.91
5.11
0.16
0.33
4.12
0.16
2.64
18.21
23.57
2.31
2.14
6.10
1.15
0.25
0.08
0.00
0.00
0.21
0.21
0.04
0.04
3.54
0.00
0.00
0.00
0.00
0.00
0.08
0.33
0.33
0.29
0.45
2.55
9.72
3.30
0.74
1.07
8.53
15.49
28.76
7.33
0.41
0.00
0.00
6.26
0.33
0.16
0.16
0.00
0.00
0.16
0.16
0.00
0.00
0.00
0.00
0.00
0.00
0.33
0.33
0.66
1.48
1.32
1.65
0.58
0.49
1.98
1.65
0.49
0.16
0.33
0.00
0.00
0.08
0.82
1.69
0.49
0.00
0.00
0.00
10.09
0.04
0.00
0.00
0.00
2.97
3.13
0.08
0.33
1.15
3.13
2.22
0.25
0.08
0.00
5.93
0.00
0.00
0.99
0.99
1.15
21.92
6.59
1.40
1.65
0.00
0.00
0.00
1.81
5.77
10.05
7.91
0.00
0.00
0.00
0.00
0.00
0.00
0.00
0.00
12.94
0.00
0.00
0.00
0.00
0.33
0.08
0.00
0.00
0.00
0.00
0.00
0.00
0.00
0.00
0.16
0.82
0.00
0.00
0.00
1.57
5.77
5.77
9.23
0.00
0.00
0.00
0.00
0.00
0.00
0.00
0.00
0.00
0.00
0.41
0.00
0.00
0.00
0.00
0.00
0.00
0.00
0.00
0.00
0.00
0.00
0.00
0.00
0.00
0.00
0.00
0.00
0.00
0.00
0.00
0.00
0.00
0.00
0.00
0.00
0.00
0.00
0.00
0.00
0.00
0.00
0.00
0.00
0.00
0.00
5.77
8.40
14.75
4.94
0.00
0.00
0.00
0.00
0.00
0.00
0.00
0.00
0.00
0.00
0.00
0.00
0.00
0.00
0.00
0.00
0.00
0.00
0.00
0.00
0.00
0.00
0.00
0.00
0.00
0.00
0.00
0.00
0.00
0.00
0.00
0.00
0.00
0.00
0.00
0.00
0.00
0.00
0.00
0.00
0.00
0.00
0.00
0.00
0.00
0.00
0.00
0.00
0.00
0.00
0.00
0.00
0.00
0.00
0.00
0.00
0.00
0.00
0.00
0.00
0.00
0.00
0.00
0.00
0.00
0.00
0.00
0.00
0.00
0.00
0.00
0.00
0.00
0.00
0.00
0.00
0.16
0.16
0.00
0.00
0.00
0.00
0.00
0.00
0.00
0.00
0.00
0.04
0.00
0.00
1.65
0.33
2.14
3.63
4.28
7.91
0.08
0.00
0.00
0.00
0.00
0.00
0.33
0.00
0.00
0.00
0.00
0.00
0.00
0.00
0.49
0.00
1.32
1.48
0.00
0.00
0.00
5.52
1.98
3.63
0.21
3.17
0.78
0.12
0.12
0.00
0.00
0.00
0.99
2.64
5.44
26.28
9.89
3.79
0.66
0.00
0.00
4.57
0.16
0.16
0.82
4.94
4.61
2.14
0.00
0.25
0.25
0.00
0.00
0.04
0.58
0.00
1.15
0.00
2.47
5.77
12.94
9.23
0.08
0.04
0.99
0.00
0.00
11.70
32.14
4.45
0.00
0.33
10.55
0.16
0.33
0.49
0.16
0.33
0.16
0.00
0.00
0.00
0.00
0.08
0.25
1.44
0.91
0.91
0.78
0.82
0.16
0.16
0.16
0.00
0.00
0.00
0.16
4.12
10.63
0.00
0.00
0.99
0.00
2.97
0.16
0.33
1.32
27.69
65.42
61.63
31.64
20.10
21.59
32.05
10.75
1.44
1.90
7.87
8.20
3.42
0.00
0.00
10.34
0.41
0.41
0.54
0.82
0.66
0.16
4.12
1.44
1.15
3.42
0.37
0.12
0.04
0.00
0.00
0.00
0.00
0.00
0.00
0.00
0.00
0.00
0.00
0.16
0.29
0.25
0.12
0.16
0.66
0.82
2.14
2.88
1.65
1.15
1.15
0.29
0.49
0.54
5.93
0.00
3.46
0.00
0.62
1.32
2.80
0.00
0.16
0.08
0.33
8.16
1.57
1.61
4.37
0.00
0.00
0.00
0.00
0.00
0.00
0.00
0.00
0.00
0.00
0.00
0.02
0.00
0.00
2.64
9.06
1.57
4.12
1.15
1.57
0.00
0.00
0.00
0.00
0.00
0.00
0.00
2.88
2.55
0.00
0.00
0.00
0.00
2.47
0.00
0.00
0.00
0.00
0.00
1.22
0.06
0.00
0.00
0.00
0.00
0.00
0.00
0.00
0.00
0.00
8.49
0.08
0.00
0.00
0.00
0.00
0.00
0.00
2.14
0.00
0.00
0.00
0.00
0.00
0.00
0.00
0.00
0.00
0.00
0.00
0.00
1.32
0.00
0.00
0.00
0.00
0.00
0.00
0.00
0.00
0.00
0.00
0.00
0.00
0.00
0.00
0.00
0.00
0.00
0.00
0.00
0.00
0.00
0.00
0.00
0.00
0.00
0.00
0.00
0.00
0.00
0.00
0.00
13.60
18.50
28.88
12.26
1.52
0.00
0.00
0.00
0.00
0.00
0.00
0.00
0.00
0.00
0.00
0.00
0.00
0.00
0.00
0.00
0.00
0.00
0.00
0.00
0.00
0.00
0.00
0.00
0.00
0.00
0.00
0.00
0.00
0.00
0.00
0.00
0.00
0.00
0.00
0.00
0.00
0.00
0.00
0.00
0.00
0.00
0.00
0.00
0.00
0.00
0.00
0.00
0.00
0.00
0.00
0.00
0.00
0.00
0.00
0.00
0.00
0.00
0.00
0.00
0.00
0.00
0.00
3.30
6.10
0.49
0.00
6.26
6.10
10.05
1.32
12.03
0.70
1.73
0.16
0.00
0.00
0.00
0.99
2.39
1.98
0.99
0.99
0.33
0.49
10.38
9.39
1.24
1.98
3.50
2.39
2.31
7.11
4.04
0.41
0.35
0.00
0.00
0.00
0.58
0.95
0.08
0.00
0.00
0.00
0.00
0.00
0.00
0.00
0.00
1.24
1.15
3.05
1.81
0.16
0.00
2.55
0.00
0.00
0.00
0.00
0.00
0.00
0.00
0.00
0.00
2.47
1.73
6.14
4.78
1.65
8.65
15.33
45.81
18.13
33.29
9.56
0.00
0.00
0.00
0.00
0.00
0.00
0.00
0.00
0.00
0.00
0.00
0.00
0.00
0.00
0.00
0.00
0.00
0.00
3.46
12.73
0.58
0.49
0.00
0.00
0.12
4.28
24.68
0.00
0.08
0.00
0.04
0.08
0.25
0.66
1.81
0.49
0.54
0.21
0.25
9.06
4.16
0.00
0.12
0.70
4.94
0.33
0.25
0.16
0.74
0.91
32.38
46.88
9.81
5.11
0.41
0.04
0.08
0.00
0.00
0.16
0.66
0.29
0.04
0.00
0.00
0.00
0.00
0.00
0.16
0.66
0.33
0.00
0.25
7.09
28.34
84.21
11.29
2.47
0.74
0.66
0.16
1.48
0.00
0.00
0.00
2.64
6.02
6.67
1.28
0.00
0.37
1.44
2.55
2.31
4.82
0.33
0.00
0.00
0.00
2.93
0.00
0.41
0.78
5.27
3.71
2.47
1.73
4.61
0.82
0.33
0.00
0.00
0.00
0.16
4.61
0.82
0.16
0.00
0.00
0.00
0.00
0.21
0.16
0.04
0.08
0.08
0.00
0.00
0.00
0.00
0.00
0.00
3.42
5.36
0.00
0.00
0.00
0.00
0.00
0.00
0.00
0.00
3.50
0.00
0.00
0.00
0.00
0.00
0.00
0.00
0.00
2.14
4.04
0.00
1.48
0.00
3.17
0.41
0.00
0.00
3.25
2.47
0.00
0.00
0.00
0.00
0.00
0.00
0.00
0.00
0.00
0.00
0.78
0.16
0.00
0.00
0.00
0.00
0.00
0.00
0.00
0.00
0.00
0.00
0.00
0.00
0.00
0.00
0.00
0.00
0.00
0.00
0.00
0.00
0.04
0.00
0.00
0.00
0.00
0.00
0.00
0.00
0.00
0.00
0.00
0.00
0.00
0.00
0.00
0.00
0.00
0.16
0.16
0.00
0.00
0.00
0.00
0.00
0.00
0.00
0.00
0.00
0.00
0.00
0.00
0.00
0.00
0.00
0.00
0.00
0.00
0.49
0.00
0.00
0.00
0.00
0.00
0.00
0.00
0.00
0.00
0.00
0.00
0.00
0.00
0.00
0.00
0.00
0.00
0.00
0.00
0.00
0.00
0.00
0.00
0.00
0.00
0.00
0.00
0.00
0.00
0.00
0.00
0.00
0.00
0.00
0.00
0.00
5.60
1.32
1.81
0.99
0.00
0.00
0.00
0.00
0.00
0.00
0.00
0.00
0.00
0.00
0.00
0.00
0.00
0.00
0.00
0.00
0.00
0.00
0.00
0.00
0.00
0.00
3.13
5.77
0.00
0.00
0.00
0.00
0.00
0.00
0.21
0.00
0.00
0.00
0.00
0.00
0.00
0.00
0.00
0.00
0.00
0.04
2.64
0.49
0.00
0.00
0.00
0.00
0.00
0.00
0.00
0.00
0.00
0.00
0.00
0.00
0.00
0.16
0.00
0.00
0.00
0.00
0.00
0.00
0.00
8.24
7.42
32.96
39.96
25.46
1.90
1.38
0.16
6.14
11.70
23.61
23.73
9.93
1.98
3.87
0.00
0.00
0.00
0.00
0.00
0.00
0.00
0.82
1.57
1.32
0.00
0.00
0.00
0.49
0.00
0.00
0.00
0.00
0.00
0.00
0.00
0.00
2.06
2.39
0.00
0.00
1.98
0.00
0.00
0.00
0.00
1.81
7.75
1.81
0.25
0.08
0.00
0.00
0.00
0.08
0.21
1.40
1.11
2.27
25.05
10.63
8.73
24.88
7.33
0.74
0.00
0.08
0.08
0.00
0.08
0.16
0.00
0.00
0.00
0.00
0.04
0.04
0.16
0.25
0.58
0.49
0.33
0.00
0.16
0.91
0.37
0.54
0.25
0.08
0.08
0.49
0.58
0.82
7.62
3.79
3.63
3.30
6.59
10.88
11.70
9.06
6.18
3.87
24.64
70.86
33.29
1.22
0.41
0.00
0.04
0.58
0.91
0.91
0.66
0.66
0.29
0.04
0.00
2.80
8.65
0.99
2.43
2.02
2.84
10.67
2.51
2.64
0.82
0.49
0.33
0.08
0.16
0.16
0.21
0.99
1.65
2.80
6.02
4.78
3.46
1.07
5.27
10.71
24.97
23.36
5.19
0.99
0.33
0.25
0.25
0.41
0.49
4.53
5.60
1.15
4.20
0.00
0.00
6.34
0.00
0.00
0.00
0.00
0.00
0.00
0.00
0.00
2.43
0.12
3.30
0.00
2.25
0.00
1.81
0.29
0.66
4.28
0.00
0.00
0.00
0.12
0.00
0.00
0.00
0.00
0.00
0.00
0.00
0.00
0.00
0.00
0.00
0.00
0.00
0.00
0.00
1.48
2.43
0.45
0.00
0.00
0.00
0.49
6.43
15.66
9.89
9.48
0.00
0.00
0.00
0.00
0.00
0.00
0.00
0.00
0.00
0.00
0.00
0.00
0.00
0.00
0.00
0.00
0.00
0.00
0.00
0.00
0.00
0.00
0.00
0.00
0.00
0.00
0.00
0.00
0.00
0.00
0.00
0.00
0.00
0.00
0.00
0.00
0.00
0.00
0.00
0.00
0.00
0.00
0.00
0.00
0.00
0.00
0.00
0.00
0.00
0.00
0.00
0.00
0.00
0.00
0.00
0.00
0.00
0.00
0.00
0.00
0.00
0.00
0.00
0.00
0.00
0.00
0.00
0.00
0.00
0.00
0.00
0.00
0.00
0.00
0.00
0.00
0.00
0.00
0.00
0.00
0.00
0.00
0.00
0.00
0.00
0.00
0.00
0.00
0.00
0.00
0.00
0.00
0.00
0.00
0.00
0.00
0.00
0.00
0.00
0.00
0.00
0.00
0.00
0.00
0.00
0.00
0.00
0.00
0.00
0.00
0.00
0.00
0.00
0.00
0.00
0.00
0.00
0.00
0.04
0.00
0.00
0.00
0.00
0.00
0.00
0.00
0.00
0.00
0.00
0.00
0.00
0.70
0.00
2.06
21.26
10.03
0.00
0.00
0.00
0.00
0.00
0.00
0.00
0.00
0.16
10.96
19.86
8.94
0.00
0.33
0.00
0.00
0.00
0.00
0.00
0.00
7.58
0.16
0.16
0.00
0.00
0.00
0.00
0.00
0.00
0.82
2.47
8.40
3.46
1.15
0.33
0.33
0.00
0.33
0.00
0.00
1.48
0.66
0.00
0.00
0.00
0.00
0.00
3.54
2.12
0.00
0.00
5.60
0.00
0.00
0.00
0.00
0.00
0.00
0.00
0.00
0.00
0.00
0.00
0.00
0.00
0.00
0.00
0.33
0.00
0.16
4.86
33.29
41.20
12.24
0.82
15.45
1.01
1.22
10.59
0.99
0.45
0.08
0.00
0.00
0.16
0.16
0.16
2.47
2.31
0.49
0.49
0.99
1.48
1.73
0.54
0.16
0.33
0.16
0.00
0.00
0.08
0.41
0.25
0.49
2.18
2.35
2.35
1.57
0.58
1.07
3.63
3.46
5.77
1.07
0.16
0.25
0.16
0.16
0.00
0.00
0.00
0.04
0.16
0.41
0.16
1.19
5.27
3.54
8.90
2.55
4.94
11.12
26.53
42.19
38.89
26.86
25.71
15.49
21.09
14.17
0.66
0.00
0.00
0.00
0.00
4.45
0.49
0.04
0.00
0.12
0.16
2.84
3.09
3.50
7.91
2.06
0.78
0.54
0.04
0.00
0.00
0.16
0.00
0.00
0.00
5.52
0.00
0.54
0.78
0.21
0.08
1.32
0.00
0.00
6.22
0.00
0.00
0.00
0.00
0.04
0.00
0.08
1.36
0.00
0.00
0.00
6.43
3.17
0.00
0.00
0.00
1.15
6.51
5.77
0.00
1.94
0.00
0.00
0.00
0.00
0.00
0.00
0.00
3.79
1.90
0.00
2.10
0.00
0.00
0.00
0.00
0.00
0.00
0.00
0.00
0.00
0.00
0.00
0.00
0.00
0.00
0.41
0.82
1.81
1.81
1.32
2.97
17.30
0.49
0.82
0.00
0.00
0.00
0.00
0.00
1.52
0.00
0.00
0.00
0.00
0.00
0.00
0.00
0.00
0.00
0.00
0.00
0.00
0.00
0.00
0.00
0.00
0.00
0.00
0.00
0.00
0.00
0.00
0.00
0.00
0.00
0.00
0.00
0.00
0.00
0.00
0.00
0.00
0.00
0.00
0.00
0.00
0.00
0.33
0.00
0.00
0.00
0.00
0.00
0.00
0.00
0.00
0.00
0.00
0.00
0.00
0.00
0.00
0.00
0.00
0.00
0.00
0.00
0.00
0.00
0.00
0.00
0.00
0.00
0.00
0.00
0.00
2.55
1.77
0.00
0.00
0.00
0.00
0.00
0.00
0.00
0.00
0.00
0.00
0.00
0.00
0.00
0.78
0.00
0.00
0.00
0.00
0.00
0.00
0.00
0.00
0.00
0.00
0.00
0.00
0.00
0.00
0.00
0.00
0.00
0.00
0.00
0.00
0.00
0.00
0.00
0.00
0.00
0.00
0.00
0.00
0.00
4.74
0.00
0.00
2.39
0.00
0.00
0.00
1.81
3.79
0.00
0.00
0.00
0.00
0.00
0.00
0.00
1.07
0.12
0.02
0.45
0.91
0.04
0.00
0.00
0.00
1.81
0.00
0.16
0.00
0.00
0.00
0.00
0.00
0.00
0.00
0.00
0.00
0.00
0.00
0.00
0.00
0.00
2.31
12.19
2.47
11.70
4.94
0.00
2.14
6.43
2.31
1.48
0.00
0.00
0.00
0.00
0.00
0.00
0.00
18.95
7.75
1.48
9.89
21.42
20.76
20.76
8.40
0.00
0.00
0.82
6.80
10.71
7.09
6.26
3.30
2.47
0.00
0.00
0.00
0.00
0.00
0.00
0.00
0.00
0.00
0.00
0.33
0.33
0.00
0.00
0.00
0.00
6.26
0.00
0.00
0.00
0.00
0.00
0.12
0.21
0.74
0.08
0.00
0.37
4.41
9.64
11.49
0.00
0.00
0.00
0.00
0.00
5.11
33.45
42.85
25.38
17.14
4.04
5.27
4.28
1.57
1.81
2.14
0.33
0.16
0.16
0.16
0.16
1.48
0.33
0.16
0.82
4.78
4.70
12.32
17.14
1.57
0.74
0.00
0.00
0.00
0.00
1.32
0.33
0.66
0.33
0.16
0.41
0.25
0.08
0.08
0.25
0.08
0.08
0.45
0.54
0.45
0.49
0.08
0.00
0.00
0.00
0.00
0.00
0.00
0.00
0.00
0.00
0.00
0.00
0.00
22.74
4.20
0.00
6.26
0.04
0.00
0.00
0.00
0.00
0.00
0.00
0.00
11.08
2.64
15.04
0.91
0.12
0.16
6.63
1.15
0.41
0.54
0.00
0.00
0.00
1.40
0.25
2.84
1.36
0.00
0.00
0.00
0.00
0.00
0.00
0.00
0.00
0.00
0.00
0.00
0.00
0.00
5.27
0.74
1.77
0.25
0.00
0.00
0.00
0.00
0.00
0.00
0.00
0.00
0.00
0.00
0.00
0.00
0.00
0.00
0.00
0.00
0.00
0.99
0.00
0.00
0.33
0.00
3.30
5.60
0.62
0.00
0.00
0.00
0.00
0.00
18.05
6.59
0.00
23.07
36.30
19.03
0.00
0.00
0.00
0.00
0.00
0.00
0.00
0.00
0.00
0.00
0.00
0.00
0.00
0.00
0.00
0.00
0.00
0.00
0.00
0.00
0.00
0.00
0.00
0.00
0.00
0.08
0.00
0.00
0.00
0.00
0.00
0.00
0.00
0.00
0.00
0.00
0.00
0.00
0.00
0.00
0.00
0.00
0.00
0.00
0.00
0.00
0.00
0.00
0.00
0.00
0.00
0.00
0.00
0.00
0.00
0.00
0.00
0.00
0.00
0.00
0.00
0.00
0.00
0.00
0.00
0.00
0.00
0.00
0.00
0.00
0.00
0.00
0.00
0.00
0.00
0.00
0.00
0.00
0.00
0.00
0.00
0.00
0.00
0.00
0.00
0.00
0.16
2.14
0.99
0.16
0.00
0.00
0.00
0.00
0.00
0.00
0.00
0.00
0.00
0.00
0.00
0.00
0.00
0.00
0.00
0.00
0.00
0.00
0.00
0.00
0.00
0.00
0.00
0.00
0.00
0.82
0.16
0.00
0.99
0.00
0.87
0.04
0.00
0.00
0.00
0.00
0.00
0.00
0.49
0.00
0.00
0.49
1.65
0.16
11.70
8.45
1.19
7.25
8.57
12.03
6.63
3.96
1.03
2.64
7.42
4.37
3.17
4.00
2.66
0.00
0.00
1.28
2.76
2.18
3.05
1.77
1.09
5.56
10.30
13.18
10.49
0.45
21.67
31.68
4.70
5.60
7.58
2.06
5.36
5.03
13.60
5.77
0.00
0.16
6.10
3.46
0.00
0.00
0.00
0.00
0.00
0.00
1.48
0.00
0.00
0.00
0.66
0.82
0.00
0.00
0.00
0.00
0.00
1.98
4.78
10.05
11.54
11.21
11.04
0.16
0.33
0.33
0.25
0.66
3.96
0.99
0.99
1.32
1.32
1.48
0.33
0.33
0.49
0.74
0.33
0.00
0.00
0.04
7.62
15.49
29.00
23.90
8.07
18.46
61.80
10.71
2.64
3.30
1.98
11.54
58.50
69.87
92.29
28.18
11.00
9.23
16.15
18.09
16.81
5.60
5.27
5.60
4.45
4.49
6.59
4.28
4.70
4.41
6.55
8.40
13.51
14.83
11.95
1.98
1.73
0.16
0.58
0.33
1.48
1.81
4.53
5.44
5.19
12.24
3.87
6.92
2.93
4.04
6.76
4.37
7.00
9.10
6.10
0.00
5.15
6.47
6.80
4.08
0.66
0.00
0.00
0.16
0.00
0.00
0.00
0.33
7.66
4.53
0.16
8.65
0.00
0.00
0.00
0.00
3.63
3.46
2.43
2.14
2.14
9.06
4.74
1.65
0.78
0.74
1.19
1.24
0.00
0.00
0.00
0.00
0.00
0.00
0.00
0.00
0.00
0.00
0.00
0.66
0.00
0.00
0.00
0.00
2.14
3.79
5.44
8.98
0.00
0.00
0.00
0.00
0.00
0.00
0.00
0.00
0.00
0.00
1.32
1.81
9.89
6.59
0.04
0.00
0.00
0.00
4.99
0.08
0.00
0.00
0.00
0.58
1.48
0.04
0.14
0.00
0.00
0.00
0.00
0.00
0.00
0.00
0.00
0.00
0.00
0.00
0.00
0.00
0.00
0.00
0.00
0.00
0.00
0.00
0.00
0.00
0.16
24.14
1.15
0.00
0.00
0.00
0.00
0.00
0.00
0.00
0.00
0.00
0.00
0.00
0.00
0.00
0.00
0.00
0.00
0.00
0.00
0.00
0.00
0.00
0.00
0.00
0.12
0.66
0.00
0.00
0.00
0.00
0.00
0.00
0.00
0.00
0.00
0.00
0.00
0.00
0.00
0.00
0.00
0.00
0.00
0.00
0.00
0.00
0.00
0.00
0.00
0.00
0.00
0.00
0.00
0.00
0.00
0.00
0.00
0.00
0.00
0.04
1.32
0.00
0.00
0.00
0.00
0.00
0.00
0.00
0.00
0.00
0.00
0.00
0.00
0.00
0.00
0.00
0.00
0.00
0.00
0.00
0.00
0.00
0.00
0.00
0.00
0.00
0.00
0.00
0.00
0.00
0.58
0.00
0.00
10.79
1.24
3.38
7.25
2.31
20.10
1.48
0.00
0.00
0.00
0.00
4.61
0.00
0.00
0.00
0.12
0.62
2.51
0.12
0.00
0.00
0.00
0.00
0.00
0.00
0.00
0.00
0.33
0.33
0.00
0.00
0.00
0.00
0.00
3.13
1.48
1.65
0.99
1.65
13.84
0.99
2.47
15.49
7.09
1.81
0.66
0.25
0.08
1.15
0.33
0.33
0.00
1.65
3.63
6.51
1.65
0.00
0.00
0.00
0.00
0.00
0.49
28.51
73.17
13.18
0.00
0.00
0.00
0.00
1.32
2.47
2.64
9.39
13.68
9.39
5.27
3.46
1.98
14.17
15.49
0.00
0.00
0.00
3.30
0.66
9.39
0.33
1.90
5.69
12.03
2.72
0.00
0.00
0.00
0.00
0.00
0.00
3.13
0.00
0.16
0.33
7.62
28.02
50.18
44.49
48.74
15.49
6.10
6.76
6.92
5.77
0.33
1.98
0.66
0.25
1.90
0.00
0.00
0.78
1.32
0.66
0.33
1.32
1.48
4.61
25.38
24.72
10.55
1.48
1.98
1.32
11.04
3.13
4.45
26.53
63.78
41.69
19.40
47.25
73.17
56.28
44.45
43.92
29.62
7.75
8.73
6.10
2.31
2.97
0.82
1.48
13.51
16.97
5.11
4.61
2.80
2.47
2.47
1.61
0.62
0.16
0.00
0.00
0.00
0.00
0.08
0.37
0.33
0.16
0.49
0.82
0.33
0.33
0.49
0.16
0.00
0.00
0.00
0.00
0.00
0.00
0.00
0.00
0.99
0.16
0.00
0.00
0.00
0.00
0.00
0.00
3.67
0.00
0.00
0.00
0.00
0.37
0.33
0.08
0.00
0.00
0.00
0.00
0.00
0.00
0.00
0.00
0.00
0.00
0.16
0.82
2.97
3.63
1.15
0.33
3.96
3.46
5.27
3.30
1.15
0.16
0.33
0.33
0.00
0.00
0.00
0.00
0.00
0.00
0.00
0.00
0.00
0.00
0.00
0.00
0.00
0.00
0.00
0.00
0.00
0.00
0.74
0.16
0.00
0.00
0.00
0.00
0.00
0.00
0.00
0.00
0.00
0.00
0.00
0.00
0.00
0.00
0.00
0.00
0.00
0.00
0.00
0.00
0.00
0.00
0.00
0.00
0.00
0.16
0.33
0.00
0.00
0.00
0.00
0.00
0.00
0.00
0.00
0.00
0.00
0.00
0.00
0.00
0.00
0.00
3.30
0.00
0.00
0.00
0.00
0.00
0.00
0.00
0.00
0.00
0.00
0.00
0.00
0.00
0.00
0.00
0.00
0.00
0.00
0.00
0.00
0.00
0.00
0.00
0.00
0.00
0.00
0.00
0.00
0.00
0.00
0.00
0.00
0.00
0.00
0.00
0.00
0.00
0.00
0.00
0.00
0.00
0.45
0.21
0.00
0.00
0.00
0.00
0.00
0.00
0.00
0.00
0.00
0.00
0.00
0.00
0.74
2.97
4.61
1.65
1.48
0.04
0.00
0.00
0.99
0.41
4.61
0.00
0.00
0.00
0.00
0.00
0.00
0.00
0.00
2.18
0.99
0.00
0.00
2.55
0.33
0.00
0.00
0.00
0.00
0.00
0.49
0.33
4.12
0.00
0.00
0.66
0.00
0.00
0.00
3.30
6.26
7.09
0.00
0.00
8.24
21.75
3.46
1.15
2.14
2.31
2.14
0.16
0.00
0.00
0.16
0.49
1.48
2.14
1.48
1.07
2.27
2.47
2.43
2.43
19.78
5.93
8.73
6.26
15.82
13.10
5.11
5.60
1.65
5.93
13.84
5.11
0.66
0.00
0.00
0.00
0.00
0.00
0.49
1.98
0.99
2.47
2.31
0.66
1.65
4.45
27.69
38.23
8.07
20.76
10.55
9.39
2.97
16.97
7.42
0.33
7.91
15.16
7.00
3.71
0.00
0.00
0.66
0.00
0.82
0.00
0.00
0.00
0.00
0.00
1.07
1.81
8.90
10.05
31.31
29.66
24.88
18.95
23.98
37.82
26.78
2.31
28.39
23.24
17.47
7.58
0.82
0.16
0.00
0.00
0.00
0.00
0.00
1.90
0.16
0.82
0.82
0.25
0.25
0.08
0.00
0.62
3.05
0.00
0.00
0.00
0.00
0.00
0.00
0.00
0.00
0.00
0.00
0.00
0.33
0.49
0.16
0.00
0.00
0.00
0.25
0.16
0.00
0.00
0.00
0.00
0.00
0.00
0.00
0.00
0.16
0.08
20.93
6.10
7.09
3.79
0.00
0.00
0.00
0.00
1.81
1.69
6.14
6.51
1.98
6.26
19.12
60.23
112.55
37.74
17.80
2.64
0.82
4.28
0.16
0.00
0.00
1.32
0.00
0.00
2.55
1.40
0.08
0.08
0.21
0.45
0.29
0.08
0.00
5.44
7.54
0.00
0.04
0.08
0.16
4.94
0.16
0.00
0.00
0.00
0.00
0.00
4.94
8.16
0.00
0.00
0.00
0.00
0.00
0.00
0.00
0.00
0.00
3.25
0.33
1.40
0.78
0.78
0.25
0.37
1.57
0.33
0.00
0.00
0.00
0.00
0.00
0.00
0.00
0.00
0.00
0.00
0.00
0.00
0.00
0.00
0.00
0.00
0.00
0.00
0.00
0.00
0.00
0.00
0.00
0.00
0.00
0.00
0.00
5.64
65.26
65.26
46.14
51.33
15.04
0.37
0.00
0.00
0.02
0.00
0.00
0.00
0.00
0.00
0.00
0.00
0.00
0.00
0.00
0.00
0.00
0.00
0.00
0.00
0.00
0.00
0.00
0.00
0.00
0.00
0.00
0.00
0.00
0.00
0.00
0.00
0.00
0.00
0.00
0.00
0.00
0.00
0.00
0.00
0.00
0.00
0.00
0.00
0.00
0.00
0.00
0.00
0.00
0.00
0.00
0.00
0.00
0.00
0.00
0.00
0.00
0.00
0.00
0.00
0.00
0.00
0.00
0.00
0.00
0.00
0.00
0.00
0.00
0.00
0.00
0.00
0.00
0.00
0.00
0.00
0.00
0.00
0.00
0.00
0.00
0.00
0.00
0.00
0.00
0.00
0.00
0.00
0.00
0.00
0.00
3.13
0.74
0.16
0.00
0.00
0.00
0.00
1.81
0.08
0.00
0.00
0.00
2.14
2.64
4.53
0.00
4.84
1.44
0.00
0.00
0.00
0.00
0.00
0.00
0.00
0.00
0.00
0.00
0.00
0.00
0.08
0.00
0.95
5.56
20.56
21.09
0.00
0.00
0.00
0.00
0.00
12.69
7.79
6.57
0.00
0.00
0.00
0.00
0.00
0.00
0.00
0.33
0.00
5.27
8.24
0.00
0.00
0.00
0.00
0.00
0.00
0.00
0.00
0.00
0.00
0.54
1.24
1.24
1.48
0.99
1.32
0.00
2.80
0.16
0.00
0.00
0.00
0.00
0.82
5.77
0.00
0.91
0.99
7.99
0.00
1.65
0.00
0.00
0.00
18.13
56.81
15.57
7.99
8.07
1.81
11.70
0.00
1.65
1.32
0.00
0.00
0.00
0.00
1.48
7.25
2.47
2.31
0.33
0.16
0.33
0.00
0.00
0.25
0.82
0.00
0.00
0.00
0.00
4.37
0.00
0.00
0.00
0.00
0.00
0.08
0.41
0.12
0.08
0.21
0.16
0.00
3.54
14.54
0.45
6.22
0.16
0.21
0.00
0.00
0.33
0.00
0.00
0.00
0.00
0.16
0.33
0.82
0.49
0.00
0.00
0.00
0.00
3.63
0.00
0.00
0.00
0.16
1.32
0.49
0.16
0.00
9.56
1.03
0.58
0.16
0.08
0.00
7.79
4.61
0.08
0.00
0.00
0.16
0.33
1.90
8.90
3.34
3.91
4.16
4.04
0.21
0.04
0.16
0.12
0.04
0.04
0.41
0.82
0.74
1.65
3.54
2.72
1.57
1.44
4.04
27.07
32.51
15.49
38.69
14.58
6.34
6.76
3.79
2.97
0.00
0.00
0.00
0.00
0.08
0.04
0.00
0.00
5.93
0.00
0.00
0.00
0.00
0.00
0.00
0.00
5.69
2.72
16.44
11.54
2.02
0.45
0.00
0.00
0.00
0.00
0.00
0.99
12.19
1.48
0.00
0.00
0.00
0.00
0.00
12.77
12.69
0.49
0.25
0.00
0.00
0.00
0.00
0.00
0.00
0.16
1.73
0.29
0.04
0.00
0.00
0.00
0.33
0.00
0.00
0.00
0.00
0.00
0.74
0.21
1.15
0.00
0.00
0.00
0.00
0.00
0.00
0.00
0.00
0.00
0.00
0.00
0.00
0.00
0.00
0.00
0.00
0.00
0.00
0.00
0.00
0.00
17.80
28.26
2.06
4.78
0.33
0.00
0.00
0.00
0.00
0.00
0.00
0.00
0.00
0.00
0.00
0.00
0.00
0.00
0.00
0.00
0.00
0.16
1.98
2.80
7.00
0.00
0.00
0.00
0.00
0.00
0.00
0.00
0.00
0.00
0.00
0.00
0.00
8.98
1.98
0.00
0.00
0.00
0.00
0.00
0.00
0.00
0.00
0.00
0.00
0.00
0.00
0.00
0.00
15.41
0.23
0.00
0.00
0.00
0.00
0.00
0.00
0.00
0.00
0.00
0.00
0.00
0.00
0.00
0.00
0.00
0.00
0.00
0.00
11.37
48.57
0.00
0.00
0.00
0.00
0.00
0.00
0.00
0.00
0.00
0.00
0.00
0.00
0.00
0.00
0.00
0.00
0.49
1.32
0.00
0.00
0.00
0.00
0.00
2.64
0.00
0.00
0.00
0.00
0.00
0.00
0.00
0.00
0.00
0.00
0.00
0.00
0.00
0.00
0.00
0.00
0.00
0.00
0.00
19.53
1.57
0.25
0.00
0.00
0.66
0.25
0.00
1.48
0.00
0.00
0.00
0.00
0.00
0.00
0.00
0.00
0.00
0.00
0.00
0.00
2.72
3.21
1.98
0.82
0.00
0.00
0.00
0.00
0.66
15.66
6.92
17.96
23.07
5.11
6.43
3.96
0.00
0.00
0.00
0.00
0.00
0.00
0.00
0.00
3.79
2.80
4.45
0.00
1.40
0.45
0.00
0.00
2.55
1.57
0.00
0.00
0.00
0.00
0.00
0.00
0.00
0.00
0.00
0.21
2.64
0.99
1.65
3.13
0.00
7.09
3.34
4.61
6.43
0.21
0.00
0.00
0.00
0.00
3.50
0.21
0.04
0.04
2.35
1.90
9.10
8.98
17.26
33.99
84.05
43.63
26.57
12.65
1.57
0.00
2.80
1.48
0.16
1.65
0.16
0.25
1.44
0.49
0.74
1.48
16.40
66.99
46.22
47.30
44.25
13.51
0.82
0.00
0.00
0.16
0.66
7.91
6.10
10.05
46.60
51.62
53.56
50.51
46.31
90.80
66.08
53.89
50.51
36.50
44.04
33.41
11.45
15.57
5.89
0.58
0.08
0.00
0.00
0.00
1.24
0.08
0.82
0.66
0.04
0.25
1.15
0.33
0.04
1.32
4.28
0.87
0.41
0.04
0.00
0.33
0.41
1.65
0.82
1.48
17.88
54.18
40.70
12.40
3.96
4.61
0.00
0.00
0.00
0.00
2.80
1.48
6.59
0.16
1.07
4.08
0.00
0.12
0.95
0.08
0.04
0.00
0.00
0.00
2.72
0.00
0.00
0.00
0.00
0.00
0.00
0.00
5.11
0.00
1.57
0.00
0.00
3.79
0.00
0.00
0.00
0.00
0.00
0.00
0.66
0.00
0.00
0.00
0.00
0.00
0.00
0.00
0.00
0.00
0.00
0.00
0.00
0.00
0.00
0.66
0.00
0.00
0.00
0.00
0.00
0.00
0.00
0.00
7.33
8.24
1.73
0.00
0.00
0.00
0.00
0.00
0.00
0.00
0.00
0.00
0.00
0.00
0.00
0.00
0.00
0.00
0.00
0.00
0.00
0.00
0.00
0.00
0.00
0.00
0.00
0.00
0.00
0.00
3.30
13.68
8.73
1.57
0.00
0.00
0.00
0.00
0.00
0.00
0.00
0.00
0.00
0.00
0.00
0.00
0.00
0.00
0.00
0.00
0.00
0.00
0.00
0.00
0.00
0.00
0.00
0.00
0.00
0.00
0.00
0.00
0.00
0.00
0.00
0.00
0.00
0.00
0.00
0.00
0.00
0.08
0.00
0.33
0.00
0.00
0.00
0.00
0.00
0.00
0.00
0.00
0.00
0.00
0.00
0.00
0.00
0.00
0.00
0.00
0.00
0.00
0.00
0.00
0.00
0.00
0.00
0.00
0.00
0.00
0.00
0.00
0.00
0.00
0.00
0.00
0.00
0.00
0.00
0.00
0.00
0.00
0.00
0.00
0.00
0.00
0.00
0.00
0.00
0.00
0.00
0.00
0.00
0.00
0.00
0.00
0.00
1.46
4.70
2.20
0.08
0.00
0.00
2.14
7.91
2.97
9.56
1.81
14.83
38.97
7.95
0.49
0.00
0.00
4.08
0.00
0.00
0.00
0.00
0.00
0.00
0.00
0.00
0.00
3.96
11.33
0.16
0.04
0.00
0.12
0.00
0.00
0.00
0.25
0.00
0.00
0.00
0.00
0.00
0.49
1.81
1.48
0.99
3.21
3.63
1.32
0.66
0.58
4.61
1.48
0.00
2.06
1.32
2.31
5.11
0.00
0.00
1.48
4.94
2.14
0.41
0.00
0.00
0.00
0.00
0.00
2.14
0.00
0.00
0.82
1.81
7.42
2.31
0.16
4.78
0.82
2.64
0.33
3.96
1.65
0.00
0.00
0.00
0.00
0.00
0.00
0.00
0.00
0.00
0.00
0.00
0.00
0.00
0.00
0.00
0.00
0.00
0.00
0.08
0.33
3.17
12.52
8.73
40.00
59.86
64.27
8.90
0.33
0.00
0.00
0.00
0.00
0.08
0.00
0.00
0.04
0.45
0.00
0.00
0.00
0.00
0.00
0.00
0.00
0.00
1.15
1.32
1.07
0.91
0.00
0.08
0.41
0.99
0.66
0.66
0.16
0.08
0.00
0.00
0.00
0.00
2.02
0.02
0.04
0.00
0.00
10.05
8.03
11.70
6.55
8.36
9.02
2.47
0.66
0.41
1.03
0.25
0.41
0.99
1.57
1.98
1.24
1.07
0.25
0.00
0.00
0.00
0.00
0.16
0.00
0.33
0.66
0.33
0.49
0.16
0.16
0.00
0.74
1.24
0.99
0.74
0.41
0.08
0.04
0.00
0.00
7.25
2.14
1.81
5.36
0.00
0.00
0.00
3.25
2.39
0.04
0.00
0.00
0.00
0.00
0.00
0.00
0.00
0.00
0.00
0.00
0.00
0.00
0.00
0.08
4.78
5.19
2.88
14.09
2.72
0.16
0.00
0.00
0.00
0.00
0.00
0.00
0.54
0.00
0.21
4.45
1.32
0.00
0.00
0.00
0.00
0.00
0.00
2.64
21.51
6.65
0.08
0.00
0.00
0.00
0.00
0.00
0.00
0.00
0.00
0.00
0.00
0.00
0.00
0.00
0.00
0.00
0.00
0.00
0.00
0.00
0.00
0.25
0.99
0.00
0.16
0.00
0.00
0.00
0.00
0.00
0.49
0.00
0.00
0.00
0.08
0.99
0.00
0.00
0.00
0.00
0.00
0.00
0.00
0.00
0.00
0.00
0.00
0.00
0.00
0.00
0.00
0.00
0.00
0.00
0.00
0.00
0.00
0.00
0.00
0.00
0.00
0.00
0.00
0.00
0.00
0.00
0.00
0.00
18.29
34.77
0.00
0.00
0.00
0.00
0.00
0.00
0.00
0.00
0.00
0.00
0.00
0.00
0.00
0.00
0.00
0.00
0.00
0.00
0.00
0.00
0.00
0.00
0.00
0.00
0.00
0.00
0.00
0.00
0.00
0.00
0.00
0.00
0.00
0.00
0.00
0.00
0.00
0.00
0.00
0.00
0.00
0.00
0.00
0.00
0.00
0.00
0.00
0.00
0.00
0.00
0.00
0.00
0.00
0.00
0.00
0.00
0.00
0.00
0.00
0.00
0.00
0.00
0.00
0.00
0.00
0.00
0.00
0.33
0.00
0.25
2.64
21.09
56.52
20.35
1.48
32.88
23.85
17.80
4.28
12.44
4.94
0.33
0.33
43.84
28.10
7.83
15.82
30.73
10.09
0.00
0.00
0.00
0.00
2.22
0.00
0.41
0.00
7.91
5.11
1.15
4.12
0.00
0.00
0.00
0.00
0.00
0.00
1.44
28.59
26.04
38.48
4.12
3.63
15.82
3.46
8.40
14.25
1.48
12.85
14.50
16.48
17.96
9.81
0.54
0.00
0.00
0.00
0.00
1.52
0.66
0.08
12.69
0.33
8.07
10.38
0.16
0.00
0.00
0.00
1.65
1.98
3.79
0.41
0.33
16.64
32.46
17.96
32.30
18.21
22.08
40.54
3.63
0.16
0.00
0.00
0.00
0.00
0.00
0.00
0.00
2.64
0.08
0.00
0.00
10.05
0.82
0.00
1.81
1.07
2.72
1.15
0.66
0.54
0.45
0.82
0.16
0.04
0.00
16.03
5.93
17.18
3.30
2.84
1.90
0.45
0.29
0.21
0.00
0.37
1.36
2.51
3.75
2.14
3.25
2.64
2.02
1.48
2.06
1.81
2.39
2.88
7.29
17.39
4.04
2.14
13.43
8.20
3.38
3.42
0.00
0.04
0.00
0.08
0.21
0.66
0.82
0.41
0.16
0.29
0.58
0.62
0.54
0.16
3.13
0.21
0.00
0.25
0.21
0.16
0.00
12.98
8.65
0.45
0.29
0.74
0.00
0.04
0.00
0.00
0.04
0.08
0.00
0.00
0.00
0.00
0.16
0.16
0.25
0.49
0.74
0.82
0.33
0.00
0.00
4.28
3.87
3.58
0.00
9.19
29.25
0.04
0.04
0.04
0.08
0.00
0.00
0.00
0.00
0.00
0.00
0.00
0.00
0.00
0.00
0.00
0.00
0.00
0.00
0.00
0.91
1.15
2.39
0.00
0.00
0.00
0.00
3.71
2.97
0.66
0.00
0.00
0.00
0.00
0.00
0.00
0.00
0.00
0.49
0.00
0.00
0.00
0.00
0.00
1.32
0.00
2.14
2.31
0.00
0.00
0.00
0.00
0.00
0.00
0.00
0.00
0.00
0.00
0.00
0.00
0.00
0.00
0.00
0.00
0.00
0.00
10.13
10.88
1.11
0.00
0.00
0.00
0.00
0.00
0.00
0.00
0.00
0.00
0.00
0.00
0.00
0.00
0.00
0.00
0.00
0.00
0.00
0.00
0.00
0.00
0.00
0.00
0.00
0.00
0.00
0.00
0.00
0.00
0.00
0.00
0.00
0.00
0.00
12.19
31.31
0.00
0.00
0.00
20.02
0.00
0.00
0.00
0.00
0.00
0.00
0.00
0.00
0.00
0.00
0.00
0.00
0.00
0.00
0.00
0.00
0.00
0.00
0.00
0.00
0.00
0.00
0.00
0.00
2.64
0.00
0.00
3.30
2.97
0.16
0.00
0.00
0.00
0.00
0.00
0.00
0.00
0.00
0.00
0.00
0.00
0.00
2.47
0.82
1.24
0.74
0.00
0.00
0.00
0.00
0.00
0.00
0.00
0.00
0.00
0.00
0.00
0.08
0.16
1.24
2.47
0.16
0.00
0.00
0.00
0.04
0.00
0.00
0.00
0.25
0.00
0.00
0.99
0.00
0.99
2.64
2.55
0.04
0.00
0.49
0.00
0.00
2.31
0.00
0.00
0.00
0.00
0.16
0.25
6.18
30.49
56.52
3.79
0.91
0.49
1.73
42.02
74.82
5.27
3.09
13.62
21.22
3.21
0.49
0.00
15.99
4.37
0.00
0.00
0.00
0.00
0.00
0.00
0.00
0.00
0.00
2.31
0.82
0.00
0.00
3.79
2.64
1.32
10.22
0.66
0.00
0.00
0.00
0.00
0.00
0.00
0.00
0.00
0.00
0.00
37.74
62.46
41.36
26.70
7.42
0.00
0.16
0.49
36.09
24.39
2.39
0.00
0.00
0.00
0.00
0.00
0.00
0.33
0.16
0.16
3.30
0.00
6.43
11.95
5.64
3.13
4.61
12.65
16.48
10.22
9.48
9.97
1.52
0.29
0.37
0.08
0.08
0.74
0.16
0.99
1.32
0.82
0.00
0.00
0.00
0.00
0.12
0.41
0.45
0.49
0.41
0.87
1.24
1.48
1.48
0.99
0.91
0.74
0.33
0.74
2.80
3.46
2.31
1.98
3.63
2.14
1.48
0.49
0.16
1.81
1.15
0.16
0.00
0.00
0.00
0.00
0.00
0.25
0.04
0.00
0.00
0.00
0.04
0.00
0.41
4.00
4.70
3.34
1.40
0.66
2.88
0.16
0.08
0.00
0.08
2.06
10.42
12.40
23.57
19.69
7.21
0.00
0.00
2.97
3.46
0.00
0.00
0.00
0.00
1.48
0.00
10.55
0.00
0.00
0.00
0.00
0.00
4.37
0.00
0.00
0.00
0.00
0.00
0.00
0.00
4.28
0.00
0.00
0.00
0.00
0.00
0.00
4.12
0.33
0.00
0.08
0.00
0.00
5.60
0.00
0.00
0.00
0.00
0.00
0.00
0.00
0.00
0.00
3.38
0.00
0.00
0.00
0.00
0.04
3.38
0.08
0.00
0.00
0.00
0.00
0.00
0.00
101.35
0.99
0.00
0.00
0.00
0.00
0.00
0.00
0.00
0.00
0.00
0.00
0.00
0.00
0.00
0.00
0.00
0.00
0.00
0.00
0.00
0.00
0.00
0.00
0.00
0.00
0.00
0.00
0.00
0.00
0.00
0.00
0.00
0.00
0.00
0.66
24.72
5.44
0.00
0.00
0.00
0.00
0.00
0.00
0.00
0.00
0.00
0.00
0.00
0.00
0.00
0.00
0.00
0.00
0.00
0.00
0.00
0.00
0.00
0.00
0.00
0.00
0.00
0.00
0.00
0.00
0.00
0.00
0.00
0.00
0.00
0.00
0.00
0.00
0.00
0.00
0.00
0.00
0.00
0.00
0.00
0.00
0.00
0.00
0.00
0.00
0.00
0.00
0.00
0.00
0.00
0.00
0.00
0.00
0.00
0.00
0.00
0.00
0.00
0.00
0.00
0.00
0.00
0.00
0.00
0.00
0.00
0.00
0.00
0.00
0.00
0.00
0.00
0.00
0.00
0.00
0.00
0.00
0.00
0.00
0.00
0.00
0.00
0.00
0.00
0.00
0.00
0.56
1.44
0.37
0.49
2.39
1.32
0.00
0.00
0.00
0.00
0.00
0.00
0.00
0.00
0.00
0.00
0.00
0.00
0.49
0.00
0.00
0.00
0.00
0.00
0.00
0.00
0.00
0.00
0.00
0.00
0.00
0.00
0.00
0.00
0.00
0.00
0.00
0.00
0.00
0.00
0.00
0.49
0.00
1.81
2.80
18.46
25.54
8.24
0.00
0.00
0.00
0.00
0.00
0.33
0.00
1.48
4.28
7.42
3.13
0.00
2.14
0.82
0.16
0.00
0.74
0.41
0.12
0.00
0.00
0.00
0.16
3.87
4.82
0.87
0.29
0.04
0.04
0.00
4.12
0.49
4.28
0.66
0.45
0.00
0.04
2.39
0.37
0.70
0.16
3.63
1.65
2.31
3.46
0.74
0.33
0.33
0.33
0.82
14.91
46.80
5.60
2.18
9.60
8.57
9.23
10.30
4.12
0.82
0.04
0.16
0.45
0.08
0.29
0.45
0.74
2.02
1.57
9.39
3.96
4.08
0.21
0.08
2.88
0.33
0.33
1.15
0.25
0.25
0.37
0.49
0.54
0.33
0.21
0.12
0.29
0.49
2.39
0.12
0.04
0.00
0.25
0.74
1.40
1.65
1.11
0.33
0.33
4.78
0.87
8.61
1.07
1.61
1.15
4.28
1.15
9.56
16.15
9.23
1.40
4.94
17.47
23.40
12.77
5.64
4.70
1.98
0.04
0.00
0.08
7.50
0.00
0.00
0.00
0.00
0.00
0.00
2.60
8.94
0.12
0.29
0.45
2.22
0.16
0.00
0.00
0.00
3.63
0.00
0.16
0.00
0.00
0.00
0.00
0.00
0.00
0.00
0.00
0.00
0.00
0.00
0.00
0.00
0.00
3.38
0.00
1.24
2.97
0.49
0.00
1.15
0.00
0.00
0.00
0.00
0.00
0.00
0.00
0.00
0.00
0.00
0.00
0.00
0.00
0.00
0.33
0.00
0.00
1.81
0.00
0.00
0.00
1.40
9.23
0.08
0.00
0.00
0.00
0.00
0.00
0.00
0.00
0.00
0.02
0.00
0.00
0.00
0.00
0.00
0.00
0.00
0.00
0.00
1.65
0.16
35.76
29.95
0.91
0.00
0.00
0.00
0.00
0.00
0.00
1.94
0.08
0.00
0.00
0.00
0.00
0.00
0.00
0.00
0.00
0.00
0.00
0.00
0.00
0.00
0.00
0.00
0.00
0.00
0.00
0.00
0.00
0.00
0.00
0.00
0.00
0.00
0.00
0.00
0.00
0.00
0.00
0.00
0.00
0.00
0.00
0.00
0.00
0.00
0.00
0.00
0.00
0.00
0.00
0.00
0.00
0.00
0.00
0.00
0.00
0.00
0.00
0.00
0.00
0.00
0.00
0.00
0.00
0.00
0.00
0.00
0.00
0.00
0.00
0.00
0.33
0.00
0.00
0.00
0.00
0.00
0.00
0.00
0.58
0.00
0.00
0.00
0.00
0.00
0.00
0.00
0.00
0.04
0.23
0.74
1.79
0.00
0.00
0.00
0.25
0.00
0.00
1.15
2.31
0.00
0.00
0.00
0.00
0.00
0.00
0.00
0.00
5.11
3.13
0.00
0.00
0.00
0.00
0.00
0.00
0.33
0.33
0.00
0.00
0.00
0.00
0.00
0.00
0.00
0.00
0.33
0.49
0.41
1.81
3.30
0.16
2.14
0.82
0.49
0.00
0.00
0.00
4.12
18.95
4.70
1.07
0.00
33.29
4.94
12.85
5.93
2.47
0.00
0.00
0.16
0.49
0.00
0.00
2.80
10.05
8.98
6.76
0.00
0.00
0.00
1.65
3.30
0.00
0.00
0.00
0.00
1.32
5.85
12.19
4.00
1.19
0.00
1.98
1.94
0.08
4.66
12.07
1.15
0.70
0.00
0.00
0.00
0.00
0.08
6.43
2.14
8.65
6.26
2.97
0.16
0.00
0.00
0.00
0.00
0.00
0.00
0.00
6.10
5.44
6.59
0.16
0.00
0.00
0.00
0.00
2.14
0.00
0.00
0.16
9.23
5.44
2.80
0.66
0.58
0.16
0.16
0.33
0.00
0.00
0.00
0.66
2.47
3.63
14.50
18.95
5.77
3.30
0.49
0.08
0.25
0.08
0.00
5.60
5.44
0.00
0.00
0.00
0.00
0.00
0.00
3.96
0.87
1.15
0.37
3.05
0.99
3.50
1.03
3.87
4.61
0.33
0.58
0.91
0.82
0.58
0.33
0.08
0.00
0.00
0.00
0.00
0.00
0.00
0.00
0.00
0.00
0.00
0.00
0.00
0.00
0.00
0.00
0.00
6.55
0.08
0.33
1.32
8.65
8.82
2.55
2.14
1.90
3.63
4.94
0.16
0.00
0.00
3.96
0.00
0.00
0.00
0.00
0.00
4.61
0.00
0.00
0.00
0.00
0.00
0.00
0.00
0.00
0.00
0.00
2.22
7.58
2.72
4.12
0.00
0.00
0.00
0.00
0.00
5.77
2.88
0.00
0.00
0.00
0.00
0.00
0.08
0.00
0.00
0.00
0.00
0.00
0.00
0.33
1.73
1.73
0.00
1.81
27.27
0.16
0.00
0.00
0.00
0.00
0.00
0.00
2.43
0.04
1.19
0.08
0.00
0.00
0.00
0.00
0.00
7.25
10.38
0.16
0.00
0.00
0.00
0.00
0.00
0.00
0.00
0.00
0.00
0.00
0.00
0.00
0.00
0.00
0.00
0.00
0.00
0.00
0.00
0.00
0.00
0.00
0.00
0.00
0.00
0.00
0.00
0.00
0.00
0.00
0.00
0.00
0.00
0.00
0.00
0.00
1.65
1.15
0.00
0.00
0.00
0.00
0.00
0.00
0.00
0.00
0.00
0.00
0.00
0.00
0.00
0.00
0.00
0.00
0.00
0.00
0.00
0.00
0.00
0.00
0.00
0.00
0.00
0.00
0.00
0.00
0.00
0.00
0.00
0.00
2.31
0.00
0.00
0.00
0.00
0.00
0.00
0.00
0.00
0.00
0.00
0.00
0.00
0.00
0.00
0.00
0.00
0.00
0.00
0.00
0.00
0.00
0.00
0.00
0.00
0.00
0.00
0.00
0.00
0.00
0.00
0.00
0.00
0.00
0.00
0.00
0.00
0.00
0.00
0.00
0.00
0.00
0.00
0.00
0.00
0.00
0.00
0.00
0.00
0.00
0.00
0.00
0.00
0.00
0.00
0.16
0.33
0.99
0.00
1.81
6.51
10.55
0.00
0.08
0.00
0.49
0.16
0.00
0.00
0.00
9.64
4.12
6.80
0.49
5.81
5.31
6.26
2.14
1.65
2.97
3.13
6.92
18.79
14.34
0.33
0.33
0.49
0.00
3.87
34.61
10.38
17.34
11.54
3.38
1.57
3.71
2.64
6.26
2.80
5.11
2.88
0.00
0.00
0.00
0.00
0.00
0.00
0.00
7.75
2.64
0.00
0.00
0.00
0.00
0.00
0.00
0.00
0.00
0.00
0.00
0.00
0.00
0.00
0.00
0.00
0.00
0.00
0.00
0.00
0.00
0.00
25.21
46.64
11.54
6.26
23.73
32.30
18.13
0.08
0.08
20.43
151.61
21.92
4.61
5.91
0.41
0.00
0.00
0.37
1.98
3.05
0.08
0.16
0.82
1.15
0.16
0.66
0.91
0.82
0.33
0.33
0.41
0.82
0.74
0.66
1.81
0.25
3.46
6.76
5.07
0.95
6.10
0.33
0.00
0.16
0.82
3.96
3.30
4.45
6.34
3.54
12.36
20.93
33.54
4.45
0.00
0.00
4.49
0.04
0.70
1.85
2.27
5.52
3.13
5.27
2.88
2.14
0.99
0.16
0.33
0.00
0.41
0.33
1.98
2.80
3.21
16.89
32.05
50.59
44.25
86.89
119.39
109.59
55.37
45.85
34.11
39.67
18.13
14.50
5.93
1.65
0.49
0.25
0.08
0.00
0.00
4.94
0.00
0.00
0.04
0.00
0.00
0.00
0.00
0.00
0.00
0.08
0.16
0.00
0.00
0.16
3.79
0.66
0.25
0.00
0.00
0.00
0.00
0.00
0.00
0.00
0.00
0.00
2.31
2.64
8.73
13.18
0.00
0.00
0.00
0.08
0.00
0.00
0.00
0.00
0.00
0.00
0.00
0.00
0.49
0.00
0.00
0.00
0.00
0.00
0.00
0.00
0.00
5.27
2.31
0.00
1.73
6.84
8.07
0.16
4.37
10.38
0.00
0.00
0.00
0.00
0.00
0.00
0.00
0.00
0.00
0.00
0.00
0.00
0.00
0.00
0.00
0.00
0.00
0.08
1.57
2.31
0.29
0.00
0.00
0.00
0.00
0.00
0.04
2.10
0.00
0.00
0.00
0.00
0.00
0.00
0.00
0.00
0.00
0.00
0.00
0.00
0.00
0.00
0.00
0.00
0.00
0.00
0.00
0.00
0.00
0.00
0.00
0.00
0.00
0.00
0.00
0.00
0.00
0.00
0.00
0.00
0.00
0.00
0.00
0.00
0.00
0.00
0.00
0.00
0.00
0.00
0.00
0.00
0.00
0.00
0.00
0.00
0.00
0.00
0.00
0.00
0.00
0.00
0.00
0.00
0.00
0.00
0.00
0.00
0.00
0.00
1.07
0.02
0.00
0.00
0.00
0.00
0.00
0.00
0.10
0.00
0.00
0.00
0.00
0.00
0.00
0.00
0.00
0.00
0.00
0.00
0.00
1.01
5.60
1.94
2.47
2.27
0.00
0.00
0.00
0.00
0.00
0.00
0.00
0.00
0.00
0.00
0.00
0.00
0.00
0.00
0.00
0.00
0.00
0.00
0.00
1.07
0.00
0.00
0.00
0.33
0.16
21.18
5.60
0.00
4.37
0.00
0.00
0.82
0.00
0.00
0.00
0.41
2.31
2.51
0.00
6.22
3.54
1.32
0.00
3.13
1.85
2.80
0.04
0.00
0.00
0.00
0.00
0.00
0.00
0.00
0.00
0.00
0.00
0.00
0.00
0.00
0.00
0.00
0.00
0.00
0.99
0.00
0.54
0.58
0.82
0.00
7.09
9.97
0.74
2.39
0.00
0.00
0.00
0.00
0.00
0.00
0.00
0.00
0.00
0.00
0.00
0.00
0.16
0.16
0.33
0.49
0.16
0.00
0.00
0.00
0.00
5.77
0.58
5.60
12.44
9.76
21.22
26.16
13.88
6.34
4.28
0.99
0.82
3.46
27.52
45.15
101.18
77.12
71.69
96.41
90.64
28.18
10.88
2.31
0.49
0.16
4.70
3.46
4.94
15.16
4.45
2.64
0.66
0.66
3.79
3.13
2.47
2.22
3.58
3.46
0.49
0.00
0.00
0.66
1.48
2.80
1.15
1.65
39.22
65.09
54.55
41.03
10.55
8.82
37.08
11.87
0.41
0.00
0.00
0.00
0.00
0.00
0.00
0.00
0.00
0.00
0.00
0.00
0.00
3.38
0.08
0.04
0.00
0.00
0.08
0.16
0.16
0.16
0.49
0.49
0.49
3.79
6.84
8.07
6.92
4.94
5.44
6.18
1.11
0.33
1.40
3.79
0.33
0.33
2.64
1.48
1.07
0.33
0.00
0.99
0.00
0.00
0.00
0.00
0.00
0.00
0.00
0.00
0.00
0.00
3.13
0.33
8.32
3.46
0.82
0.00
0.00
0.00
0.00
0.00
0.00
0.00
0.00
0.00
3.34
0.00
0.00
0.00
0.00
2.06
0.08
0.82
1.81
0.00
0.00
0.00
0.00
1.90
0.00
0.00
0.00
0.00
0.00
0.00
0.00
0.00
0.00
0.00
0.16
0.00
0.00
0.00
0.58
1.15
0.00
0.00
0.00
0.00
0.00
0.00
0.00
0.00
0.00
0.00
0.00
0.00
0.00
0.00
0.00
0.00
0.00
0.00
0.00
0.00
0.00
0.00
0.00
0.00
0.00
0.00
0.00
0.00
0.00
0.00
0.00
0.00
0.00
0.00
0.00
0.00
0.00
0.00
0.00
0.00
0.00
0.00
0.00
0.00
0.00
0.00
0.00
0.00
0.00
0.00
0.00
1.65
26.20
60.31
4.12
6.76
0.16
0.00
0.00
0.00
0.21
2.47
20.10
2.39
0.00
0.00
0.00
0.00
0.00
0.00
0.00
0.00
0.00
0.00
0.00
0.00
0.00
0.00
0.00
0.00
0.00
0.00
0.00
0.00
0.00
0.00
0.00
0.00
0.00
0.00
0.00
0.00
0.00
0.00
0.00
0.00
0.00
0.00
0.00
0.00
0.00
0.00
0.00
0.00
0.00
0.00
0.00
0.00
0.00
0.00
0.00
0.00
0.00
0.00
0.00
0.00
0.00
0.00
0.00
0.00
0.00
0.00
0.00
0.00
0.00
0.00
0.00
0.16
0.91
0.00
0.00
0.49
0.00
0.00
0.00
0.00
0.00
0.00
0.00
0.00
0.00
0.00
10.38
3.46
0.00
0.82
0.25
3.05
1.24
3.17
25.42
60.77
44.08
16.07
7.09
1.48
0.41
0.08
1.32
0.00
0.00
0.00
0.00
0.00
0.00
6.92
24.72
13.02
9.72
2.31
0.00
0.00
0.00
0.00
0.00
0.00
0.00
3.46
8.90
0.00
2.14
3.30
6.26
0.00
0.00
0.00
3.96
0.00
0.16
4.28
2.14
0.00
0.00
0.00
0.00
0.00
0.00
3.30
0.16
3.63
1.65
6.92
5.77
8.24
3.96
6.92
0.16
0.00
0.49
0.00
0.99
3.96
15.20
6.59
6.26
39.72
15.53
6.39
0.54
6.72
0.49
0.82
0.49
0.37
0.66
1.19
0.49
0.16
0.33
1.40
13.27
22.82
7.42
1.32
0.82
1.15
1.07
0.49
4.70
14.91
10.71
6.30
1.36
2.55
8.65
9.72
12.36
21.26
14.17
2.72
4.70
10.26
7.75
6.10
6.39
7.58
3.96
4.45
9.89
17.96
49.93
62.29
16.48
7.25
4.61
2.55
1.03
3.01
4.16
0.25
0.45
0.78
0.49
0.12
0.58
0.66
0.41
0.21
0.04
0.00
0.00
0.00
0.00
0.00
3.54
0.00
0.00
0.00
0.00
0.00
0.54
0.70
4.12
1.44
2.14
1.32
3.54
0.00
0.00
0.82
1.65
0.82
0.25
0.08
0.25
0.41
0.74
0.41
0.16
0.16
0.66
0.16
7.58
22.99
7.33
0.21
0.00
1.24
3.30
0.00
0.00
0.00
0.00
0.00
0.00
0.00
0.00
0.00
0.00
0.00
0.00
0.00
0.00
4.78
0.00
0.00
0.00
0.00
0.00
0.08
0.04
0.00
0.00
0.00
0.00
0.00
0.00
0.00
0.00
1.32
0.00
0.00
0.00
1.07
0.45
1.19
0.12
0.00
0.00
0.00
0.00
0.00
0.00
0.00
0.00
0.00
0.00
0.00
0.12
0.00
0.00
0.00
0.00
0.00
0.00
0.00
0.00
0.00
0.00
0.00
0.00
0.00
0.00
0.00
0.00
0.00
0.00
0.00
0.00
0.00
0.00
0.00
0.00
0.00
0.00
0.00
0.00
0.00
0.00
0.00
0.00
0.00
0.00
0.00
0.00
0.00
0.00
0.00
0.00
0.00
0.00
0.00
0.00
0.00
0.00
0.00
0.00
0.00
0.00
0.49
0.82
0.00
0.00
0.00
0.00
0.00
0.00
0.00
0.00
0.00
0.00
0.00
0.00
0.00
0.00
0.00
0.00
0.00
0.00
0.00
0.00
0.00
0.00
0.00
0.00
0.00
0.00
0.00
0.00
0.00
0.00
0.00
0.00
0.00
0.00
0.00
0.00
0.00
0.00
0.00
0.00
0.00
0.00
0.00
0.00
0.00
0.00
0.00
0.00
0.00
0.00
0.00
0.82
0.00
0.00
0.00
0.00
0.00
0.00
0.00
0.00
0.43
0.04
0.00
1.15
1.48
2.97
0.00
0.00
0.00
0.00
0.00
0.00
0.00
8.90
2.47
4.04
1.98
0.91
0.33
3.96
5.11
3.54
2.22
2.31
0.00
0.00
1.81
0.00
3.63
1.48
1.98
2.10
0.99
12.57
18.75
29.05
0.08
1.48
2.97
0.87
0.16
11.29
10.18
7.58
0.00
0.08
0.00
0.00
4.24
2.88
3.38
0.25
0.00
0.00
0.00
0.00
0.82
0.00
0.00
1.90
1.32
0.00
0.82
2.97
1.98
0.49
2.93
12.03
1.81
0.16
0.00
0.00
0.00
0.33
0.00
0.00
0.00
0.00
0.00
5.11
1.81
5.44
9.39
38.89
16.48
9.72
9.39
2.64
0.16
0.00
0.00
2.14
0.00
0.00
0.00
0.00
1.81
2.88
0.12
0.16
0.16
0.33
0.33
0.49
0.82
0.00
0.00
0.00
3.96
0.00
0.08
0.04
0.00
0.00
0.04
0.08
0.21
4.70
0.66
0.16
0.00
1.57
5.07
0.16
0.04
0.21
0.37
4.66
4.74
3.42
5.27
0.33
0.82
1.15
0.66
1.57
1.81
9.72
19.61
39.55
66.25
98.22
63.45
59.41
50.02
13.47
1.52
0.00
0.04
0.25
0.99
2.47
6.26
4.53
11.00
7.91
3.96
17.80
12.19
25.38
62.37
108.60
97.81
19.45
5.44
17.80
8.24
70.37
59.82
0.00
0.00
0.00
0.00
0.00
0.00
0.00
0.00
0.00
0.04
0.00
0.00
0.16
0.25
0.16
0.08
0.41
0.66
0.41
0.00
0.16
0.33
0.49
1.15
5.19
0.99
0.08
0.00
0.00
0.99
15.99
0.00
0.00
0.00
0.00
1.24
10.59
0.00
4.45
0.00
0.00
0.00
5.23
1.28
6.72
4.61
8.32
2.02
0.00
0.00
0.00
0.04
0.21
0.00
0.00
0.00
0.00
0.00
0.00
0.16
2.80
12.36
2.14
0.00
0.00
0.00
0.00
0.00
0.00
0.00
0.00
0.00
0.00
0.00
0.00
0.00
0.00
0.00
0.00
0.00
0.00
0.00
0.00
0.00
0.00
0.00
0.00
0.00
0.00
0.00
0.00
0.00
0.00
0.00
0.00
0.00
0.00
0.00
0.00
0.66
0.00
0.00
0.00
0.00
0.00
0.49
1.03
0.12
0.00
0.00
0.00
0.00
0.00
0.00
0.00
0.00
0.00
0.00
0.00
0.00
0.66
0.00
0.00
0.00
0.00
0.00
0.00
0.00
0.00
0.00
0.00
0.00
0.00
0.00
0.00
0.00
0.00
0.00
0.00
0.00
0.00
0.00
0.00
0.00
0.00
0.00
0.00
0.00
0.00
0.00
1.32
0.00
0.00
0.00
2.47
0.00
0.00
0.00
0.00
0.00
0.00
0.16
0.00
0.00
0.00
0.33
0.33
0.00
0.00
0.00
0.00
0.00
0.00
0.00
0.00
0.00
0.00
0.00
0.00
0.00
1.32
0.00
0.00
0.00
0.00
0.00
3.96
0.99
0.00
0.00
0.00
0.00
0.00
0.00
0.25
0.00
0.00
0.00
0.00
0.00
0.82
0.00
0.00
0.04
1.61
1.52
0.00
3.63
1.77
0.08
0.33
12.69
2.64
1.81
0.33
0.08
0.00
0.00
0.16
12.69
1.15
0.41
1.07
0.08
0.00
1.15
2.80
0.00
0.00
0.00
0.00
0.00
0.00
0.33
1.32
4.61
0.82
21.51
0.00
1.11
0.91
0.78
0.04
3.96
0.58
1.77
0.08
0.00
0.66
1.65
0.16
0.00
1.15
1.44
0.08
0.00
2.18
0.54
0.12
0.74
0.41
0.16
1.57
0.08
0.00
1.15
12.36
0.08
2.31
8.40
0.00
2.31
6.10
0.00
0.41
3.50
0.00
0.00
0.00
0.00
0.00
6.76
6.26
21.26
44.49
21.42
52.57
15.00
47.96
4.45
7.58
0.00
0.16
0.58
0.66
0.66
0.49
0.33
0.66
0.41
8.82
12.11
7.09
15.49
39.88
14.01
22.91
6.18
2.39
11.54
4.20
2.80
15.66
18.29
25.54
29.33
59.66
11.12
2.80
1.32
1.19
3.54
3.46
1.32
0.66
0.16
0.00
0.00
0.00
0.00
0.00
0.00
0.00
0.00
0.00
0.00
1.65
0.08
0.12
0.82
0.95
1.32
0.99
0.00
6.92
0.33
0.16
0.12
0.00
0.00
0.00
1.24
0.00
0.00
1.85
0.00
0.00
0.21
0.21
0.04
0.00
0.00
0.00
0.00
0.00
0.25
0.37
0.37
0.33
0.12
0.00
0.25
0.66
0.66
1.48
4.86
5.52
45.57
60.03
12.94
15.53
0.00
0.00
0.00
0.00
0.00
0.00
0.00
0.00
1.90
0.04
0.16
0.25
0.21
0.12
0.00
0.00
0.00
1.90
8.73
0.00
0.00
0.00
0.00
0.00
0.00
10.05
2.55
2.22
3.13
1.48
0.41
0.00
0.00
0.00
2.97
0.00
0.00
0.00
0.00
0.00
9.81
0.00
0.00
0.00
0.00
0.00
0.00
0.00
0.66
17.14
7.42
0.00
0.00
0.00
0.00
0.00
0.00
0.00
0.00
0.00
0.00
0.00
2.64
0.00
0.00
0.00
0.00
0.00
0.00
0.00
0.00
0.00
0.00
0.00
0.00
0.00
0.00
0.00
0.00
0.00
1.15
0.00
0.00
0.00
0.00
0.00
0.00
5.93
2.64
0.00
0.00
0.00
0.00
0.00
0.00
0.00
0.00
0.00
0.00
0.00
0.00
0.00
0.00
0.00
0.00
0.00
0.00
0.00
0.00
0.00
0.00
0.00
0.00
0.00
0.00
0.00
0.00
0.00
0.00
0.00
0.00
0.00
0.00
0.00
0.00
0.00
0.00
0.00
0.00
