19710101
0.00
0.00
0.00
0.00
0.00
0.00
0.00
0.00
0.00
0.00
0.00
0.00
0.00
0.00
0.00
0.00
0.00
0.00
0.00
0.00
0.00
0.00
0.00
0.00
0.00
0.00
0.00
0.00
0.00
0.00
0.00
0.00
0.00
0.00
0.00
0.00
0.00
0.00
0.00
0.99
0.58
0.00
0.00
2.39
0.00
0.00
1.32
3.34
0.04
0.00
5.44
11.62
3.30
0.08
0.00
0.00
2.02
0.66
0.00
0.00
2.64
4.45
0.00
0.00
0.00
0.00
0.16
0.00
0.00
0.00
0.00
5.11
0.00
0.00
0.00
0.00
0.00
1.24
3.25
4.61
0.00
0.00
0.16
2.31
21.92
14.01
0.00
0.00
0.16
1.32
0.00
0.33
1.15
18.29
17.30
7.25
0.00
0.00
3.17
9.72
0.08
0.00
0.00
0.08
0.00
0.00
4.61
2.47
0.00
4.86
6.18
3.63
0.00
0.00
0.00
0.00
0.00
0.00
0.00
0.33
1.48
2.14
2.39
8.07
0.66
5.77
16.31
9.06
0.00
0.00
0.00
0.00
4.28
15.99
20.43
0.00
0.00
0.00
4.53
4.12
19.28
5.77
10.55
7.25
1.81
3.63
7.09
7.58
0.00
0.00
0.00
0.00
0.00
0.00
1.98
0.00
14.83
7.91
5.93
6.59
15.66
28.63
24.51
19.49
33.33
28.59
35.88
16.15
9.72
0.00
0.00
4.45
4.94
72.51
58.21
62.79
60.64
17.72
20.02
3.63
28.59
24.55
74.32
51.75
74.40
44.87
33.29
39.18
13.27
0.00
0.00
0.00
0.00
0.00
0.00
0.00
0.00
0.00
0.00
0.00
0.00
0.00
0.00
0.00
21.13
19.53
0.00
19.61
27.97
0.00
0.00
7.62
20.68
19.86
13.88
43.01
26.45
28.51
27.52
15.49
7.58
7.00
0.12
0.33
0.66
18.46
0.00
0.16
0.00
6.92
39.88
13.43
32.55
12.52
1.11
0.00
3.54
47.21
36.96
0.00
0.00
0.00
2.80
0.00
0.00
0.00
1.48
3.13
0.08
7.00
11.04
3.13
0.00
13.18
0.00
9.15
4.61
5.77
7.33
1.90
33.25
26.49
0.00
0.00
0.00
0.00
0.00
20.60
8.73
45.98
19.86
20.97
12.92
22.37
11.58
8.61
3.30
0.49
2.64
2.64
0.00
0.00
0.00
0.00
0.00
0.00
0.00
0.00
0.00
0.00
0.00
41.94
0.78
0.10
0.00
0.00
0.00
0.08
3.96
0.00
0.00
0.00
0.16
0.00
0.00
0.00
0.00
0.00
0.00
0.00
0.00
0.00
0.00
0.00
0.00
0.00
0.00
0.00
0.00
0.00
0.00
0.00
0.00
0.00
0.00
0.00
0.00
0.00
0.00
0.00
0.00
0.00
0.00
0.00
6.10
2.31
0.00
0.00
0.00
0.00
0.00
0.00
24.22
28.18
42.02
18.79
0.16
0.00
0.00
0.08
0.16
0.00
0.00
0.00
0.00
0.00
0.00
0.00
0.00
0.00
0.99
0.00
0.00
0.00
0.00
0.00
0.00
0.00
0.00
0.00
0.00
0.00
0.00
1.48
0.82
0.04
0.00
0.00
0.00
0.00
0.00
0.00
0.58
0.12
0.00
0.00
0.00
0.00
0.00
0.00
0.00
0.00
0.00
0.00
0.00
0.00
0.08
0.00
0.00
0.00
0.00
0.00
0.00
0.00
0.00
0.00
0.00
0.00
0.00
0.00
0.00
0.00
0.00
0.00
0.00
0.00
0.00
0.16
0.25
0.00
2.14
0.12
0.00
0.00
0.00
0.00
0.33
0.49
1.81
0.08
0.00
0.00
1.32
3.30
7.09
0.33
0.00
0.00
0.00
0.00
2.06
0.04
13.76
0.41
0.00
0.00
0.00
0.00
0.00
0.00
2.80
1.40
0.00
2.80
1.65
0.00
0.00
0.00
0.00
0.00
0.00
0.00
0.00
0.00
0.00
0.00
0.00
0.00
0.00
0.00
0.00
0.78
0.04
1.15
0.00
0.12
0.00
0.00
0.00
0.74
1.48
0.58
2.31
1.15
2.47
0.08
1.32
5.73
8.24
13.68
12.85
13.18
12.94
17.80
9.06
6.76
1.98
17.14
2.47
7.91
0.33
4.94
14.34
17.96
25.21
6.92
15.99
22.25
21.84
5.77
25.21
12.15
0.00
5.11
29.79
36.54
5.69
6.76
0.00
0.00
0.00
0.00
0.00
0.00
11.21
5.11
12.19
14.25
17.47
8.53
0.00
21.84
15.86
33.45
72.26
70.20
15.63
13.70
12.17
5.83
0.00
6.55
12.90
5.85
9.76
7.37
5.89
0.00
0.00
0.00
8.40
1.65
0.00
19.61
21.01
24.22
13.84
20.93
17.30
19.61
22.58
9.06
21.34
10.63
4.61
3.01
0.00
3.54
0.00
0.00
5.77
20.27
22.25
8.24
11.33
15.78
22.49
14.71
23.40
38.23
29.66
28.34
18.95
26.20
30.82
6.92
26.04
14.67
8.07
11.37
0.00
1.32
3.83
6.67
2.64
32.84
11.21
0.00
13.06
0.00
0.04
18.00
11.49
19.45
27.44
32.30
16.40
10.84
19.28
5.93
3.30
0.00
0.00
15.33
15.24
18.79
15.66
0.00
18.79
16.81
24.47
0.00
0.00
0.00
8.86
0.00
0.00
27.60
33.74
10.34
0.00
0.00
0.00
0.00
16.97
4.08
10.92
0.78
0.00
8.49
4.37
2.93
5.44
16.15
8.24
12.19
16.64
8.24
8.24
0.66
1.81
0.99
0.00
0.00
0.00
0.00
1.73
0.00
0.00
0.00
2.47
0.00
0.00
0.00
0.00
0.00
0.00
0.00
0.00
0.00
0.00
0.00
0.00
0.00
0.00
0.00
0.00
0.00
0.00
0.00
0.00
0.00
0.00
0.00
0.00
3.13
0.16
0.00
0.66
0.00
0.00
0.00
0.00
0.00
0.00
0.00
0.00
0.00
0.00
0.00
0.00
0.00
0.00
0.00
0.00
0.00
0.00
0.00
0.00
0.00
0.00
0.00
0.00
0.00
0.00
0.00
0.00
0.00
0.00
0.00
0.00
0.00
0.00
0.00
0.00
0.00
0.00
0.00
0.00
0.00
0.00
0.00
0.00
0.00
0.00
0.00
0.00
0.00
0.00
0.00
0.00
0.00
0.00
0.00
0.00
0.00
0.00
0.00
0.00
0.00
0.00
1.81
0.08
0.00
0.00
0.00
0.49
0.08
0.00
0.00
0.00
0.00
0.00
0.00
0.00
0.00
0.00
0.00
0.00
0.00
0.00
0.00
0.00
0.00
0.00
0.00
0.00
0.00
0.00
0.00
0.00
0.00
0.00
0.00
0.00
0.00
0.00
0.00
0.00
0.00
0.00
0.00
0.00
0.00
0.00
0.00
0.00
0.00
0.00
0.00
0.99
0.41
4.57
7.60
1.09
0.00
0.00
0.70
5.07
0.00
0.00
0.00
0.00
0.00
1.98
3.96
0.00
0.00
0.00
0.00
0.00
0.00
0.00
0.58
0.00
0.00
0.00
0.00
0.00
0.00
0.00
0.08
1.77
0.00
0.08
1.15
0.49
2.47
0.82
2.10
0.91
0.21
1.32
1.65
1.77
0.00
0.00
0.00
10.05
21.75
1.90
0.00
0.00
1.81
0.00
0.00
13.02
25.54
0.00
8.07
2.80
0.00
13.51
0.00
5.27
15.82
13.68
18.62
12.03
15.90
7.42
2.88
15.49
14.17
2.64
6.59
19.61
3.87
0.00
0.00
0.00
0.00
0.00
0.00
5.93
13.51
7.99
0.00
7.70
3.54
9.48
6.22
17.14
17.14
26.78
26.49
18.00
18.91
11.66
13.88
13.84
21.75
38.56
63.28
27.19
24.39
22.91
43.26
86.19
63.78
34.11
27.69
9.56
26.20
8.57
0.00
0.00
9.60
7.54
6.72
17.18
24.31
13.02
16.48
22.91
28.67
112.88
99.29
20.93
19.78
12.52
15.90
19.08
11.95
0.00
0.00
0.00
6.59
42.93
45.07
49.19
32.51
38.48
22.45
28.39
32.38
18.29
21.92
19.69
0.00
0.00
24.72
12.77
15.41
27.36
55.58
29.29
41.45
34.52
29.42
15.82
44.49
11.66
5.15
2.84
3.79
5.77
9.39
14.01
4.94
16.48
14.50
18.95
11.70
17.96
47.79
42.68
0.66
0.00
10.55
6.67
9.31
0.00
12.57
12.36
8.94
21.96
8.88
9.97
9.27
0.00
0.00
0.00
0.00
0.00
0.25
38.36
49.03
50.59
11.54
26.61
2.80
21.22
10.88
4.28
0.00
0.00
0.00
0.00
0.00
0.00
0.00
0.00
0.00
0.00
0.00
0.00
0.00
0.00
0.00
0.00
8.28
7.66
0.00
0.00
0.00
0.00
0.00
0.00
0.00
0.00
0.00
0.00
0.00
0.00
0.00
0.00
0.00
0.00
0.00
0.00
0.08
0.08
0.16
0.00
0.00
0.00
0.00
0.00
0.00
0.00
0.00
0.00
0.00
0.00
0.00
0.04
0.00
0.00
0.00
0.00
0.10
0.08
0.04
0.02
0.00
0.00
0.00
0.00
0.00
0.00
0.00
0.00
0.00
0.00
0.00
0.00
0.00
0.00
0.00
0.00
0.00
0.00
0.00
0.00
0.00
0.70
7.83
11.82
0.00
0.08
0.00
0.00
0.00
0.00
0.00
0.00
0.00
0.00
0.16
0.00
0.00
0.16
0.99
0.00
0.00
0.00
0.00
0.00
0.00
0.00
0.00
0.00
0.00
0.00
0.00
0.00
0.00
0.00
0.00
0.00
0.00
0.00
0.00
0.00
0.00
0.00
0.00
0.00
0.00
0.00
0.00
0.66
0.41
0.00
0.00
0.00
0.00
1.15
0.00
0.00
0.00
2.80
0.41
1.65
0.16
0.00
0.00
0.00
0.00
0.00
0.00
0.00
0.00
0.00
0.00
0.00
0.00
0.00
1.40
0.16
0.00
0.00
0.00
0.00
0.00
1.73
0.00
1.98
2.47
7.00
0.00
0.00
0.00
0.00
0.08
0.08
0.62
0.91
0.12
1.11
1.24
0.00
0.00
0.00
3.46
0.08
8.90
1.65
0.00
0.00
0.16
1.15
0.00
0.00
2.31
6.02
1.32
0.00
1.81
4.20
7.09
0.00
0.00
0.00
1.07
5.97
5.27
17.22
2.14
0.00
0.16
2.64
3.96
0.00
1.32
0.66
6.14
8.98
7.62
21.59
0.00
11.04
5.93
9.89
6.34
11.70
5.77
5.27
16.64
42.02
23.07
0.00
8.32
0.08
0.00
0.00
0.00
0.66
1.15
0.49
0.00
0.00
0.00
0.00
0.00
0.00
1.98
0.00
0.00
3.09
9.02
7.09
0.16
0.33
0.33
11.49
0.00
0.00
0.04
29.09
24.43
25.79
46.88
15.08
22.25
45.65
12.81
9.93
29.70
3.50
0.00
9.52
0.00
2.18
37.70
32.14
13.14
25.71
4.12
12.03
8.73
29.50
21.09
25.05
8.07
3.46
5.11
5.11
8.07
33.78
47.30
34.52
3.05
0.00
0.00
12.52
0.00
0.00
0.00
0.08
17.30
0.12
22.41
30.57
6.88
25.87
18.66
26.28
37.86
23.36
17.88
17.59
20.19
22.58
10.71
25.05
23.07
8.73
7.25
28.51
36.42
22.08
0.00
9.56
15.99
0.00
0.00
0.00
0.00
24.06
6.76
4.70
0.08
4.94
0.00
0.04
1.81
17.06
15.70
7.13
17.39
10.22
4.45
34.61
15.00
6.26
6.10
0.16
18.79
0.00
7.25
0.00
0.00
0.00
0.00
0.00
0.00
0.00
3.96
1.07
0.00
0.00
0.00
0.00
0.00
0.00
0.00
0.00
0.49
9.06
0.00
0.16
0.82
40.70
33.29
1.32
0.00
0.04
8.69
15.99
5.77
0.00
0.00
0.00
0.08
0.00
0.00
0.00
0.00
0.00
0.00
0.00
0.00
0.00
0.00
0.00
0.00
0.00
0.00
0.00
0.00
0.00
0.00
0.00
0.00
0.00
0.00
0.00
0.00
0.00
0.00
0.00
0.00
0.00
0.00
0.00
0.00
0.00
0.00
0.00
0.00
0.00
0.00
0.00
0.00
0.00
1.81
0.00
0.00
0.00
0.00
0.00
0.00
0.00
0.00
0.00
0.00
0.00
0.00
0.00
0.00
0.00
0.00
0.00
0.00
0.00
0.00
0.00
0.00
0.00
0.00
0.00
0.00
0.00
0.00
0.00
0.00
0.00
0.00
0.00
0.00
0.00
0.00
0.00
0.00
0.00
0.00
0.00
0.00
0.00
0.00
0.00
0.16
0.82
0.33
0.00
0.00
0.00
0.00
0.00
0.00
14.01
0.66
0.00
0.00
0.00
0.00
0.00
0.00
0.00
0.00
0.00
0.00
0.00
0.00
0.00
0.00
0.00
0.00
0.00
0.00
0.00
0.74
0.16
1.15
0.08
2.31
0.00
0.00
0.00
0.00
0.00
0.00
1.19
0.00
0.00
2.47
0.16
0.00
0.00
0.08
0.41
0.25
0.04
0.00
1.32
0.16
0.00
0.08
0.54
0.00
0.00
0.00
0.00
0.82
0.00
3.46
0.66
1.98
0.16
0.00
0.66
1.48
2.47
0.82
0.49
0.16
3.30
3.21
2.31
3.46
1.81
0.00
0.16
3.96
0.16
0.00
0.16
0.00
0.66
0.00
4.12
20.43
2.31
11.95
22.82
5.77
1.98
0.00
25.05
0.33
2.14
0.49
0.00
0.00
4.20
0.04
0.00
2.64
2.72
4.94
0.16
2.31
0.16
0.16
1.32
0.33
0.33
3.63
11.29
14.09
9.68
4.90
12.73
1.52
4.20
0.00
0.00
0.00
0.00
0.00
0.00
1.15
5.97
0.00
3.96
9.06
4.66
1.24
0.49
6.43
0.33
7.50
10.46
9.89
0.00
0.00
4.04
12.69
0.00
0.00
0.00
0.00
0.00
0.00
0.00
0.00
19.32
24.80
45.77
18.33
37.04
62.05
70.45
29.50
8.57
4.86
0.00
4.37
5.27
0.00
0.00
0.00
0.00
0.00
0.00
0.00
0.16
0.41
5.44
28.84
24.68
24.47
26.33
33.95
1.48
21.38
14.30
0.00
0.04
0.00
3.30
11.37
0.00
22.58
12.52
20.10
7.91
0.00
1.65
0.00
0.00
0.00
0.00
19.86
51.83
22.16
20.31
0.66
1.24
5.93
1.24
0.00
12.03
13.43
6.76
0.00
3.46
0.00
0.00
0.00
1.98
11.37
0.00
7.75
18.29
19.12
19.36
0.00
0.00
15.04
7.29
0.04
11.62
22.66
12.94
18.33
6.43
11.04
0.00
17.88
28.30
0.00
4.04
5.85
12.85
0.16
0.00
0.00
3.46
5.27
9.10
17.39
11.04
12.11
3.21
0.08
0.00
0.00
7.42
0.00
6.26
7.58
10.38
6.10
4.12
0.49
0.00
0.00
0.00
0.00
0.00
0.00
0.00
0.00
0.00
0.00
0.00
0.00
0.00
0.00
0.00
0.00
0.00
0.00
0.00
0.00
0.00
0.00
0.00
0.00
0.00
0.00
0.00
0.00
0.00
0.00
0.00
0.00
0.00
0.00
0.00
0.00
0.00
0.00
0.08
0.00
0.00
0.00
0.00
0.00
0.00
0.00
0.00
0.00
0.00
0.00
0.00
0.00
0.00
0.00
0.00
0.00
0.00
0.00
0.00
0.00
0.00
0.00
0.00
0.00
0.00
0.00
0.00
0.00
0.00
0.00
0.00
0.00
0.00
0.00
0.00
0.00
0.00
0.00
0.00
0.00
0.00
0.00
0.00
0.00
0.00
0.00
0.00
0.00
0.00
0.00
0.00
0.00
0.00
0.00
0.00
0.00
0.58
4.49
0.00
0.00
0.00
0.00
1.32
0.04
0.00
0.00
0.00
0.00
0.00
0.00
0.00
0.00
0.00
0.00
0.00
0.00
0.00
0.00
0.00
0.00
0.00
0.00
0.04
0.00
0.00
0.00
0.00
0.00
0.00
0.00
0.00
1.44
0.78
0.00
0.00
0.00
0.00
0.00
0.00
0.00
0.00
0.00
0.00
0.00
0.00
0.00
0.00
0.21
0.04
0.04
1.98
0.00
0.00
0.00
0.00
0.00
0.00
0.00
0.00
0.00
0.00
0.00
2.80
0.00
0.00
0.00
0.00
0.00
0.00
4.70
0.00
0.00
0.58
1.98
3.46
0.00
0.74
1.15
0.00
0.00
0.00
2.31
1.81
2.14
0.00
0.00
3.96
0.00
0.49
1.32
2.64
0.00
0.00
7.99
7.42
1.81
0.04
0.00
8.24
15.16
0.00
0.00
10.55
1.48
0.00
0.25
1.15
2.97
6.59
0.99
1.32
4.94
6.18
8.86
7.50
0.99
5.60
3.46
1.48
3.30
0.82
7.29
2.68
3.17
5.52
0.33
0.00
0.08
0.00
0.00
0.00
2.88
6.43
1.65
3.13
19.12
1.48
0.00
37.90
27.69
28.51
32.30
45.65
3.13
0.33
2.14
0.00
22.91
4.28
26.86
13.84
13.02
24.97
41.69
37.74
37.90
4.45
27.03
15.16
4.61
0.00
0.00
0.00
0.04
19.32
38.77
44.91
33.66
27.36
15.28
33.78
0.00
0.00
0.00
27.03
30.53
17.67
38.81
28.34
0.04
11.82
1.61
11.37
14.17
5.56
26.41
42.68
38.23
10.38
24.31
25.30
30.45
22.99
38.48
46.02
32.55
18.54
0.00
0.00
0.00
0.00
0.00
0.00
0.00
0.00
0.00
0.00
0.00
0.00
0.00
14.58
0.00
8.24
0.00
0.00
5.44
15.74
24.88
29.00
21.09
24.39
34.11
35.06
23.90
11.70
4.39
0.00
0.00
0.00
0.00
0.00
21.92
0.00
5.52
0.00
0.00
13.02
18.21
12.44
19.12
20.43
10.34
17.51
25.83
20.35
9.39
0.00
0.00
19.69
18.37
31.15
20.56
28.88
4.90
0.00
0.00
10.71
9.97
18.46
11.00
6.92
1.48
3.63
0.00
0.00
0.00
0.00
0.00
0.00
0.00
0.00
0.00
0.00
0.00
0.00
0.00
0.00
0.00
0.00
0.00
0.00
0.00
0.08
0.00
0.00
0.00
0.00
0.00
0.00
0.00
0.00
0.00
15.82
0.87
2.35
7.33
0.00
0.00
0.00
0.00
0.08
0.08
0.04
0.00
0.00
0.00
0.00
0.08
0.16
0.08
0.08
0.08
0.00
0.00
0.00
0.00
0.08
0.00
0.00
0.08
0.00
0.00
0.00
0.00
0.00
0.00
0.16
0.16
0.16
0.00
0.00
0.00
0.00
0.00
0.00
0.00
0.00
0.00
0.00
0.00
0.00
0.00
0.00
0.00
0.00
0.00
0.00
0.00
0.00
0.00
0.00
0.00
0.00
0.00
0.00
0.00
0.00
0.00
0.00
0.00
0.00
0.00
0.00
0.00
0.00
0.00
0.00
0.00
0.00
0.00
0.00
0.00
3.63
0.00
0.00
0.00
0.00
0.00
0.00
0.00
0.00
0.00
0.00
0.00
0.00
0.00
0.00
0.00
0.00
0.00
0.00
0.00
0.00
0.00
0.00
0.00
0.00
0.00
0.00
0.00
0.00
0.00
0.00
0.00
0.00
0.00
0.00
0.00
0.00
0.00
0.00
0.00
0.00
0.00
0.00
0.00
0.45
0.00
0.00
0.00
0.00
0.00
0.00
0.08
7.25
1.81
0.49
0.04
1.15
2.64
0.00
3.96
4.45
11.95
4.61
0.00
0.00
0.00
0.00
1.48
0.00
0.00
0.00
0.00
1.11
3.13
0.33
0.33
0.49
0.33
0.33
2.97
0.00
0.00
0.00
0.00
0.00
0.00
0.00
0.00
0.00
0.00
0.00
1.98
0.00
0.00
0.00
0.00
0.00
0.00
0.00
0.00
4.78
0.00
2.97
11.54
0.00
0.00
2.14
0.00
0.00
0.00
0.00
0.00
0.00
0.00
0.00
2.31
2.97
4.12
3.46
11.87
29.58
9.06
0.00
0.00
0.00
0.00
0.00
0.00
0.00
6.10
22.08
24.22
20.56
24.72
6.10
21.92
18.58
30.49
26.12
30.49
41.36
19.45
15.33
1.48
0.16
0.00
0.00
0.00
0.00
1.36
13.76
25.05
24.06
24.39
21.92
42.85
18.29
4.12
0.00
26.70
23.90
18.62
23.81
0.00
0.00
1.65
11.54
6.26
24.72
33.29
25.87
32.84
41.08
22.91
57.06
31.31
33.78
34.69
25.05
10.88
0.08
7.00
11.37
13.93
1.90
4.78
19.08
17.06
0.00
0.00
0.00
0.00
0.00
0.00
10.05
4.94
9.39
14.67
37.24
36.58
21.42
17.67
5.93
6.67
0.00
0.00
0.00
0.00
12.69
0.00
0.00
12.13
15.33
13.68
0.00
15.86
22.74
24.55
0.04
0.00
0.00
0.00
0.00
0.16
0.00
1.48
4.94
11.62
10.67
17.30
23.57
12.44
11.62
27.93
20.60
28.76
0.16
0.00
18.37
17.22
0.08
12.65
0.00
0.00
31.56
9.81
16.48
5.11
0.08
0.00
0.00
0.00
0.00
0.00
3.46
11.87
0.00
0.00
0.00
1.07
7.42
0.00
0.00
0.00
0.00
0.00
0.00
0.00
0.00
0.54
9.31
7.83
0.08
0.08
0.00
0.00
0.00
0.00
0.00
0.00
0.00
0.00
0.00
0.00
0.00
0.00
2.06
1.81
0.00
0.00
0.00
0.00
0.00
0.00
0.00
0.00
0.00
0.49
0.00
0.00
0.00
0.00
0.00
0.00
0.00
0.00
0.00
0.00
0.00
0.00
0.04
3.46
0.00
4.12
18.33
8.82
0.08
0.16
0.16
0.00
0.00
0.00
0.00
0.00
0.00
0.00
0.00
0.08
0.08
0.08
0.04
0.04
0.00
0.08
0.00
0.00
0.00
0.00
0.00
0.00
0.00
0.00
0.00
0.00
0.00
0.00
0.00
0.00
0.00
0.00
0.00
0.00
0.00
0.00
0.00
0.00
0.00
0.00
0.00
0.00
0.00
0.00
0.00
0.00
0.00
0.00
0.00
0.00
0.00
0.00
0.00
0.00
0.00
0.00
0.00
0.00
0.00
0.00
0.00
0.00
0.00
0.00
0.00
0.00
0.00
0.00
0.00
0.00
0.00
0.00
0.00
0.00
0.00
0.00
0.00
0.00
0.00
0.00
77.12
0.33
3.13
0.16
0.00
0.00
0.00
0.00
0.00
0.00
2.47
0.49
0.00
0.00
0.00
0.00
0.00
0.00
0.00
0.00
0.00
0.00
0.25
0.02
0.04
0.00
0.00
0.00
0.00
0.00
0.00
0.00
0.00
0.00
0.08
1.32
0.58
0.00
0.00
13.10
2.14
0.00
0.00
0.00
0.00
0.00
0.00
0.00
0.00
0.33
0.49
0.16
2.47
4.12
4.12
2.97
6.76
4.28
1.98
0.00
2.97
0.82
0.66
0.00
0.00
1.65
2.47
12.52
39.55
0.00
0.00
5.19
1.98
2.31
10.55
3.13
0.00
0.00
0.00
0.00
0.33
1.15
2.14
0.33
0.33
13.76
22.25
0.66
4.12
0.08
0.74
0.04
0.08
3.25
0.00
0.00
3.54
0.00
0.00
0.00
0.00
0.00
2.33
3.17
6.96
15.28
16.64
34.15
39.22
199.48
105.80
3.13
0.16
0.21
0.16
0.00
10.13
6.67
12.36
46.64
44.49
14.25
1.81
29.25
23.40
16.48
10.13
1.61
0.16
0.00
0.00
4.20
3.21
5.52
20.15
49.52
32.79
16.81
0.00
0.00
0.00
1.57
1.73
5.52
2.02
0.08
8.90
14.50
45.57
29.83
47.13
35.31
16.64
54.67
30.12
61.30
72.43
23.24
20.81
29.17
32.88
18.46
29.50
24.88
41.78
47.96
13.76
18.62
9.10
0.00
0.00
16.44
0.00
0.00
22.74
7.99
13.02
18.05
5.36
13.51
19.03
24.31
5.15
7.50
11.54
15.99
18.58
18.79
13.51
0.00
0.00
14.34
12.69
1.65
0.00
0.00
0.00
4.45
0.00
0.00
0.00
3.63
0.00
0.00
0.00
0.00
0.04
20.15
11.39
0.00
5.03
0.00
4.61
3.30
9.06
42.19
34.77
5.93
0.08
0.00
0.00
0.00
0.00
8.90
7.58
0.00
5.60
2.88
0.00
0.00
0.00
0.08
0.00
0.00
0.00
0.00
0.00
3.05
4.33
0.00
0.00
0.00
0.00
0.00
0.00
0.00
0.00
0.00
0.00
0.00
0.00
0.00
0.00
0.00
0.00
0.00
0.00
0.00
0.00
31.64
50.10
0.00
0.12
0.08
0.08
7.75
14.34
0.25
0.00
0.08
0.08
0.00
0.16
0.08
0.08
0.08
0.08
0.12
0.12
0.16
0.16
0.08
0.16
0.00
0.08
0.00
0.00
0.00
0.04
0.04
0.04
0.00
0.00
0.08
0.00
0.00
0.00
0.00
0.99
0.16
0.00
0.08
0.00
0.00
0.00
0.08
0.00
0.00
0.00
0.00
0.00
0.00
0.00
0.00
0.08
1.65
0.00
5.60
2.64
0.00
0.00
0.00
0.00
0.00
0.00
0.00
1.07
0.08
8.24
7.42
3.13
0.12
0.00
0.00
0.00
0.00
0.00
0.00
0.00
0.00
0.00
0.00
0.00
0.00
0.00
0.00
0.00
0.00
0.00
0.00
0.00
0.00
0.00
0.00
0.00
0.00
0.00
0.00
0.00
0.00
0.00
2.97
1.24
0.58
0.00
0.00
0.00
0.00
0.66
0.41
0.00
0.00
0.00
0.00
0.00
0.00
0.00
0.00
0.00
0.00
0.00
0.00
0.00
3.17
3.83
0.08
0.04
0.00
0.00
0.00
0.25
1.15
0.00
0.00
0.16
3.05
1.48
2.31
6.10
0.33
5.27
0.00
2.64
2.31
0.16
0.16
3.63
0.49
3.13
1.98
3.13
7.58
2.47
16.81
0.00
2.02
4.57
0.91
0.04
0.58
0.00
0.00
2.22
12.28
0.00
0.00
0.00
0.00
0.16
0.99
1.07
0.25
0.00
0.00
0.00
0.00
0.00
0.99
1.32
0.00
0.00
0.00
0.00
0.00
1.15
2.47
2.64
22.99
28.47
0.08
21.26
12.15
4.08
19.14
0.78
2.39
1.07
0.00
0.00
0.00
2.80
3.67
0.00
0.00
1.24
22.25
9.89
7.75
8.65
6.51
17.14
13.64
1.48
13.80
30.40
20.15
13.93
27.56
17.02
27.44
22.06
3.83
8.16
0.00
2.14
0.00
23.52
28.96
17.26
34.48
38.40
38.40
5.11
0.00
14.83
0.00
5.11
10.79
1.73
17.39
33.58
28.59
44.66
36.42
26.28
16.48
4.94
0.00
0.00
0.00
1.65
0.00
0.00
0.00
0.00
0.00
0.00
0.00
0.00
0.00
0.00
14.67
15.00
0.00
0.00
0.00
0.00
0.00
14.34
14.34
11.54
0.00
9.56
12.30
13.31
0.00
0.00
16.69
32.46
12.57
25.05
25.67
28.92
32.46
44.08
44.74
44.17
52.49
18.66
8.61
0.00
0.00
0.00
0.00
20.10
17.34
18.95
17.80
0.00
0.00
0.00
12.44
0.02
7.87
17.14
13.47
0.00
0.00
0.00
0.00
2.06
30.45
7.54
0.04
0.08
7.75
0.00
0.00
0.00
1.81
0.00
10.67
27.40
8.16
0.00
0.00
0.00
0.00
0.00
4.12
22.25
6.10
0.00
0.00
7.75
2.97
4.45
2.06
4.12
4.61
0.00
0.00
0.00
0.00
0.00
0.00
0.00
0.00
0.00
0.00
0.00
0.00
0.00
0.00
0.00
0.00
0.00
0.00
0.00
0.00
0.00
0.00
0.00
0.00
0.00
0.00
0.00
0.00
0.00
0.00
0.00
0.00
0.00
0.00
0.00
0.00
0.00
0.00
0.00
0.00
0.00
0.00
0.00
0.00
0.00
0.00
0.00
0.00
0.00
0.00
0.00
0.00
0.00
0.00
0.00
0.00
0.00
0.00
0.00
0.00
0.00
0.00
0.00
0.00
0.00
0.00
0.00
0.82
0.08
0.00
0.00
0.00
0.00
0.00
0.00
1.32
1.81
12.52
0.16
0.08
0.00
0.00
0.00
0.00
0.00
0.00
0.00
0.00
0.00
0.00
0.00
0.00
0.00
0.00
0.00
0.00
0.00
0.00
0.87
1.36
0.00
0.08
0.00
0.00
0.00
0.00
0.00
0.00
0.00
0.00
0.00
0.00
0.00
0.00
0.00
0.00
0.00
0.00
0.00
0.00
0.00
0.00
1.48
0.00
0.00
0.00
0.00
0.00
0.00
0.00
0.00
0.00
0.00
0.00
0.00
0.00
0.00
0.00
0.08
0.00
0.00
0.00
0.00
2.31
0.82
4.78
2.80
0.00
0.00
0.00
0.00
0.00
0.82
1.98
0.08
0.00
0.00
0.00
0.04
0.16
0.00
0.16
0.33
0.16
0.00
0.16
0.00
0.16
0.00
0.82
3.13
0.66
10.55
1.15
6.26
9.23
12.03
0.00
8.34
3.75
12.61
6.39
3.25
0.08
0.00
3.87
3.96
8.57
2.97
2.47
5.85
23.73
10.05
2.97
1.32
0.16
0.49
0.25
0.82
0.08
0.00
0.33
1.48
5.19
3.87
0.00
13.02
6.26
4.28
0.00
0.00
0.00
2.80
2.64
3.63
16.81
0.66
0.00
0.00
5.44
10.88
37.41
21.26
33.12
10.38
0.00
0.00
0.00
0.49
0.00
0.00
0.00
10.75
17.22
21.46
9.85
21.18
9.39
0.82
18.33
36.79
7.13
31.23
25.87
3.58
9.48
5.15
20.10
15.82
36.30
39.39
28.18
27.36
79.60
92.61
55.54
55.70
5.44
0.49
69.05
51.50
43.84
20.85
23.15
22.74
10.05
8.53
22.66
5.36
4.00
0.00
0.00
26.90
21.59
3.46
4.94
0.00
0.00
0.00
0.00
13.93
0.00
2.97
0.00
20.68
5.60
18.46
0.00
12.32
11.49
14.50
21.79
26.00
24.43
28.57
22.91
25.71
10.71
18.79
26.74
24.60
5.97
0.87
0.00
7.42
24.10
13.43
14.01
3.83
3.79
7.21
0.04
14.50
17.14
8.73
0.04
0.08
11.37
0.08
13.18
16.07
38.19
40.21
41.73
56.77
24.47
6.76
38.97
27.03
0.00
0.00
11.49
15.20
0.00
3.63
19.61
23.90
0.00
0.00
0.00
20.76
0.00
0.00
14.75
4.12
1.48
10.38
7.09
0.00
0.00
0.00
0.00
0.00
0.00
0.00
4.45
12.69
2.64
2.18
0.00
0.00
0.00
0.00
0.00
0.00
0.00
0.00
0.16
0.00
0.00
0.08
0.08
0.08
0.00
0.00
0.00
0.00
0.00
0.66
1.32
0.00
0.00
0.00
0.00
0.00
0.00
0.00
0.00
0.00
0.00
0.00
0.00
0.00
2.64
3.46
1.32
1.32
0.16
0.16
0.00
0.00
0.00
0.00
0.00
0.00
0.00
0.00
0.00
0.00
0.00
0.00
0.00
0.00
0.00
0.00
0.00
0.00
0.00
0.00
0.00
0.00
0.25
0.00
0.00
0.00
57.02
29.17
0.08
0.49
0.00
0.00
0.00
0.00
0.00
0.00
0.00
0.00
0.16
0.33
0.33
0.00
0.00
0.00
0.00
0.00
0.00
0.00
0.00
0.00
0.00
0.00
0.00
0.00
0.00
0.00
0.00
0.00
0.00
0.00
0.00
0.00
0.00
0.00
0.00
0.33
0.00
0.00
0.00
0.00
0.00
0.16
0.00
0.00
0.00
0.00
0.00
0.00
0.00
0.00
0.00
0.82
0.00
0.00
0.00
0.00
0.00
0.00
0.00
0.00
0.00
0.00
0.00
0.00
0.00
0.00
0.00
0.04
0.04
0.00
0.00
0.00
3.79
0.08
0.16
0.00
1.81
6.10
4.53
2.76
0.16
0.16
0.00
1.98
0.16
0.00
0.00
0.04
0.58
1.24
2.14
0.33
1.40
0.08
0.33
0.49
0.00
3.46
0.33
0.00
0.00
1.90
4.12
0.49
0.00
4.18
14.19
3.42
0.00
1.98
0.12
0.10
7.27
5.19
0.25
0.00
0.00
0.00
0.00
0.33
2.88
3.21
2.72
1.32
3.38
1.48
0.00
3.96
0.00
0.08
1.57
0.00
1.98
0.00
0.00
0.82
4.28
0.16
0.00
0.33
2.31
2.64
0.66
7.91
1.48
0.00
0.00
0.00
0.33
0.04
2.72
6.26
0.00
1.32
5.77
3.46
0.00
0.00
1.65
2.93
5.56
0.08
1.61
0.00
0.00
4.12
1.40
0.00
0.00
0.00
0.00
0.00
2.97
0.00
7.42
0.00
3.50
12.94
102.83
68.23
22.29
1.65
0.08
0.08
0.82
0.00
0.00
0.00
0.00
0.00
0.00
0.00
0.00
0.00
0.00
0.00
0.00
0.00
0.00
1.48
5.44
19.53
40.83
40.21
28.26
43.01
35.27
27.85
30.82
72.02
5.11
7.17
20.19
0.00
0.00
12.19
6.43
8.90
18.21
18.95
26.00
19.82
18.21
21.01
18.21
39.06
19.45
17.14
0.00
0.00
12.81
15.16
14.83
14.58
9.72
11.70
14.50
24.22
14.25
18.46
23.07
25.05
8.24
14.50
12.69
3.96
7.33
0.00
10.30
0.00
18.05
23.28
0.04
13.18
16.44
39.76
25.21
15.20
8.82
4.28
14.34
22.58
28.51
23.07
12.36
31.89
37.90
23.07
17.06
0.00
0.00
0.00
0.00
24.72
12.94
10.51
3.21
18.13
14.67
14.67
14.46
24.39
3.96
5.81
11.87
0.00
0.00
0.16
3.79
0.08
0.08
0.00
0.00
0.00
0.00
0.00
0.00
0.00
0.00
0.00
0.00
0.00
0.00
0.00
2.14
8.57
10.55
5.93
12.69
6.67
2.45
0.00
0.00
0.00
0.00
0.00
0.00
0.00
0.00
0.00
0.00
0.00
0.00
0.00
0.00
0.00
0.66
0.00
0.33
12.03
1.81
0.00
0.00
0.08
0.33
0.00
0.00
0.00
0.00
0.00
0.00
0.00
0.00
0.00
0.00
0.00
0.00
0.04
0.00
0.00
0.00
0.00
0.00
0.00
0.00
0.00
0.00
0.00
0.00
0.00
0.00
0.00
0.00
0.00
0.00
0.00
0.00
0.00
0.00
0.00
0.00
0.00
0.00
0.00
0.00
0.00
0.00
0.00
0.00
0.00
0.00
0.00
0.00
0.00
0.00
0.00
0.00
0.00
0.00
0.00
0.00
0.00
0.00
0.00
0.00
0.00
0.00
0.00
0.00
0.00
0.00
0.00
0.00
0.00
0.00
0.00
0.00
0.00
0.00
0.00
0.00
0.00
0.00
0.00
0.00
0.00
0.16
0.08
0.00
0.00
0.00
0.00
0.00
0.00
0.23
0.45
2.78
0.08
0.00
0.00
0.00
0.00
0.00
0.00
0.00
0.00
0.00
0.00
0.00
0.00
0.00
0.00
0.00
0.00
0.00
1.81
2.31
4.04
1.48
0.66
0.00
0.58
0.00
0.00
0.16
0.33
0.16
0.00
0.00
0.49
0.00
0.00
0.00
0.00
0.00
0.00
0.00
0.00
0.00
0.82
2.64
4.61
6.10
13.35
2.31
6.43
0.16
0.21
0.16
0.04
0.00
0.00
0.00
1.85
0.00
0.00
0.00
0.00
0.00
1.15
0.00
0.00
0.99
4.78
9.39
1.15
1.07
0.00
0.00
2.39
1.48
0.00
4.12
8.07
6.59
28.18
11.21
3.46
2.64
0.00
0.00
2.93
12.57
3.63
2.55
3.46
0.00
0.00
0.00
0.00
0.00
0.00
0.00
0.00
0.00
0.00
0.00
0.00
0.00
0.00
0.00
0.00
3.13
0.00
0.00
0.00
0.00
0.00
0.00
0.00
0.00
0.00
0.00
0.00
0.16
0.00
0.00
0.70
1.24
18.87
0.04
19.20
19.61
39.10
46.31
46.47
37.57
75.15
36.09
32.55
34.85
8.78
15.16
7.99
7.33
0.00
0.00
0.00
0.00
7.75
6.34
0.00
0.00
0.00
11.29
1.40
0.00
0.00
0.00
0.04
15.16
3.30
0.00
0.00
16.97
17.30
1.48
3.96
0.00
0.00
0.00
1.48
9.39
11.74
0.00
7.58
0.00
6.84
22.25
16.31
10.88
0.00
0.00
11.45
3.87
7.25
26.53
14.21
13.55
4.82
23.57
9.23
0.00
21.26
15.66
0.00
0.00
0.00
9.89
10.13
42.52
33.37
0.00
19.69
17.14
2.47
3.46
0.00
0.00
0.00
0.00
15.16
3.46
0.04
10.71
9.31
9.48
9.39
22.74
0.00
0.00
7.66
3.05
0.00
0.00
0.00
0.91
1.07
1.15
0.00
0.00
0.00
0.00
0.00
0.00
0.00
0.00
1.40
1.24
0.00
0.00
6.26
0.00
0.00
0.00
0.00
0.00
0.00
0.00
0.00
0.00
0.00
0.00
1.40
0.00
0.00
0.00
0.00
0.00
0.00
0.00
0.00
0.00
0.00
0.00
0.00
0.00
0.00
0.00
0.00
0.00
0.00
0.00
0.00
0.00
0.00
0.00
0.00
0.00
0.00
0.00
0.00
0.00
0.00
0.00
0.00
0.00
0.00
0.00
0.00
0.00
0.00
0.00
0.00
0.10
0.00
0.00
0.00
0.00
0.00
0.00
0.00
0.00
0.00
0.00
0.00
0.00
0.00
0.00
0.00
0.00
0.00
0.00
0.00
0.00
0.00
0.00
0.00
0.00
0.00
0.00
0.00
0.00
0.00
8.40
26.70
0.00
0.00
0.00
0.00
0.00
0.00
0.00
0.00
0.00
0.00
1.77
1.07
0.16
0.00
0.66
0.33
0.00
0.00
0.00
0.00
0.00
0.00
0.00
0.00
0.00
0.00
0.00
0.00
0.00
0.00
0.00
0.00
0.00
0.00
0.08
0.00
0.00
0.00
0.00
0.00
0.00
0.00
0.00
0.00
0.00
0.00
0.00
0.00
1.65
1.81
0.99
0.00
0.00
0.00
0.16
3.54
3.87
21.92
16.64
6.84
0.08
0.00
0.00
1.81
0.00
0.00
0.41
2.31
0.27
0.00
0.00
0.00
0.00
0.00
0.00
0.00
0.00
0.00
1.44
13.97
14.30
8.22
0.00
0.00
0.00
0.33
0.00
0.00
0.00
0.08
0.00
1.61
0.00
0.00
0.00
0.00
0.45
1.15
0.41
0.08
1.48
2.06
0.00
0.00
1.98
0.00
2.06
2.72
15.12
18.21
6.59
2.06
2.84
1.48
3.21
8.32
14.67
2.18
9.72
13.97
5.44
0.00
1.65
0.00
0.00
0.00
1.98
0.00
0.00
0.00
1.81
0.33
4.12
5.60
5.77
1.81
1.81
9.39
4.94
4.45
2.14
0.00
0.00
12.52
22.91
31.31
51.42
127.88
33.08
31.31
0.08
39.10
20.31
0.00
0.00
14.50
11.62
34.32
49.73
46.55
21.92
0.66
29.09
15.94
34.11
18.62
24.06
2.64
0.00
0.00
0.00
0.00
0.00
0.00
0.00
0.00
0.00
0.00
0.00
0.00
0.00
0.00
0.00
0.00
23.28
18.21
11.08
7.25
19.16
10.46
22.33
33.08
18.21
26.78
13.31
26.20
14.17
15.33
26.70
44.74
18.29
19.61
15.12
0.00
0.91
4.24
18.79
17.14
11.70
11.37
0.00
0.00
0.00
1.48
0.00
0.00
13.31
20.06
20.27
26.20
33.74
28.63
15.57
21.18
0.00
0.00
0.00
19.45
14.42
29.83
12.11
12.36
15.49
4.94
0.00
0.00
25.38
0.00
13.31
17.88
3.13
0.00
0.00
9.06
16.07
0.00
0.00
0.00
0.00
0.00
11.87
16.73
11.78
14.58
8.90
0.00
13.02
31.15
14.50
21.09
0.00
0.00
0.00
19.45
6.10
0.00
4.86
4.61
5.44
0.00
0.00
0.00
1.19
5.85
27.52
71.52
33.29
22.91
9.72
0.00
0.00
0.00
0.00
0.00
0.82
0.33
0.00
0.00
0.99
8.65
5.60
0.00
0.00
0.00
0.41
0.00
0.00
0.00
0.00
0.00
0.00
0.00
0.00
0.00
0.00
0.00
0.16
0.16
0.16
0.00
0.00
0.00
0.16
9.23
6.59
0.00
0.08
0.08
0.04
0.12
0.08
0.08
0.16
0.08
0.00
0.00
0.04
0.00
0.00
0.16
0.00
0.00
0.00
0.00
0.00
0.00
0.12
0.16
0.16
0.08
0.00
0.16
0.16
0.16
0.16
0.00
0.00
0.02
0.06
1.61
3.87
0.00
0.00
0.00
0.00
0.00
0.00
0.00
0.00
0.08
0.08
0.00
0.00
0.00
0.00
0.00
0.00
0.00
0.00
0.00
0.00
0.00
0.00
0.00
0.00
0.00
0.00
0.00
0.00
0.00
0.00
0.00
0.00
4.12
4.37
0.00
0.00
0.00
0.00
0.00
0.00
0.00
0.00
0.00
0.00
0.00
0.00
0.00
0.00
0.00
0.00
0.00
0.00
0.00
0.00
0.00
0.00
0.00
0.00
0.00
0.00
0.00
0.00
0.00
0.00
0.00
0.00
0.00
0.00
0.00
0.00
0.12
0.00
0.00
0.00
0.00
0.00
0.00
0.00
0.00
0.00
0.00
2.93
1.90
0.00
0.00
1.61
0.00
0.00
0.00
0.00
0.00
2.64
2.47
8.73
7.75
1.15
3.46
0.00
0.00
0.49
1.65
0.66
5.11
2.80
0.00
2.31
3.63
0.00
2.31
0.66
2.16
1.19
0.56
0.00
5.48
9.31
4.61
6.02
5.27
18.70
10.05
0.99
3.63
0.66
0.16
0.00
0.00
0.00
0.00
0.33
5.69
23.11
2.64
8.36
1.57
0.00
3.75
27.27
2.39
8.57
0.00
0.00
0.00
1.15
0.00
0.00
0.33
0.99
0.00
0.00
0.00
0.00
0.00
0.00
0.00
0.00
1.98
3.79
15.24
16.23
13.68
65.67
42.35
10.63
0.08
0.00
0.00
0.00
0.00
15.82
26.12
22.58
29.17
38.60
20.27
12.52
0.00
0.00
0.00
0.00
0.00
0.00
15.24
19.78
22.25
0.00
5.77
25.87
88.82
6.26
21.42
9.39
0.82
31.97
19.28
9.06
0.00
0.00
20.35
25.54
16.81
10.38
0.00
0.00
9.56
15.24
17.67
19.86
21.46
10.44
8.32
12.28
19.40
25.46
19.53
8.40
9.89
9.48
24.06
20.68
30.82
9.15
9.97
18.87
14.50
22.08
44.08
11.87
11.29
33.99
44.82
44.00
35.27
24.22
13.68
20.43
27.19
45.98
53.31
48.37
20.60
14.42
7.58
0.00
0.00
0.00
0.00
11.12
6.67
9.64
0.00
4.08
11.29
14.34
0.00
0.04
0.04
0.29
0.00
16.56
22.41
17.14
31.48
23.48
0.74
1.98
0.82
5.44
7.91
0.00
4.61
4.90
0.00
2.18
2.22
8.49
5.48
10.96
17.47
8.07
2.47
0.49
0.00
0.00
0.00
0.00
0.00
0.00
0.00
0.00
0.00
0.00
0.00
0.00
2.06
8.98
18.70
0.16
0.00
0.00
6.76
2.80
0.00
0.00
0.00
0.00
0.00
0.00
0.00
0.00
0.00
0.00
0.00
0.00
0.00
0.00
0.00
1.81
14.34
0.00
0.08
0.00
0.00
0.00
0.00
0.16
0.00
1.32
4.70
3.25
30.75
6.55
0.00
0.00
0.04
0.00
0.00
0.00
0.00
0.00
0.00
0.00
0.00
0.00
0.00
0.00
0.00
0.00
0.00
0.00
0.00
0.00
0.00
0.00
0.00
0.00
0.00
0.00
0.00
0.00
0.00
0.00
0.00
0.00
0.00
0.16
14.21
0.16
0.00
0.00
0.00
0.00
0.00
0.00
0.00
0.00
0.00
0.00
0.00
0.00
0.00
0.00
0.00
0.00
0.00
0.00
0.00
0.00
0.00
0.00
0.00
0.00
0.00
0.00
0.00
0.00
0.00
0.00
0.00
0.97
0.02
0.12
0.00
0.00
0.00
0.00
0.00
0.00
0.00
0.00
0.00
0.00
0.00
0.00
0.00
0.00
0.00
0.00
0.04
2.02
7.46
2.18
0.00
0.00
0.00
0.00
0.00
0.00
0.00
0.00
0.00
0.00
0.00
0.00
0.00
0.00
0.00
0.00
0.00
0.00
0.00
0.00
0.00
0.00
0.00
0.99
0.00
0.00
0.00
0.00
0.00
0.00
0.00
0.00
0.00
0.00
0.00
0.00
3.21
9.39
31.76
0.00
0.08
0.00
0.00
0.16
2.14
0.00
5.44
0.74
0.16
0.16
0.00
0.00
0.00
0.00
0.00
0.00
2.14
0.00
0.00
0.00
0.00
0.00
0.00
2.64
2.31
2.31
0.00
0.00
0.00
0.00
0.00
0.00
2.31
0.00
0.99
0.00
0.00
3.13
11.70
6.02
9.52
0.00
2.14
2.64
0.00
0.00
0.33
0.95
10.26
17.39
47.54
29.42
0.00
0.00
0.00
0.00
0.00
14.01
13.02
13.18
37.74
52.90
36.09
0.66
3.63
0.00
0.00
0.00
0.00
0.00
0.00
0.00
2.43
6.30
11.21
0.00
0.00
0.00
0.00
0.00
0.00
0.00
0.00
0.04
8.69
0.00
0.00
0.00
0.00
0.00
5.15
5.48
20.10
14.67
48.45
38.15
18.21
4.78
10.38
0.00
0.00
16.64
0.00
0.00
0.00
0.00
0.00
0.00
0.00
1.15
15.00
3.87
1.48
5.77
3.13
0.00
6.92
5.60
13.84
0.00
8.57
4.45
10.55
15.49
1.48
2.80
0.00
0.00
0.00
0.00
0.00
18.83
17.02
14.38
9.10
0.00
16.19
0.00
0.00
12.28
18.37
4.04
24.64
17.30
28.34
15.33
16.89
10.63
17.39
7.58
0.00
16.81
0.00
0.00
0.00
11.87
0.00
26.04
15.08
15.16
0.00
0.00
0.00
0.00
0.00
0.00
0.49
0.00
0.00
0.00
6.76
7.83
23.24
0.00
0.00
0.00
2.31
6.76
12.11
21.59
12.44
0.00
0.00
1.15
5.93
17.14
0.00
0.00
0.00
0.00
0.00
0.00
0.00
1.48
6.43
19.20
9.89
0.00
9.89
5.11
0.00
0.00
0.00
0.00
0.00
0.00
0.08
0.00
0.00
0.00
0.00
0.08
0.00
0.00
0.00
0.00
0.00
0.00
0.00
0.00
0.00
0.00
0.00
0.00
0.00
0.00
0.00
0.00
0.00
0.00
0.00
0.91
0.00
0.00
0.00
0.00
0.00
0.00
0.00
0.00
0.00
0.00
0.00
0.00
1.65
0.82
2.97
3.21
0.66
0.16
0.00
0.00
0.00
0.00
0.04
0.00
0.00
0.00
0.00
0.00
0.00
0.00
0.00
0.00
0.00
0.00
0.00
0.00
0.00
2.80
5.19
0.12
0.04
0.00
0.00
0.00
0.00
0.00
0.00
0.00
0.00
0.00
0.00
0.00
0.00
0.00
0.00
0.00
0.00
0.00
0.00
0.00
0.99
0.33
0.00
0.00
0.00
0.00
0.00
0.00
0.00
0.00
0.49
0.66
0.00
0.00
0.00
0.00
0.00
1.40
0.00
0.00
0.08
0.00
0.00
0.00
0.00
0.00
0.00
0.00
0.00
0.00
0.00
0.00
0.00
0.00
0.00
0.00
0.00
0.00
0.00
0.00
0.00
0.00
0.00
0.41
0.00
0.00
0.00
0.41
0.00
0.00
0.00
3.46
0.66
0.00
0.00
0.00
0.00
0.00
1.65
0.00
0.00
0.00
0.00
0.00
0.00
0.00
0.00
0.00
1.07
2.47
0.16
0.00
2.47
2.06
2.47
0.00
0.00
0.00
0.00
0.00
0.00
0.00
0.00
0.08
0.00
0.00
0.00
0.00
10.22
0.25
0.99
8.40
5.77
10.84
7.79
16.81
0.08
2.64
0.00
0.16
0.66
3.46
5.69
5.27
0.00
4.94
12.40
0.16
0.00
0.33
0.00
1.81
0.99
1.32
0.08
0.00
6.14
5.44
5.11
12.85
0.00
1.32
0.08
0.00
19.94
10.22
3.30
7.91
0.00
0.00
0.00
0.00
0.00
0.00
0.00
2.31
1.48
6.55
0.00
1.07
0.16
0.00
1.15
0.00
0.00
0.00
0.00
0.16
0.49
0.66
0.00
0.49
1.48
0.00
0.00
2.31
7.42
17.80
8.73
50.59
8.24
22.41
3.63
12.52
21.92
20.93
24.18
25.05
16.77
18.13
24.72
20.56
20.48
33.45
0.00
0.00
14.83
17.72
16.93
6.76
19.53
24.31
36.83
56.57
49.23
37.82
33.87
11.25
27.77
16.60
0.00
0.00
0.00
12.28
0.00
11.82
0.00
0.00
0.00
0.00
0.00
8.65
0.00
0.00
0.00
5.77
21.92
18.29
12.03
13.18
26.37
24.80
14.50
23.19
9.35
0.00
0.00
0.00
0.00
11.95
26.37
24.55
1.98
0.00
15.66
51.00
34.77
11.08
4.74
0.00
25.05
17.88
9.81
0.00
0.00
12.03
0.00
0.00
0.00
0.00
2.55
0.00
0.00
3.54
0.82
15.82
12.36
0.00
0.00
0.00
0.00
0.00
0.00
15.70
0.00
0.00
9.15
0.04
4.04
0.00
0.00
3.87
22.91
25.87
2.22
0.00
0.00
2.31
0.39
1.01
0.00
0.00
0.00
0.00
0.00
0.00
0.00
4.04
3.46
7.66
2.31
0.00
1.48
4.35
3.58
1.81
0.00
5.27
0.00
0.00
0.00
0.00
0.00
0.00
0.00
0.00
0.00
0.00
0.00
0.00
0.08
0.16
0.00
0.00
0.00
0.00
0.82
0.00
0.00
0.00
0.00
0.00
0.00
0.00
0.00
0.00
6.84
15.33
2.31
0.08
0.00
0.00
0.00
0.00
0.00
0.00
0.00
0.00
0.00
0.00
0.00
0.00
6.67
1.11
0.66
0.19
0.54
0.00
0.00
0.16
0.00
0.00
0.00
0.00
0.00
0.00
0.00
0.00
0.00
0.00
0.00
0.00
0.00
0.00
0.00
0.00
0.16
0.08
0.00
0.00
0.00
0.00
1.77
0.04
0.06
0.00
0.00
0.91
1.15
1.15
0.00
0.00
0.00
0.00
0.00
0.00
0.00
0.00
0.00
0.00
0.00
0.00
0.00
0.00
0.00
0.00
0.00
0.00
0.00
0.00
0.00
0.00
0.00
0.00
0.00
0.00
0.00
0.16
0.16
3.96
0.00
0.00
0.00
0.00
0.00
0.00
0.00
2.72
0.21
2.14
2.31
0.33
0.00
0.00
0.00
0.00
0.00
0.00
0.00
0.00
1.65
0.00
5.48
2.64
0.16
0.00
0.00
0.00
1.36
0.04
0.00
0.00
0.00
0.00
0.00
0.00
0.00
0.00
0.00
0.00
0.00
0.00
0.00
0.00
0.82
5.11
0.00
0.00
0.00
0.00
0.99
1.98
0.00
0.00
0.00
0.00
0.00
0.00
0.00
0.00
0.16
0.00
0.00
1.65
0.00
3.79
1.32
1.81
3.21
9.15
0.00
5.44
0.16
0.00
1.81
8.24
10.71
7.91
7.25
4.94
3.96
0.00
1.32
5.44
11.70
0.00
0.00
2.64
4.45
0.00
0.00
0.00
2.97
10.71
0.00
0.00
9.56
28.63
40.00
16.64
0.00
0.00
0.00
0.00
0.00
0.00
2.39
2.31
0.00
8.36
3.05
21.34
14.01
0.04
0.00
19.65
0.04
0.00
0.00
0.00
0.00
1.24
2.47
14.01
19.86
9.52
34.36
26.53
20.89
33.66
30.98
16.64
41.69
25.46
42.85
13.55
0.00
9.72
20.10
0.00
0.00
0.00
0.00
0.00
17.14
6.02
16.56
14.91
7.91
76.55
18.37
24.72
38.40
55.70
23.81
8.73
17.47
0.00
0.00
3.96
39.06
39.47
18.29
22.21
14.63
40.99
24.43
40.13
17.39
0.00
4.37
5.31
4.90
11.37
1.81
0.00
9.31
14.42
14.75
27.11
15.82
18.46
0.00
0.00
0.00
0.00
0.00
2.14
0.00
0.00
0.00
0.00
0.00
0.00
5.73
25.67
8.65
0.04
0.00
0.00
0.00
0.00
8.53
3.93
15.28
12.73
14.54
0.00
0.00
0.00
0.00
0.00
0.00
0.00
9.97
52.12
24.39
22.66
23.28
20.35
14.96
0.00
0.00
0.16
2.72
0.00
0.00
0.00
0.00
0.00
0.00
1.57
4.24
1.98
2.72
0.00
0.00
0.00
0.00
0.00
0.00
0.00
0.16
0.00
0.00
0.00
0.00
0.00
0.04
0.08
0.00
0.00
0.00
0.00
0.00
0.00
0.00
0.00
0.00
0.00
0.00
0.00
0.00
0.00
0.00
0.00
0.00
0.00
0.00
0.00
0.00
0.00
0.00
0.00
0.00
0.00
0.00
0.00
0.00
0.00
0.00
0.00
0.00
0.00
0.00
0.00
0.00
0.00
0.00
0.00
0.00
0.00
0.00
0.00
0.00
0.00
0.00
0.00
0.00
0.00
0.00
0.00
0.00
0.00
0.00
0.00
0.00
0.00
0.00
0.00
0.00
0.00
0.00
0.00
0.00
0.00
0.00
0.00
0.00
0.00
0.00
0.00
0.00
0.00
0.00
0.00
0.00
0.00
0.00
0.00
0.00
0.00
0.00
0.00
0.00
0.00
0.00
0.00
0.00
0.00
1.81
8.40
1.57
1.65
0.00
0.00
0.00
0.00
0.00
0.00
0.00
0.00
0.00
0.00
0.00
0.00
0.00
0.00
0.00
0.00
0.00
0.00
0.00
0.00
0.00
0.00
0.00
1.32
0.33
0.00
0.08
0.00
0.00
0.00
0.00
0.00
0.00
0.00
0.00
0.00
0.00
0.00
0.00
0.00
0.08
0.00
0.00
0.00
0.00
0.00
0.00
0.00
0.00
0.00
0.00
0.00
0.00
0.00
0.00
0.00
0.00
0.00
0.49
0.00
0.00
0.00
0.00
0.08
0.00
0.00
0.00
0.49
4.45
13.43
9.48
7.83
2.86
0.33
10.75
2.18
0.08
1.36
0.16
0.08
0.00
3.79
2.51
2.31
1.11
5.07
0.00
1.07
4.70
0.00
0.00
2.31
6.67
1.57
0.99
3.13
0.00
1.81
2.47
3.13
0.00
0.00
0.00
1.07
0.91
6.10
10.96
9.15
17.63
0.00
7.91
0.00
0.00
0.00
4.61
2.80
7.75
8.57
4.28
16.81
7.66
23.44
5.64
10.05
2.88
0.00
0.04
1.69
0.33
0.66
0.00
0.00
0.00
0.00
0.00
0.00
4.94
6.18
6.92
0.00
0.00
0.21
1.98
0.00
1.24
0.00
15.49
26.70
34.28
14.67
13.27
23.73
28.26
20.10
0.00
0.00
1.15
0.00
4.61
35.47
20.48
14.38
30.16
23.65
17.88
9.23
14.50
16.07
28.92
32.46
10.22
16.03
15.39
0.00
0.00
0.00
10.67
23.73
19.53
23.32
16.97
21.09
14.71
0.00
0.00
0.04
15.37
16.36
29.66
39.30
35.68
20.97
31.15
18.54
18.05
27.03
24.22
11.12
3.96
26.24
14.79
1.57
28.67
37.41
22.91
16.48
37.99
46.14
19.53
9.85
11.33
0.04
12.69
0.00
0.00
0.00
8.82
0.00
0.00
11.54
6.59
0.00
18.95
0.00
8.86
14.17
8.36
0.00
4.99
0.08
1.11
12.71
21.05
9.64
17.84
19.73
17.22
7.19
2.27
0.00
0.00
0.00
6.30
8.07
0.00
15.00
4.37
13.51
0.00
0.00
0.00
0.00
0.00
3.23
0.00
0.00
0.95
0.95
1.50
0.00
0.00
0.00
0.00
0.00
1.98
1.32
0.00
0.00
4.45
10.38
11.04
1.65
0.66
0.00
0.00
0.00
0.00
0.00
0.00
0.00
0.00
0.00
0.00
3.34
2.18
3.17
0.00
0.00
0.00
0.08
0.00
0.00
0.00
0.00
0.00
0.00
0.00
0.00
0.00
0.00
0.00
0.00
0.00
0.00
0.00
0.00
0.00
0.00
0.00
0.00
0.00
0.00
0.00
0.00
0.00
0.00
0.00
0.00
0.00
0.00
0.00
0.00
0.00
0.00
0.00
0.00
0.00
0.00
0.00
0.08
0.00
0.00
0.00
0.00
0.00
0.00
0.00
0.00
0.00
0.00
0.00
0.00
0.00
0.00
0.00
0.00
0.00
0.00
0.00
0.00
0.00
0.00
0.00
0.00
0.00
0.00
0.00
0.00
0.00
0.00
0.00
0.00
0.00
0.00
0.00
0.00
0.00
0.00
0.00
0.00
0.00
0.00
0.00
0.00
0.00
0.00
0.00
0.00
0.00
0.00
0.00
0.00
0.00
0.49
0.00
0.00
0.08
0.00
0.00
0.00
1.09
2.51
0.00
0.00
0.00
0.00
0.00
0.00
0.00
0.00
0.00
0.00
0.00
0.00
0.02
0.00
1.13
1.19
0.06
0.10
0.04
0.00
0.00
0.00
0.00
0.00
0.21
0.00
0.91
0.99
0.12
0.00
1.81
0.00
0.00
0.00
0.00
0.00
0.16
2.64
0.16
0.33
1.15
3.30
0.00
0.00
0.33
1.65
2.64
8.57
6.10
1.15
2.47
0.66
4.28
6.59
9.56
3.54
1.40
0.00
0.00
0.66
2.64
0.00
0.00
4.12
0.00
0.00
5.69
20.27
9.06
10.73
1.44
0.00
0.00
0.00
0.00
0.00
0.00
0.33
0.00
1.40
0.00
0.00
0.00
0.82
1.98
0.00
0.00
6.34
7.50
0.12
19.36
24.76
2.47
1.17
0.49
2.55
0.00
0.00
0.00
0.00
0.00
0.00
0.00
0.00
0.16
2.64
5.93
2.80
2.64
3.13
16.40
19.57
0.00
0.00
0.00
0.00
0.00
0.00
4.94
7.25
15.82
14.09
21.18
18.42
21.55
52.57
58.21
28.34
23.98
28.84
26.70
22.82
25.13
23.07
26.37
20.02
28.92
21.63
15.57
4.82
28.06
31.15
51.21
26.20
46.80
19.03
26.61
22.04
20.19
17.14
5.11
10.05
6.43
17.63
19.78
14.42
15.20
20.10
0.00
0.00
20.76
25.38
0.00
15.00
0.00
15.86
23.57
24.60
32.88
43.38
43.63
24.31
28.84
15.28
16.85
1.69
0.00
4.24
8.90
0.00
0.00
0.00
0.00
0.00
0.00
0.00
7.79
0.00
2.72
17.51
29.62
0.00
0.00
10.46
21.59
11.21
9.64
4.61
0.00
5.97
0.00
0.00
0.00
0.00
15.94
9.85
17.96
5.27
29.50
28.18
21.84
14.42
16.77
0.00
1.40
7.54
0.04
0.00
10.09
13.06
0.00
13.64
7.62
9.02
9.56
0.00
0.00
0.00
0.00
0.00
0.00
0.00
0.00
0.00
0.00
0.00
0.82
0.00
3.21
11.21
7.25
7.09
21.75
40.21
1.65
0.99
0.00
0.00
0.00
0.00
0.00
0.00
0.00
0.00
0.00
0.00
0.00
0.00
0.16
1.15
5.11
1.24
0.00
0.00
0.00
0.00
0.08
0.00
0.00
0.00
0.00
0.00
0.00
0.00
0.00
0.00
0.00
1.32
0.00
0.00
0.00
0.00
0.00
0.00
0.00
0.00
0.00
0.00
0.00
0.00
0.00
0.00
0.00
0.00
0.00
0.00
0.00
0.00
0.00
0.00
0.00
0.00
0.00
0.00
0.00
0.00
0.00
0.00
0.00
0.00
0.00
0.00
0.00
0.00
0.00
0.00
0.00
0.00
0.00
0.00
0.00
0.00
0.00
0.00
0.00
0.00
0.33
0.16
0.00
0.00
0.00
0.00
0.00
0.00
0.00
0.00
0.00
0.00
0.00
0.00
0.00
0.00
0.00
0.00
0.00
0.08
0.41
1.28
0.00
0.00
0.00
0.00
0.00
0.00
0.00
0.00
0.00
0.00
0.00
0.00
0.00
0.00
0.00
0.00
1.85
0.04
0.00
0.04
0.08
0.00
0.08
3.54
0.00
0.00
0.00
0.00
0.00
0.00
0.00
0.00
0.41
0.04
0.00
0.00
4.78
8.86
3.87
0.00
0.99
0.00
0.00
0.00
0.00
0.00
0.00
0.00
0.00
0.00
0.00
0.00
0.00
0.00
0.00
0.00
0.16
2.47
0.00
1.65
0.00
0.00
0.00
3.96
0.16
0.00
0.00
1.48
0.99
0.99
0.66
0.00
0.33
0.49
1.15
5.44
1.81
0.00
0.00
6.76
9.06
7.42
0.33
0.16
1.15
6.26
18.05
10.46
8.24
3.13
5.11
4.94
9.81
8.86
4.94
8.28
4.41
0.00
1.48
5.77
9.23
0.00
0.00
0.00
0.00
0.00
0.00
2.97
0.00
0.00
0.00
0.00
0.00
0.00
0.00
2.55
4.78
26.33
24.84
73.95
51.13
12.28
0.33
44.66
36.25
25.54
3.63
0.00
0.00
0.00
0.00
18.62
46.14
52.98
35.68
58.42
46.14
24.06
38.89
33.78
10.38
15.33
16.48
10.88
16.48
24.88
27.52
15.49
12.94
8.32
44.66
30.40
27.85
25.21
15.90
0.00
0.00
0.00
0.00
0.00
0.00
0.00
0.00
3.46
5.03
0.00
0.00
0.00
20.76
10.79
11.74
31.43
25.79
16.69
20.64
22.82
0.00
15.00
8.73
0.00
0.00
0.00
0.00
0.00
0.00
0.00
0.00
0.00
0.00
0.00
0.00
0.00
0.00
0.00
0.00
0.00
0.00
0.12
22.78
22.49
0.00
6.51
11.25
0.00
17.63
14.38
5.85
12.94
24.84
18.66
0.00
18.62
17.39
34.40
18.13
12.24
0.00
0.00
0.00
0.00
0.00
0.00
0.00
0.00
0.00
0.00
0.00
0.00
0.00
0.00
10.63
11.74
0.00
0.00
0.00
0.00
0.00
0.00
0.00
0.00
0.00
0.00
0.00
0.00
0.00
0.00
0.00
1.57
1.65
17.72
12.77
6.92
0.00
0.00
0.00
4.94
3.38
17.55
36.87
9.23
3.38
0.12
0.00
1.90
0.00
1.32
113.05
61.06
0.00
0.00
0.08
0.00
0.00
0.00
0.00
0.00
0.00
0.00
0.00
0.00
0.00
0.00
0.00
0.00
0.00
0.00
0.00
0.00
2.14
24.43
0.00
0.00
0.00
0.00
0.00
0.00
0.00
0.00
0.00
0.00
0.00
0.00
0.00
0.00
0.00
0.00
1.32
0.00
0.00
0.00
0.00
0.00
0.00
0.00
0.00
0.00
0.00
0.00
0.00
0.00
0.00
0.00
0.00
0.00
0.00
0.00
0.00
0.00
0.00
0.00
0.00
0.00
0.00
0.00
0.00
0.00
0.00
0.00
0.00
0.00
0.00
0.00
0.00
0.00
0.00
0.00
0.00
0.00
0.00
0.00
0.00
0.00
0.00
0.00
0.00
0.00
0.00
0.00
0.00
0.00
0.00
0.00
0.00
0.00
0.00
0.00
0.00
0.00
0.00
0.00
0.00
0.00
0.00
0.00
0.00
0.00
0.00
0.00
0.00
0.00
0.00
0.00
0.00
0.00
0.00
0.00
0.00
0.00
0.00
0.00
0.00
0.00
0.00
0.16
0.00
0.00
0.16
1.73
0.00
0.00
0.00
0.00
0.00
0.00
0.00
2.72
4.94
11.37
13.84
5.48
0.91
5.11
0.99
0.16
2.55
8.78
15.74
10.55
11.25
12.13
3.85
0.00
2.31
3.54
1.65
7.95
4.49
1.11
0.04
0.10
0.21
25.34
14.46
6.18
2.55
2.64
4.04
0.66
8.24
6.92
4.45
4.45
2.97
16.48
1.32
8.24
2.47
5.93
2.39
0.00
0.00
1.15
2.22
1.98
5.27
13.51
6.92
0.00
1.81
0.00
0.00
2.47
3.63
24.22
6.92
12.03
9.39
4.94
13.18
3.63
0.00
0.00
0.00
0.99
0.00
0.00
2.47
0.00
0.16
0.00
0.00
0.00
0.00
0.00
0.00
0.00
3.42
0.00
0.00
3.46
6.92
0.00
5.77
0.00
2.39
5.69
14.17
12.85
20.10
8.40
10.88
36.75
2.97
20.27
7.17
5.03
7.66
37.74
42.72
19.94
10.55
17.22
18.79
16.56
35.93
23.15
28.18
22.78
14.17
27.73
24.76
14.21
15.70
4.00
5.69
10.88
15.33
7.09
12.69
13.27
21.09
16.40
33.00
20.35
18.29
37.08
29.25
25.21
20.76
2.14
6.47
8.98
4.86
11.54
22.78
4.61
7.46
5.44
7.58
0.00
0.00
0.00
0.00
0.00
0.00
6.84
0.00
1.57
0.00
28.22
0.00
6.49
18.70
21.38
22.41
17.72
13.68
6.59
0.08
3.09
19.82
24.31
29.70
45.48
32.22
20.02
10.18
30.36
17.63
8.86
8.65
9.48
1.48
0.00
3.63
10.22
10.38
0.00
8.73
0.00
0.00
7.58
24.88
31.15
23.40
14.17
24.31
6.18
12.94
5.19
7.46
3.96
2.55
0.00
1.48
4.12
12.36
3.46
0.08
0.00
4.53
2.93
6.18
6.67
1.94
0.00
0.00
0.00
14.25
32.22
16.56
0.08
0.00
0.00
0.00
0.00
0.00
0.41
0.00
0.04
0.04
0.16
0.12
0.04
0.00
0.16
0.16
0.00
0.00
0.00
0.00
0.00
0.00
21.18
34.61
0.33
0.31
1.90
0.04
0.00
0.06
0.08
0.00
0.00
0.00
0.00
0.00
0.00
0.12
0.08
0.04
0.04
0.08
0.00
0.00
0.00
0.00
0.00
0.02
0.16
0.33
0.00
0.08
0.08
0.04
0.08
0.10
0.02
0.00
0.08
0.00
0.00
0.00
0.00
0.00
0.00
0.04
0.08
0.00
0.00
0.00
0.00
0.00
0.00
0.00
0.00
0.00
0.00
0.00
0.00
0.00
0.00
0.00
0.00
8.20
0.33
0.00
0.00
0.00
0.00
0.00
0.00
0.00
0.00
0.00
0.00
0.00
0.00
0.00
0.00
0.00
0.00
0.00
0.00
0.00
2.06
0.00
0.00
0.00
0.00
0.00
0.00
0.00
0.00
0.00
0.00
0.00
0.00
0.66
0.00
0.49
0.00
0.00
0.58
0.00
0.00
0.00
0.00
0.33
0.16
0.00
0.00
0.00
1.98
0.08
0.00
0.00
0.00
0.00
0.00
0.00
0.00
0.00
0.00
0.00
1.07
0.00
0.00
0.00
0.00
0.00
0.16
0.16
0.49
0.00
7.25
3.63
6.26
0.16
0.00
0.99
0.33
0.00
0.00
0.00
0.25
1.32
0.00
0.00
0.00
0.00
4.45
4.45
1.98
0.00
0.00
0.00
0.00
1.36
5.19
4.94
12.85
1.32
0.00
0.00
3.96
20.10
11.37
19.78
5.60
0.49
2.14
2.80
1.48
2.80
0.00
0.99
0.33
0.00
0.00
0.66
2.97
1.65
10.38
14.34
12.69
21.26
20.10
28.26
18.29
0.00
0.00
0.00
0.00
0.00
0.00
0.00
5.93
11.78
9.27
0.45
0.00
3.09
18.33
22.91
18.13
8.24
15.99
10.71
1.48
0.00
0.49
0.00
0.00
0.00
0.00
0.00
0.00
9.89
9.89
14.83
7.91
47.46
23.40
37.41
0.00
0.00
0.00
0.00
3.63
4.28
12.85
8.40
13.84
0.08
2.55
16.93
3.96
9.64
12.73
14.34
2.72
8.32
23.40
20.43
40.54
34.94
12.03
0.00
13.18
9.56
11.70
12.85
13.84
12.52
13.10
13.31
30.49
20.10
0.00
0.00
0.00
0.00
0.00
0.00
0.00
13.27
3.63
0.00
0.00
7.42
0.00
0.00
0.00
0.00
0.00
0.00
0.00
0.00
0.00
0.00
14.50
2.97
0.00
0.00
0.00
0.00
0.00
0.00
0.00
20.06
14.96
3.63
18.91
21.38
17.47
0.00
0.00
10.88
11.99
0.00
0.00
0.00
1.32
0.00
11.37
0.00
0.00
4.45
22.74
18.29
15.33
0.00
17.80
17.96
7.58
0.00
21.59
9.39
0.00
0.00
1.15
0.00
0.00
0.00
0.00
0.00
0.00
0.00
0.00
0.00
0.00
0.00
1.24
0.08
1.32
0.00
0.00
2.97
0.99
0.00
0.00
0.00
0.00
0.00
0.00
0.00
0.00
0.00
0.00
0.00
0.00
0.00
0.00
0.00
0.00
0.00
0.00
0.00
0.00
0.00
0.00
0.00
0.00
0.00
0.00
0.00
0.00
0.00
0.00
0.00
0.00
0.00
0.00
0.00
0.00
0.00
0.00
0.00
0.00
0.00
0.00
0.00
0.00
0.00
0.00
0.00
0.00
0.00
0.00
0.00
0.00
0.00
0.00
0.00
0.00
0.00
0.00
0.00
0.00
0.00
0.00
0.00
0.00
0.00
0.00
0.00
0.00
0.00
0.00
0.00
0.00
0.00
0.00
0.00
0.00
0.00
0.00
0.00
0.00
0.00
0.00
0.00
0.41
2.72
7.29
0.08
0.00
0.00
0.00
0.00
0.00
0.00
0.00
0.00
0.00
0.00
0.00
0.00
0.00
0.00
2.51
4.53
6.43
0.04
0.00
0.00
6.26
9.56
0.00
0.00
0.00
0.00
0.00
0.00
0.00
0.00
0.41
0.41
1.98
1.61
1.24
0.00
0.00
0.00
0.00
0.00
0.00
0.00
0.00
0.00
0.66
0.16
1.73
1.81
0.04
0.00
0.00
9.72
13.35
0.00
0.00
1.32
0.66
0.00
1.48
0.00
0.00
0.66
0.99
0.16
0.00
0.49
1.15
1.48
0.00
0.00
0.00
0.08
0.00
0.00
0.00
0.16
0.49
0.66
6.59
7.09
24.22
3.96
0.99
0.49
0.00
0.00
1.15
0.00
0.00
1.48
0.00
0.66
0.00
2.14
2.14
0.00
0.00
0.00
0.00
0.00
0.00
0.99
0.16
3.13
2.64
4.61
1.98
0.16
0.16
3.46
0.49
11.70
3.46
1.98
1.32
2.39
3.46
0.00
5.11
7.91
3.96
0.00
0.00
0.00
4.78
1.15
0.00
22.33
24.80
26.04
23.57
22.41
0.00
5.52
2.22
3.96
0.16
2.39
15.08
3.46
1.65
8.90
29.66
5.77
14.34
0.00
0.00
0.00
0.00
0.00
4.45
0.66
7.29
17.39
0.00
12.48
27.56
62.29
46.39
25.71
0.00
0.00
0.00
0.00
0.00
0.00
0.00
0.00
0.00
0.00
7.42
0.00
13.68
0.00
0.00
0.00
0.00
0.00
0.00
0.00
0.00
0.00
0.00
0.00
0.00
0.00
0.00
29.42
38.23
70.53
48.61
15.90
11.91
0.00
0.00
0.00
0.00
0.00
2.47
2.14
7.75
8.98
34.61
14.75
14.01
4.12
9.72
54.71
92.12
18.62
3.63
0.00
0.00
0.00
0.00
0.00
8.90
32.55
47.30
45.32
50.10
18.70
18.99
22.82
7.91
0.00
0.00
14.50
0.00
0.00
0.00
0.00
3.46
18.54
0.00
0.00
0.00
0.00
0.00
0.00
0.00
0.00
0.66
0.00
17.63
0.00
0.00
0.00
19.86
14.21
18.91
16.56
15.16
30.08
69.01
27.23
0.00
0.08
0.00
0.00
0.00
0.66
0.00
0.00
0.00
0.00
0.00
0.00
0.33
2.22
2.80
1.36
0.00
0.00
0.00
0.00
0.00
0.00
0.00
0.00
0.00
0.00
0.00
0.00
0.00
0.00
15.41
33.12
20.76
11.95
0.00
0.00
0.08
0.08
0.02
0.00
0.00
0.10
0.16
0.21
0.16
0.16
0.08
0.16
0.16
0.12
0.04
0.04
0.04
0.04
0.00
0.00
0.00
0.00
0.00
0.00
0.00
0.00
0.00
0.16
0.16
0.16
0.16
0.00
0.16
0.16
0.00
0.00
0.00
0.08
0.08
0.00
0.00
0.33
0.16
0.00
0.00
0.00
3.13
10.13
0.00
0.00
0.00
0.00
0.00
0.00
0.00
0.00
0.00
0.00
0.00
0.00
0.00
0.00
0.00
0.00
0.00
0.00
0.00
0.00
0.00
0.00
0.00
0.00
0.00
0.00
0.00
0.00
0.00
0.00
0.00
0.00
0.00
0.00
0.00
0.00
0.00
0.00
0.00
0.00
0.00
0.00
0.25
0.00
0.00
0.00
0.00
0.00
0.49
0.08
0.33
0.91
0.58
0.00
0.00
0.00
0.04
0.64
1.01
0.08
0.00
0.08
0.91
0.00
0.33
0.00
0.00
0.00
0.00
0.00
0.00
5.07
0.00
2.41
7.04
8.32
14.75
0.10
0.00
0.66
3.42
3.75
0.04
0.04
0.00
0.00
0.00
0.00
0.00
0.00
0.00
0.00
0.00
0.16
3.96
0.00
0.00
0.95
0.00
0.00
0.00
0.00
0.00
0.00
0.00
0.00
0.37
0.00
0.00
0.00
0.00
0.00
2.14
0.00
0.00
0.00
0.00
0.00
0.00
1.48
1.48
42.68
3.87
3.46
7.33
0.00
0.00
0.00
0.00
4.33
2.39
6.18
14.83
1.40
2.14
2.47
1.48
1.32
9.39
9.56
0.00
5.11
0.00
7.58
1.81
17.63
4.94
0.00
3.13
4.45
4.61
0.00
0.00
6.59
7.62
7.21
0.49
0.00
8.07
0.00
0.00
0.00
0.00
0.70
0.00
4.04
3.01
9.06
0.00
7.29
1.11
0.00
21.42
18.33
11.29
29.09
11.74
37.04
16.44
4.37
0.00
0.00
9.06
9.56
19.03
0.00
0.00
0.00
0.00
0.00
0.00
0.00
0.00
6.10
13.84
17.30
0.00
0.00
0.00
0.00
0.00
0.00
1.32
7.25
0.00
6.84
4.37
0.00
0.00
0.00
2.27
3.05
0.00
0.00
0.00
18.54
20.60
28.43
17.72
22.33
30.94
18.29
8.24
0.00
8.90
4.37
2.64
0.08
5.19
0.00
13.02
24.88
22.99
7.25
18.70
26.82
10.92
37.53
29.25
15.82
26.45
27.85
14.17
0.00
0.00
10.63
0.00
0.00
0.00
0.00
24.84
0.02
19.69
15.28
0.00
0.00
6.84
0.00
3.54
17.96
12.32
0.00
0.00
0.00
14.71
0.00
0.00
1.65
0.00
0.00
0.00
12.19
9.56
0.00
0.00
0.00
0.00
0.00
8.07
0.00
0.00
0.00
8.24
10.63
0.00
0.00
0.00
0.00
0.00
0.00
6.76
3.71
1.19
0.00
0.00
0.00
9.72
10.79
11.21
0.00
9.60
8.24
3.25
13.72
9.19
22.49
25.30
10.13
0.66
0.58
1.15
0.00
0.00
0.00
0.00
0.00
0.00
0.00
0.00
0.00
0.00
0.00
0.00
0.00
0.00
0.00
4.78
6.76
22.49
20.68
0.33
0.00
0.00
0.00
0.00
0.00
0.00
0.00
0.00
0.16
0.16
0.16
0.16
0.08
0.08
0.00
11.54
8.24
1.32
15.16
0.08
0.00
0.08
0.08
0.04
0.04
0.00
0.00
0.04
0.04
0.08
0.08
0.12
0.04
3.21
0.00
0.12
0.14
0.04
0.10
0.16
0.12
0.00
0.04
0.00
0.00
0.00
0.00
0.00
0.00
14.21
0.04
0.04
0.08
0.08
0.12
0.25
0.00
0.08
0.00
0.00
0.00
0.00
0.00
0.00
0.00
0.00
0.00
0.00
0.25
0.82
0.45
0.00
0.00
0.00
0.00
0.00
0.00
0.00
0.00
0.00
0.00
0.00
0.00
0.00
0.00
0.00
1.32
5.77
0.00
0.00
0.00
0.00
0.00
0.00
0.16
0.00
0.00
0.00
0.00
0.00
0.00
0.00
0.00
0.00
7.75
0.00
0.00
0.00
0.00
0.00
0.00
0.00
0.00
0.25
3.63
0.00
0.00
4.28
7.75
12.19
0.08
5.44
0.00
0.08
0.00
0.00
0.00
0.00
0.00
0.00
0.66
0.00
0.00
0.00
0.00
0.00
0.00
0.16
0.00
0.00
0.00
0.00
1.98
1.32
5.27
29.00
33.78
19.12
5.60
0.33
0.33
27.36
13.51
9.89
3.87
10.55
0.00
0.00
0.00
0.00
2.97
3.30
3.30
0.00
0.00
0.08
0.00
0.82
12.15
9.06
5.60
4.28
0.00
0.00
0.00
0.00
0.00
0.00
1.19
1.07
0.00
0.00
0.00
8.65
6.84
20.93
16.31
5.19
0.00
0.00
0.00
0.00
0.00
0.00
0.00
0.00
10.13
9.60
5.97
7.66
6.47
6.67
4.57
16.85
32.88
13.55
15.41
16.81
24.39
0.00
0.00
0.00
0.00
0.00
0.00
8.90
5.85
10.13
32.05
34.61
21.84
42.76
29.46
22.91
27.44
25.38
13.43
0.00
0.00
8.24
7.75
14.34
23.90
20.35
49.93
48.53
42.43
7.09
16.89
18.37
6.26
23.57
42.23
16.27
28.10
15.33
17.06
30.20
25.54
23.52
0.00
0.00
0.00
0.00
0.00
0.00
0.00
0.00
12.19
17.63
15.12
14.79
10.63
1.73
17.63
29.66
14.38
0.00
0.00
0.00
0.00
9.64
32.46
27.60
9.15
24.43
9.43
16.81
16.48
0.00
0.00
0.00
0.00
0.00
3.46
6.43
0.00
0.00
29.17
9.60
0.00
0.00
15.90
20.56
28.22
0.00
23.48
28.26
0.00
0.00
0.00
0.00
0.00
0.00
0.00
0.00
22.49
0.00
29.00
13.84
10.38
5.11
12.19
0.00
16.64
14.50
17.47
30.16
0.00
1.48
0.00
0.00
0.00
0.00
0.00
0.00
0.00
0.00
0.00
2.39
0.91
0.00
0.00
0.00
0.00
3.21
8.49
0.00
0.00
0.00
0.49
0.00
0.00
0.00
0.00
0.00
0.00
0.00
0.00
0.00
0.00
0.00
0.00
0.00
4.94
1.15
0.00
0.00
0.00
0.00
0.00
0.00
0.00
0.00
0.00
0.00
0.00
0.00
0.00
0.00
0.08
6.76
23.65
8.57
7.33
4.04
0.00
0.00
0.00
0.00
0.00
0.00
0.00
0.00
0.08
0.00
0.00
0.00
0.00
0.00
0.00
0.00
0.00
0.00
0.16
0.00
0.00
0.00
0.00
0.00
0.00
0.00
0.00
0.00
0.00
0.00
0.00
0.00
0.00
0.00
0.00
0.00
0.16
4.28
1.98
0.04
0.00
0.00
0.00
0.00
0.00
0.00
0.00
0.00
0.00
0.00
0.00
0.00
0.00
0.00
0.00
0.00
0.00
0.00
0.00
0.00
0.00
0.00
0.00
0.00
0.00
0.00
0.00
0.00
0.00
0.00
0.00
0.00
0.00
0.00
0.00
0.00
0.00
0.00
0.00
0.00
0.00
0.00
0.00
0.00
0.00
0.00
0.00
0.00
0.00
0.00
0.00
0.10
3.05
1.22
0.12
0.00
0.00
1.65
4.28
1.98
0.16
8.65
5.64
9.19
8.82
0.00
0.00
0.00
2.84
0.21
0.04
0.12
1.44
0.08
0.08
0.00
0.00
0.00
1.46
0.00
5.81
2.84
6.02
5.36
6.14
0.00
0.00
0.00
0.00
0.00
0.00
0.00
1.48
0.16
0.00
0.00
0.00
1.15
0.08
2.31
1.32
0.16
0.33
0.00
0.00
2.72
17.14
27.03
8.40
3.13
0.00
0.00
9.23
10.22
1.65
3.05
3.13
1.98
0.00
1.32
0.82
0.49
0.00
0.00
0.33
2.31
3.63
11.37
1.65
3.79
3.63
4.61
7.91
9.23
0.00
0.00
0.00
0.00
0.00
0.00
0.00
0.00
0.00
0.00
0.00
0.00
0.00
0.00
3.87
1.98
7.99
0.00
0.00
0.00
18.25
44.54
48.45
46.18
0.21
11.25
12.11
57.68
35.76
5.27
0.00
0.00
0.00
0.00
0.00
7.33
1.44
0.00
0.00
0.00
0.00
0.00
0.00
0.00
0.00
0.00
0.00
0.00
0.00
0.00
0.00
10.96
19.45
9.89
13.68
14.83
21.26
39.63
34.94
0.00
0.00
0.00
0.00
11.23
11.16
7.54
8.65
3.01
23.40
68.06
42.52
6.76
34.65
24.27
11.78
0.04
8.40
27.11
23.40
25.30
25.21
25.38
25.96
10.22
20.19
12.61
0.08
0.00
0.00
0.00
3.13
14.17
20.60
30.36
27.19
11.21
14.58
4.28
20.93
15.49
0.00
10.05
28.80
26.74
8.61
0.00
0.00
0.00
0.00
0.00
0.00
0.00
12.44
19.73
14.71
16.19
14.01
5.48
5.15
12.48
0.00
0.00
0.00
0.00
0.00
12.11
12.85
8.32
6.59
0.00
3.13
12.85
2.97
10.46
0.00
0.00
0.00
6.76
0.00
0.00
0.00
1.22
0.00
13.14
0.21
0.00
0.00
0.00
0.00
0.00
0.00
0.00
0.00
2.06
12.69
4.74
0.00
0.00
0.00
0.82
0.00
0.04
0.04
0.04
0.04
1.67
0.91
0.16
0.00
0.00
0.00
0.00
0.00
0.00
0.00
0.00
0.00
0.00
0.41
0.33
1.32
2.47
1.90
1.07
1.32
0.00
0.00
0.00
2.80
0.00
0.82
12.19
0.91
0.00
0.00
0.00
0.00
0.00
0.00
0.00
0.00
0.00
0.00
0.00
0.00
0.00
0.00
0.00
0.00
0.00
0.00
0.00
0.00
0.00
0.00
0.00
0.00
0.00
0.00
0.00
0.00
0.00
0.00
0.00
0.00
47.96
3.30
0.00
0.00
0.00
0.00
0.00
0.00
0.00
0.00
0.00
0.00
0.00
1.38
0.08
0.00
0.00
0.00
0.00
0.00
0.00
0.00
0.00
0.00
0.00
0.00
0.00
0.00
0.00
0.00
0.00
0.00
0.00
0.00
0.00
0.00
0.00
0.00
0.00
0.00
0.00
0.00
0.00
0.00
0.00
0.00
1.15
0.16
0.00
0.00
0.00
0.00
0.00
0.00
0.00
0.00
0.00
0.00
0.00
0.00
0.00
0.00
0.00
0.00
0.00
0.00
0.00
0.00
0.00
1.48
0.82
3.96
12.69
6.10
0.16
2.55
1.32
0.08
0.04
3.05
0.54
7.95
3.63
0.00
5.27
2.14
3.30
0.00
0.04
2.97
0.54
2.02
3.25
4.28
2.64
0.00
0.00
0.00
0.16
0.00
2.64
0.82
5.44
0.00
2.80
1.36
1.90
2.45
0.49
2.31
3.13
5.73
0.91
0.00
0.00
0.00
0.00
3.96
5.19
0.49
3.63
2.64
1.65
4.28
1.07
7.04
9.85
5.60
1.92
0.00
2.18
36.42
33.45
17.63
6.92
1.15
0.00
0.00
0.00
0.00
14.17
0.00
0.00
0.00
0.00
0.99
7.91
28.02
20.60
5.93
8.07
13.02
12.85
3.63
0.00
0.00
0.00
0.00
0.00
0.00
0.00
0.00
10.22
0.00
0.00
0.00
0.00
10.88
4.45
13.84
0.00
0.00
0.00
0.00
0.00
6.72
16.85
22.16
31.06
8.57
18.33
25.09
25.83
31.52
47.75
55.91
13.84
0.04
18.05
7.33
7.04
17.72
12.52
17.92
23.11
35.76
7.48
33.12
14.54
10.22
16.73
38.40
28.51
46.68
49.52
38.81
37.86
43.05
9.60
17.84
17.63
18.87
32.22
13.35
1.81
6.88
15.08
29.66
19.12
23.24
17.34
20.35
11.37
11.37
7.00
12.07
33.87
31.15
21.96
16.97
20.31
2.76
19.90
7.00
4.61
13.72
32.09
22.04
3.67
0.00
0.00
0.00
0.00
22.12
14.25
7.00
24.14
5.52
14.58
5.19
0.00
3.58
15.00
1.81
0.00
17.88
22.08
32.14
34.73
28.26
5.52
6.47
12.03
18.99
16.69
21.42
0.00
0.00
0.00
0.00
0.00
0.00
0.00
0.00
0.00
0.99
10.38
0.00
0.00
13.68
17.88
27.03
1.24
3.96
2.97
8.57
3.21
6.18
0.41
0.66
3.46
0.00
0.00
0.00
0.00
0.00
0.00
0.00
0.00
0.00
0.00
0.00
0.00
0.00
2.80
0.58
2.80
13.51
10.22
3.79
0.00
0.00
0.00
0.00
0.00
0.04
0.12
0.04
0.00
0.00
0.00
0.00
0.00
0.00
0.00
0.00
9.72
59.99
30.86
9.64
0.00
0.08
0.00
0.00
0.00
0.00
0.00
0.00
0.16
0.00
0.00
0.00
0.00
0.00
0.00
0.00
0.00
0.00
0.00
0.00
0.00
0.00
0.16
0.00
0.00
0.00
0.04
0.00
0.16
0.00
0.00
0.00
0.00
0.16
19.94
7.75
0.16
0.08
9.43
7.75
0.00
0.04
0.00
0.00
0.00
0.00
0.00
0.00
0.00
0.21
0.66
0.00
0.00
0.00
0.00
0.00
0.00
0.00
0.00
0.00
0.00
0.00
0.00
0.00
0.16
0.00
0.00
0.00
0.00
0.00
0.00
0.00
0.00
0.00
0.45
3.60
0.19
0.04
0.08
0.04
0.00
0.00
0.04
0.00
0.00
0.00
0.00
0.00
0.00
0.00
0.00
0.00
0.00
0.00
0.00
0.00
0.00
0.16
0.00
0.00
0.00
0.00
0.00
0.00
0.00
0.00
0.00
0.00
0.82
0.04
0.00
0.00
1.48
3.30
0.49
0.00
0.00
0.00
0.00
0.00
0.00
0.00
0.00
0.00
0.00
0.00
0.00
0.00
0.00
2.06
0.00
3.30
0.00
0.00
0.00
0.99
0.00
6.59
6.43
4.61
35.10
15.33
0.33
4.61
2.14
0.66
0.25
0.00
0.00
0.99
0.00
0.49
0.00
1.15
2.80
0.00
0.00
0.00
0.00
0.00
0.66
1.48
0.00
0.49
4.28
3.63
14.17
10.88
0.00
0.00
0.00
0.00
0.00
0.00
2.80
7.09
18.62
0.00
6.43
0.99
4.94
18.13
20.27
18.62
8.57
1.24
5.27
0.00
0.00
0.00
0.00
0.00
0.00
0.00
0.00
0.00
0.00
47.01
86.93
59.16
25.42
10.59
0.00
0.00
0.00
0.08
16.27
30.90
48.99
35.55
21.84
20.56
18.95
18.29
12.36
0.00
0.00
0.00
0.00
0.00
0.00
0.00
0.00
0.00
0.00
0.00
0.00
0.00
7.09
20.60
37.74
36.50
24.88
29.25
16.19
16.31
48.61
33.95
20.76
20.60
18.13
8.73
1.98
24.22
1.48
0.00
4.61
0.00
0.00
0.00
0.00
4.28
3.21
0.08
0.00
0.00
0.00
0.00
0.00
7.17
36.58
51.83
50.63
42.39
28.43
22.82
25.58
16.52
6.59
32.79
23.40
11.37
10.55
3.46
4.12
11.74
6.80
0.00
16.15
25.54
0.00
0.00
0.00
0.00
20.35
11.66
26.33
0.00
0.00
8.51
9.19
14.50
1.28
6.02
7.75
7.91
1.77
2.14
2.31
6.43
5.85
10.88
15.00
0.16
0.00
0.00
0.00
0.00
0.08
9.19
3.34
1.48
0.00
11.29
12.65
19.03
11.47
0.00
0.00
0.00
0.00
9.97
15.33
0.00
0.00
0.00
0.00
0.00
0.00
0.00
3.46
1.81
0.00
0.00
0.00
0.00
0.16
0.16
0.04
0.02
0.04
0.00
0.00
0.00
0.00
0.00
0.00
0.00
0.00
0.00
0.00
0.00
0.00
0.00
0.00
0.00
0.00
0.00
0.00
0.00
0.00
0.00
0.00
0.00
0.00
0.00
0.00
0.00
0.00
0.00
0.00
0.00
16.31
26.86
4.45
1.81
0.16
0.16
0.00
0.00
0.00
0.00
0.00
0.00
0.00
0.00
0.00
0.08
0.16
0.16
0.08
0.16
0.00
0.16
0.08
0.16
0.00
0.00
0.00
0.00
0.00
0.00
0.00
0.00
0.00
0.00
0.00
0.00
0.00
0.00
0.00
0.00
0.08
0.00
0.00
0.00
0.00
0.00
0.00
0.00
0.00
0.00
0.00
0.00
0.00
0.00
0.00
0.00
0.00
0.00
0.00
0.00
0.00
0.00
0.00
0.00
0.00
0.00
0.00
0.00
0.00
0.00
0.00
0.00
0.00
0.00
0.00
0.00
0.00
0.00
0.00
0.00
0.00
0.00
0.00
0.00
0.00
0.00
0.00
0.00
0.00
0.00
0.00
0.00
0.29
0.70
0.00
0.00
0.00
1.24
0.00
0.00
0.00
0.00
0.00
0.00
0.00
0.00
0.00
0.00
0.00
0.82
1.40
1.24
0.00
0.00
0.00
0.21
0.21
0.54
0.00
0.00
0.00
0.00
1.19
0.29
0.00
0.00
0.00
0.00
0.00
0.00
0.00
0.00
0.00
0.66
0.58
0.00
4.94
0.00
0.00
0.00
0.33
0.00
0.16
0.00
1.98
1.81
3.30
2.14
0.00
0.00
0.66
0.00
0.00
0.00
0.00
0.00
0.00
0.00
0.00
0.00
0.00
0.00
1.65
2.80
0.00
0.00
0.00
0.00
0.00
0.00
8.20
4.24
0.00
2.39
0.00
0.00
0.00
0.00
1.98
4.12
1.15
6.43
3.30
3.63
0.00
0.00
0.00
5.60
0.00
1.81
18.54
29.50
17.10
64.60
30.36
24.39
12.07
0.00
0.00
17.47
9.48
8.07
15.16
1.48
15.86
13.47
20.48
66.12
59.99
1.48
21.67
20.56
29.21
43.71
20.39
6.59
14.34
14.09
16.23
14.38
17.59
15.90
14.58
7.37
19.28
9.60
13.80
3.05
10.46
13.64
12.40
19.49
11.33
16.56
20.60
22.78
15.08
17.72
24.31
26.16
30.57
38.03
49.69
15.20
42.19
44.66
48.78
30.65
33.95
34.94
18.05
20.76
27.44
2.97
0.00
0.45
5.81
17.18
15.86
17.14
10.30
4.28
2.14
0.00
10.38
0.00
0.00
20.56
0.00
3.87
0.00
8.07
20.48
20.85
3.30
8.61
2.43
4.94
18.46
22.25
0.00
0.00
0.00
3.30
0.00
0.00
0.00
0.00
0.00
0.00
13.84
0.00
0.00
3.71
6.59
12.44
27.36
14.75
3.54
21.42
12.85
8.20
6.34
0.00
0.00
0.00
0.00
0.00
0.00
0.00
0.00
0.00
0.00
0.00
0.00
0.00
0.33
2.22
59.33
54.14
14.30
0.00
0.00
1.48
2.10
1.81
0.00
0.16
0.00
0.00
0.04
0.00
0.00
0.00
0.00
0.00
0.00
0.00
0.00
0.00
0.00
0.04
0.00
0.00
3.13
0.16
3.83
0.04
0.04
0.00
0.00
0.00
0.00
0.00
2.27
7.13
2.39
0.00
0.00
0.00
0.00
0.00
0.00
0.00
0.00
0.00
0.00
0.00
0.00
0.00
0.00
0.00
0.00
0.00
0.00
0.00
0.00
0.00
0.00
0.00
0.00
0.00
0.00
0.00
0.00
0.00
0.00
0.00
0.00
0.00
0.00
0.00
0.00
0.00
0.00
0.00
0.00
0.00
0.00
0.00
0.00
0.00
0.00
0.00
0.00
0.00
0.00
0.00
0.00
0.00
0.00
0.00
0.00
0.00
0.00
0.00
0.00
0.00
0.00
0.00
0.00
0.00
0.00
0.00
0.00
0.00
0.00
1.28
1.28
0.00
0.00
0.00
0.00
0.00
0.00
0.00
0.58
1.07
1.63
1.01
0.00
0.00
0.00
0.00
0.08
0.00
2.88
0.16
0.33
0.00
3.71
1.15
0.00
0.00
0.00
0.00
0.00
0.16
0.00
0.00
0.00
0.00
0.00
0.00
0.00
0.00
0.00
0.00
0.00
0.00
0.00
0.00
0.00
0.00
0.00
0.00
0.00
0.00
0.00
0.00
0.00
0.00
0.00
0.00
0.00
0.00
0.66
1.32
1.32
0.00
1.90
5.44
5.69
0.16
0.16
0.00
0.00
0.00
3.13
0.66
0.00
0.00
0.08
2.14
4.78
14.58
3.30
3.63
1.32
2.14
0.33
1.65
0.00
0.00
1.07
0.00
0.00
0.00
0.66
0.00
5.23
6.26
8.73
2.39
7.04
14.25
7.00
7.25
5.27
1.28
0.00
0.00
2.47
10.38
2.64
0.00
20.43
9.56
8.24
0.00
17.84
0.00
0.00
0.00
0.00
11.70
29.00
40.21
36.91
12.19
15.66
19.28
16.31
11.70
0.00
11.70
8.24
12.52
0.00
20.60
22.91
34.94
19.45
22.82
31.81
14.91
17.80
13.68
5.27
29.83
45.32
47.30
29.33
30.82
28.18
35.60
24.39
24.39
33.78
27.19
50.51
31.64
0.00
0.00
0.00
0.00
0.00
0.00
0.00
0.00
11.95
1.90
13.18
5.69
19.03
20.97
45.77
52.03
49.11
44.58
32.14
22.74
5.85
13.02
16.40
18.62
24.47
0.66
0.00
0.00
11.54
0.00
0.00
1.81
6.26
0.49
14.34
0.00
3.46
0.00
0.00
0.00
0.00
11.82
3.01
15.78
36.87
48.08
29.13
22.54
20.85
4.24
5.77
12.03
30.90
18.95
0.00
0.00
3.63
0.00
29.83
22.58
4.53
19.94
5.36
0.00
18.62
27.85
25.54
19.78
0.00
0.00
0.00
0.00
0.00
20.43
26.94
15.08
9.27
18.87
22.82
0.00
0.00
0.00
2.55
17.47
0.00
0.00
0.00
15.41
12.44
9.81
9.56
11.37
0.00
0.00
0.00
0.00
0.00
1.40
1.98
25.71
1.44
0.08
0.00
0.00
0.00
0.00
0.00
0.00
0.58
12.15
2.64
0.00
0.00
0.00
0.00
0.00
0.00
1.81
10.71
5.11
0.16
4.12
0.99
0.16
0.00
0.00
0.00
0.00
0.00
0.04
0.04
0.00
0.00
0.08
0.16
0.16
0.16
0.00
0.00
0.08
0.00
0.00
0.00
0.16
0.16
0.16
0.16
0.00
0.00
0.00
0.00
0.00
0.00
0.00
0.00
0.00
8.40
1.32
0.00
0.08
0.00
0.66
0.00
0.00
0.00
0.00
0.00
0.00
0.00
0.00
0.16
0.00
0.00
0.00
0.08
0.00
0.00
0.00
0.12
0.00
0.00
0.00
0.00
0.00
0.00
0.00
0.00
0.00
0.00
0.00
0.00
0.00
0.00
0.00
0.00
0.00
0.00
0.00
0.00
0.00
0.00
0.00
0.00
0.00
0.00
0.33
0.82
0.00
0.00
0.00
0.00
0.00
0.00
0.00
0.00
0.00
0.00
0.00
0.00
0.00
0.00
0.00
0.00
0.00
0.00
0.00
0.00
0.00
0.00
0.00
0.00
0.00
0.00
0.00
0.00
0.00
0.00
0.00
0.00
0.00
0.00
0.00
0.00
0.00
0.00
0.00
0.00
0.99
0.00
0.00
0.08
1.40
0.00
0.00
0.00
0.00
1.48
0.00
0.00
0.82
3.21
0.00
9.93
5.19
12.07
20.31
10.13
1.98
5.44
0.00
0.00
8.40
0.33
0.82
1.15
20.27
0.49
5.77
0.00
4.78
13.60
6.63
0.54
0.21
0.00
0.00
0.00
0.00
0.00
0.00
0.00
0.49
1.15
0.00
0.00
0.00
0.00
2.39
0.00
0.82
0.00
0.00
0.00
0.00
0.00
0.00
0.00
0.00
0.00
0.00
0.33
1.48
2.39
2.72
10.38
12.03
19.78
11.04
7.13
10.71
13.51
18.13
10.22
0.00
0.00
12.36
8.90
17.80
0.00
25.25
23.03
39.39
0.99
13.43
20.10
13.39
0.00
2.88
7.75
3.01
25.91
2.84
15.49
3.38
11.21
0.00
0.00
0.00
0.00
5.77
9.89
14.34
7.91
11.54
15.82
50.10
39.88
32.96
16.97
3.96
11.45
16.15
16.31
0.00
0.00
0.00
0.00
7.17
13.84
21.92
47.71
52.49
34.77
35.93
35.60
4.41
12.98
1.85
4.04
17.96
16.56
13.72
21.67
13.18
11.70
0.00
2.14
8.57
12.77
0.00
0.00
0.00
0.00
3.13
15.41
13.02
21.59
8.90
20.85
34.61
25.67
1.57
0.00
0.74
3.75
1.81
0.00
2.14
5.44
13.68
18.46
10.22
38.81
61.10
32.46
12.44
0.00
0.00
17.02
14.34
0.00
0.00
13.22
13.27
3.96
5.81
29.83
26.57
15.00
14.25
20.52
0.00
14.42
18.75
0.00
7.29
19.86
6.06
0.00
0.00
0.00
3.46
4.94
2.64
6.10
2.14
23.90
9.56
12.36
15.49
18.09
10.05
6.67
20.64
9.35
0.00
0.00
0.00
0.00
0.00
0.00
0.00
5.27
0.00
0.00
0.00
0.00
4.12
3.46
6.92
11.70
16.15
4.61
5.11
11.37
24.06
7.66
0.16
0.00
0.00
0.00
0.00
0.12
0.00
0.00
0.00
0.00
0.00
0.00
0.00
0.00
0.00
6.51
0.00
1.32
1.32
7.75
5.73
3.75
6.39
9.06
5.77
1.44
11.62
0.33
0.58
0.00
0.00
0.00
0.08
0.16
0.00
0.00
0.00
0.02
0.02
0.02
0.00
0.00
0.08
0.10
0.16
0.04
0.00
0.00
0.00
0.02
0.02
0.08
0.00
0.00
0.00
0.00
0.00
0.00
0.00
0.00
0.00
0.00
0.00
0.00
0.00
0.00
0.00
0.00
0.00
0.00
0.00
0.00
0.00
0.08
0.00
0.00
0.00
0.00
0.00
0.00
0.00
0.00
0.00
0.00
0.00
0.00
0.00
0.00
3.79
0.82
4.12
0.08
0.00
0.00
0.00
0.00
0.00
0.00
0.78
0.00
0.00
0.00
0.00
0.00
2.35
9.02
4.55
0.06
0.00
0.00
0.00
0.00
0.00
0.00
0.00
0.91
1.24
0.12
0.00
0.00
0.00
0.00
0.00
0.00
0.00
0.00
0.00
0.00
0.00
0.00
0.00
0.00
0.00
0.00
0.16
1.07
0.00
0.00
0.00
0.00
0.82
3.13
11.37
13.51
20.68
0.00
0.00
0.00
0.00
0.00
0.00
0.08
0.33
1.28
0.58
3.17
0.00
0.00
0.00
0.00
0.95
9.48
4.49
3.30
0.00
0.00
0.00
0.00
0.00
0.00
0.00
1.90
0.00
0.00
0.00
0.00
0.00
0.00
0.00
0.00
1.98
2.72
1.65
0.16
1.03
0.00
1.07
0.08
3.46
7.25
2.80
6.26
8.57
1.15
0.00
0.00
0.00
0.00
0.00
0.00
2.47
2.47
3.13
1.48
0.82
1.65
0.00
0.00
0.16
0.00
0.00
1.65
2.31
3.21
6.22
9.27
6.55
10.96
6.39
4.16
7.50
9.56
3.63
3.79
1.65
2.97
35.76
38.89
31.81
36.09
11.54
20.27
35.60
28.84
21.09
27.03
23.24
12.52
12.85
3.79
7.91
0.00
0.82
0.00
10.63
29.42
40.66
31.81
41.98
32.84
16.11
5.27
0.00
0.00
0.00
6.67
9.23
27.11
39.06
35.27
24.55
19.78
18.95
0.82
28.51
59.66
37.90
26.61
0.00
0.00
0.00
0.00
0.00
0.00
0.00
0.00
0.00
0.49
3.46
13.18
27.15
0.00
0.00
0.00
9.72
1.81
1.65
8.24
38.56
14.17
39.06
44.08
42.19
42.27
56.11
11.12
19.36
24.88
11.62
19.28
9.48
8.40
5.93
0.66
0.00
0.00
0.00
0.00
9.23
9.23
0.00
0.00
19.45
17.80
16.40
23.07
9.39
2.47
1.48
3.63
9.23
11.87
39.88
9.06
8.90
10.71
2.39
3.21
25.38
6.26
0.00
2.88
19.28
16.81
0.00
9.43
0.00
10.46
1.32
13.02
5.44
41.53
16.97
7.54
0.00
9.23
12.94
0.91
3.79
0.00
0.00
0.00
0.00
0.00
0.00
0.00
0.00
0.00
9.89
4.45
5.77
0.00
0.00
0.00
0.00
0.00
0.00
0.00
0.00
0.08
0.00
0.00
0.00
0.00
0.00
0.00
0.00
0.00
0.00
0.00
0.00
0.00
0.00
0.00
0.00
0.04
0.00
0.00
0.00
0.00
0.00
0.00
0.00
0.00
0.00
0.16
0.16
0.16
0.16
0.08
0.00
0.00
0.00
0.00
0.00
0.00
0.00
0.00
0.00
0.00
0.00
0.00
0.00
0.00
0.00
41.69
57.35
8.57
74.49
49.44
26.04
12.61
1.15
0.00
0.00
0.82
6.92
0.49
0.00
0.00
0.08
0.08
0.02
0.00
0.00
0.06
0.08
0.08
0.00
0.00
0.00
0.08
0.04
0.08
0.00
0.00
0.00
0.00
0.00
0.00
0.00
0.00
0.00
0.00
0.00
0.00
0.06
0.08
0.00
0.00
0.00
0.00
0.00
0.00
0.00
0.00
0.00
0.00
0.00
0.00
0.00
0.00
0.00
0.00
0.00
0.00
0.00
0.00
0.00
0.00
0.00
0.00
0.00
0.00
0.00
0.12
0.00
0.00
0.00
0.00
0.00
0.00
0.08
0.87
4.04
11.45
0.00
0.00
0.00
0.00
0.00
0.00
0.00
0.00
0.00
0.25
1.81
0.00
0.00
0.00
0.00
1.57
0.00
0.00
2.35
1.73
21.42
22.29
1.98
0.00
0.08
3.05
11.29
3.96
0.08
0.00
0.00
0.00
3.79
4.78
13.51
1.48
2.64
0.00
0.16
0.33
0.08
1.65
0.66
0.00
0.82
19.12
11.21
16.89
22.91
1.81
1.65
0.00
5.77
23.57
1.98
0.00
6.43
9.06
1.98
2.14
0.00
3.13
0.00
0.00
3.13
0.00
6.92
5.77
16.64
17.80
10.55
6.43
9.06
1.32
2.47
13.51
7.25
0.00
16.15
1.73
14.17
12.48
1.61
10.05
0.00
0.00
0.00
0.00
0.00
0.00
0.00
0.00
0.00
5.03
21.59
19.94
0.00
12.77
13.60
0.00
0.00
15.99
20.76
3.63
1.07
13.93
24.47
32.79
17.88
4.26
57.68
23.52
29.00
50.10
54.55
51.58
52.08
7.09
2.31
6.59
23.69
6.30
13.68
13.43
26.37
42.68
53.56
30.82
34.94
17.80
0.00
15.00
16.31
24.97
16.44
5.73
14.54
10.63
46.64
54.71
37.90
37.45
42.27
28.39
19.94
0.00
0.00
0.00
0.00
0.00
0.00
0.00
9.97
14.75
0.00
0.00
9.89
2.31
0.00
0.00
0.04
0.00
2.68
6.10
0.08
14.91
7.75
14.05
40.79
25.54
19.78
8.82
22.99
11.37
18.50
8.82
0.00
0.00
4.45
57.02
23.40
37.99
28.47
8.57
28.10
11.12
18.54
27.85
0.00
0.00
0.00
0.00
0.00
0.00
16.89
0.00
0.00
5.77
0.00
5.40
11.70
22.58
0.00
0.04
0.00
0.00
23.81
12.40
7.91
5.40
1.44
0.00
0.00
0.00
0.00
0.00
1.81
4.12
3.21
2.88
6.67
26.45
5.44
0.08
0.16
0.00
0.00
0.00
0.00
0.00
0.00
0.00
0.00
0.00
0.00
0.00
0.49
0.00
0.00
0.00
0.00
0.00
0.00
0.00
0.00
0.00
0.00
0.00
0.00
0.00
0.00
0.00
0.00
0.00
0.00
0.08
0.00
0.00
0.00
0.00
0.00
0.00
0.00
0.00
0.00
0.00
0.00
0.00
0.00
0.00
0.00
0.00
0.00
0.00
0.00
0.00
0.00
0.00
0.00
0.00
0.00
0.00
0.00
0.00
0.00
0.00
0.00
3.46
2.14
0.00
0.00
0.00
0.00
0.00
0.00
0.00
0.00
0.00
0.00
0.00
0.00
0.00
0.00
0.00
0.00
0.00
0.00
0.00
0.00
0.00
0.00
0.00
0.00
0.00
0.00
0.00
0.00
0.00
0.00
0.00
0.00
0.00
0.00
0.00
0.00
0.00
0.00
0.00
0.00
0.00
0.00
0.00
0.00
0.00
0.00
0.00
0.00
0.00
0.00
0.00
0.00
0.00
0.00
0.00
0.00
0.00
0.00
0.00
0.00
0.00
0.00
0.00
0.00
0.00
0.00
0.00
0.00
1.32
0.00
0.00
0.00
0.00
1.40
0.00
3.30
0.00
0.00
0.00
0.00
0.00
0.00
0.00
0.00
0.00
0.00
0.00
2.47
1.98
0.00
0.00
0.00
0.00
0.66
1.19
0.04
0.00
0.00
0.00
1.19
2.22
0.45
4.74
0.29
0.00
3.09
1.38
6.84
0.08
0.04
0.00
6.43
4.94
5.11
0.00
1.65
3.63
4.04
0.00
3.21
32.14
4.94
8.57
2.31
0.00
2.80
7.09
9.23
17.30
1.81
0.00
7.91
2.06
10.71
3.96
0.00
0.00
0.00
11.87
14.67
9.56
0.99
0.00
5.27
5.27
9.06
3.96
0.33
0.16
4.78
16.64
8.07
10.13
5.44
0.00
0.00
5.73
10.42
6.39
5.44
4.94
0.00
0.00
26.37
3.46
4.12
11.37
0.00
0.00
5.11
6.84
0.70
0.82
35.93
23.28
8.16
4.49
4.90
3.13
0.00
2.88
0.00
11.99
0.00
0.00
7.17
14.38
19.08
32.01
27.77
15.74
12.85
22.08
29.99
0.00
0.00
0.00
27.85
29.99
2.31
9.72
19.61
7.09
10.96
41.69
27.48
25.91
12.03
7.00
4.45
29.50
67.40
61.14
48.28
16.85
2.31
31.64
36.91
57.51
54.22
38.31
29.83
0.33
2.64
0.00
1.81
0.00
0.16
17.63
3.63
0.00
0.00
0.00
0.00
0.00
0.00
0.00
23.32
14.05
0.00
0.00
11.21
12.85
0.00
0.00
24.31
20.60
18.29
9.56
7.42
0.00
13.60
27.52
28.51
28.51
20.43
24.72
0.00
11.21
44.33
25.87
6.84
0.00
0.00
0.00
0.00
0.00
0.00
0.00
0.00
0.00
0.04
4.41
66.70
43.09
35.93
18.66
14.34
5.03
8.90
0.00
28.92
20.85
5.69
0.00
0.00
0.00
0.00
9.89
152.52
2.27
4.28
0.00
0.00
0.00
0.00
0.00
0.00
0.00
0.16
0.00
0.00
0.00
0.00
0.00
0.08
0.16
0.16
0.00
0.00
0.00
0.16
0.00
0.16
0.00
0.00
0.00
0.00
0.00
0.00
0.00
0.00
0.00
0.00
0.82
0.00
0.00
0.00
0.00
0.00
0.00
0.00
0.00
0.00
0.04
0.62
2.49
0.04
1.40
0.08
0.00
0.00
0.00
0.00
0.00
0.00
0.00
0.00
0.00
0.00
0.00
0.00
0.33
0.00
0.00
0.00
0.00
0.00
0.00
0.00
0.00
0.00
0.00
0.00
0.00
0.00
0.00
0.82
2.31
0.16
0.00
0.00
0.00
0.00
0.00
0.00
0.00
0.00
0.00
0.00
0.00
0.00
3.79
6.92
0.00
0.00
0.08
1.15
0.49
0.00
2.97
0.00
0.00
0.00
3.96
2.31
0.00
0.99
1.73
0.08
0.00
0.00
0.00
0.00
0.00
0.00
0.00
0.00
0.00
0.00
0.00
0.00
0.00
0.00
0.16
0.00
0.00
0.00
0.00
0.00
0.00
0.00
0.00
0.00
0.00
0.00
0.00
0.00
0.00
0.00
0.00
0.00
0.00
0.04
3.75
0.12
0.00
0.00
0.00
1.65
1.98
0.00
0.00
0.00
0.00
0.00
0.00
2.80
1.81
0.00
0.00
0.00
0.00
0.00
2.14
0.16
0.00
0.00
0.00
0.49
0.00
0.00
0.00
0.00
0.00
0.33
2.18
0.04
0.04
1.81
2.22
0.00
0.00
0.00
0.00
0.00
1.48
0.00
0.00
0.00
0.00
0.00
0.16
0.00
0.25
0.82
0.00
0.00
0.00
0.00
0.00
0.00
0.00
0.74
12.36
0.66
8.65
2.80
4.94
12.03
6.92
0.00
14.67
9.81
6.34
8.36
0.00
0.00
0.00
5.60
0.00
6.59
14.34
8.57
12.28
6.92
20.60
4.94
5.69
26.90
46.22
50.43
24.80
14.50
22.74
26.04
8.73
18.62
85.20
86.76
17.47
34.28
66.74
66.91
83.39
16.97
14.42
42.35
31.76
12.36
4.78
9.56
7.09
31.64
21.75
15.90
9.35
7.75
22.33
37.49
54.01
30.28
37.33
26.20
21.59
0.00
30.90
10.71
12.77
17.96
0.00
23.07
15.66
19.78
44.66
23.24
20.35
3.17
0.00
16.81
9.72
9.39
9.39
0.00
0.00
0.33
0.00
0.00
0.00
0.00
2.64
7.00
3.13
5.60
6.63
4.33
0.00
0.00
11.95
0.04
0.04
10.88
18.17
30.78
37.04
10.30
28.26
14.79
21.75
10.18
6.92
11.33
28.02
13.55
14.25
93.85
39.39
18.29
49.93
29.13
0.00
0.00
0.00
0.00
2.80
0.00
2.97
6.18
5.93
15.90
16.73
0.00
4.16
26.70
18.33
5.40
11.25
49.69
30.73
17.47
13.35
3.38
0.00
0.00
0.00
0.00
17.72
7.33
14.50
12.36
0.00
5.11
17.47
3.13
2.97
0.00
0.00
0.00
0.00
0.00
1.15
15.49
4.94
3.13
5.44
0.00
10.05
0.00
5.93
25.54
0.00
0.00
0.00
0.00
0.00
0.00
0.00
0.00
0.00
0.58
5.69
1.48
2.47
0.00
0.00
0.00
0.00
0.00
0.00
0.00
0.00
0.00
0.00
0.00
0.00
0.00
0.00
0.00
0.00
0.00
1.81
0.00
0.00
0.00
0.00
0.00
0.00
19.12
0.16
0.41
0.08
0.08
0.00
0.00
0.00
0.00
0.00
0.00
0.00
0.00
0.00
0.00
0.00
0.41
0.00
0.00
0.00
0.00
0.00
0.00
0.00
0.00
0.00
0.00
0.00
0.00
0.00
0.00
0.00
0.00
0.00
0.00
0.00
0.00
0.00
0.00
0.00
0.00
0.00
