19710101
-99.00
-99.00
-99.00
-99.00
-99.00
-99.00
-99.00
-99.00
-99.00
-99.00
-99.00
-99.00
-99.00
-99.00
-99.00
0.01
-99.00
-99.00
-99.00
-99.00
0.01
-99.00
-99.00
-99.00
0.05
3.42
0.37
0.76
0.13
0.05
-99.00
-99.00
-99.00
-99.00
-99.00
-99.00
-99.00
-99.00
-99.00
0.25
-99.00
4.69
1.01
-99.00
-99.00
-99.00
-99.00
-99.00
-99.00
-99.00
-99.00
-99.00
-99.00
6.63
-99.00
-99.00
-99.00
0.06
-99.00
-99.00
-99.00
-99.00
-99.00
-99.00
-99.00
-99.00
-99.00
-99.00
-99.00
-99.00
-99.00
-99.00
-99.00
-99.00
-99.00
-99.00
-99.00
-99.00
-99.00
-99.00
-99.00
-99.00
0.05
-99.00
-99.00
-99.00
-99.00
0.47
0.14
0.02
1.16
0.03
0.40
1.21
4.59
2.71
1.77
1.32
-99.00
0.16
0.65
4.42
2.72
2.47
0.57
-99.00
-99.00
1.25
0.37
0.64
0.55
-99.00
0.49
0.06
0.69
-99.00
0.07
-99.00
0.86
6.54
0.52
4.55
12.34
0.38
-99.00
1.68
29.54
7.38
0.92
13.83
0.53
-99.00
5.97
9.70
10.21
0.43
0.41
-99.00
-99.00
-99.00
-99.00
-99.00
1.76
11.57
1.05
18.45
2.56
1.24
2.77
1.53
3.10
9.61
10.64
5.29
4.70
2.16
14.33
8.75
10.61
4.43
1.93
7.31
6.40
4.62
-99.00
0.44
1.37
0.35
2.14
0.40
4.18
1.79
3.05
6.32
14.82
10.31
1.76
16.89
27.60
6.63
3.07
2.42
27.37
3.92
2.39
2.54
5.58
1.03
0.36
0.86
14.95
6.36
3.59
0.43
3.04
10.62
17.28
5.40
4.40
1.94
34.61
76.66
18.77
7.07
2.12
1.46
7.62
3.78
1.97
5.20
15.58
10.06
32.48
13.72
7.95
5.06
4.92
0.67
9.30
6.18
5.89
12.37
12.28
13.45
11.03
30.14
30.79
17.73
19.36
19.95
15.49
2.73
0.20
2.27
3.72
1.21
18.79
13.93
20.75
21.73
20.70
9.30
6.03
1.86
3.13
16.58
10.28
17.05
33.98
12.36
1.83
0.60
3.81
5.07
7.55
2.07
0.20
0.02
-99.00
-99.00
-99.00
0.02
21.03
6.37
6.63
4.05
2.57
3.17
6.30
3.36
8.68
49.56
23.08
13.30
1.22
5.79
3.70
2.48
0.49
0.89
2.01
7.78
0.92
2.74
0.71
0.82
0.53
0.05
2.86
0.05
-99.00
10.70
0.76
-99.00
-99.00
0.07
-99.00
-99.00
-99.00
1.46
0.07
0.91
15.84
34.75
7.89
0.20
-99.00
6.02
14.37
4.45
0.50
-99.00
-99.00
-99.00
-99.00
-99.00
-99.00
-99.00
0.23
-99.00
-99.00
-99.00
-99.00
-99.00
-99.00
-99.00
-99.00
-99.00
-99.00
-99.00
-99.00
-99.00
-99.00
-99.00
-99.00
-99.00
-99.00
-99.00
-99.00
-99.00
-99.00
-99.00
-99.00
-99.00
-99.00
-99.00
-99.00
-99.00
-99.00
-99.00
-99.00
-99.00
-99.00
-99.00
-99.00
-99.00
-99.00
-99.00
-99.00
-99.00
-99.00
-99.00
-99.00
-99.00
-99.00
-99.00
-99.00
-99.00
-99.00
-99.00
-99.00
-99.00
-99.00
-99.00
-99.00
-99.00
-99.00
-99.00
-99.00
-99.00
-99.00
-99.00
-99.00
-99.00
-99.00
-99.00
-99.00
-99.00
-99.00
-99.00
-99.00
-99.00
-99.00
-99.00
-99.00
-99.00
-99.00
-99.00
5.76
12.05
3.12
0.20
-99.00
-99.00
-99.00
-99.00
-99.00
-99.00
0.66
0.31
-99.00
-99.00
-99.00
-99.00
-99.00
-99.00
-99.00
-99.00
-99.00
-99.00
-99.00
-99.00
-99.00
-99.00
-99.00
-99.00
-99.00
-99.00
-99.00
0.01
-99.00
-99.00
-99.00
0.91
-99.00
-99.00
-99.00
-99.00
0.33
-99.00
-99.00
-99.00
-99.00
-99.00
-99.00
-99.00
-99.00
0.80
0.07
-99.00
0.04
4.06
0.30
0.62
0.90
3.60
0.85
6.62
1.31
13.63
29.68
3.85
0.21
-99.00
0.36
-99.00
13.67
1.52
3.80
9.18
1.90
1.07
1.00
15.13
5.09
11.98
0.02
-99.00
-99.00
-99.00
0.07
-99.00
11.37
4.31
0.58
0.19
4.24
8.09
0.18
0.09
2.51
0.05
-99.00
-99.00
-99.00
-99.00
-99.00
-99.00
-99.00
-99.00
-99.00
-99.00
4.26
4.05
5.08
32.24
5.85
4.39
11.97
13.41
14.81
15.06
4.98
1.70
0.05
-99.00
-99.00
-99.00
0.59
2.51
6.79
3.03
3.33
2.18
-99.00
-99.00
-99.00
1.53
6.19
25.36
30.27
38.49
44.00
30.23
3.56
2.92
0.93
5.40
13.04
14.19
16.82
11.42
0.42
-99.00
0.36
0.22
0.88
2.59
3.35
1.26
1.13
2.38
5.13
6.32
2.12
2.69
0.36
0.13
1.85
16.25
3.49
7.79
11.74
20.52
7.98
6.75
4.44
5.62
32.39
23.88
2.61
2.14
0.84
3.64
11.55
9.08
3.70
18.68
2.34
16.33
2.16
9.40
55.48
6.87
23.79
5.68
1.37
7.44
7.62
5.87
5.93
17.33
21.13
9.30
3.02
2.89
0.54
16.88
3.84
7.10
8.52
11.88
6.24
4.05
9.02
2.32
3.95
0.55
9.64
0.35
0.77
14.18
16.50
4.28
1.39
0.47
2.17
8.93
3.93
6.70
3.78
0.04
-99.00
-99.00
0.96
0.97
5.01
-99.00
-99.00
8.90
11.82
1.54
1.03
2.42
1.37
1.51
0.50
7.38
2.25
2.19
-99.00
-99.00
1.41
1.68
9.15
5.33
26.27
7.53
0.03
-99.00
-99.00
-99.00
-99.00
-99.00
-99.00
2.81
1.80
-99.00
-99.00
-99.00
-99.00
-99.00
-99.00
-99.00
-99.00
-99.00
-99.00
0.12
0.52
-99.00
-99.00
-99.00
-99.00
0.05
-99.00
-99.00
-99.00
-99.00
-99.00
-99.00
-99.00
-99.00
-99.00
-99.00
-99.00
-99.00
-99.00
-99.00
-99.00
-99.00
-99.00
-99.00
0.05
-99.00
-99.00
0.05
-99.00
0.04
-99.00
-99.00
-99.00
-99.00
-99.00
-99.00
-99.00
-99.00
-99.00
-99.00
-99.00
-99.00
-99.00
-99.00
-99.00
-99.00
-99.00
-99.00
-99.00
-99.00
-99.00
-99.00
-99.00
-99.00
-99.00
-99.00
-99.00
-99.00
-99.00
-99.00
-99.00
-99.00
-99.00
-99.00
-99.00
-99.00
-99.00
-99.00
-99.00
-99.00
-99.00
0.80
-99.00
-99.00
1.16
0.24
0.38
-99.00
-99.00
-99.00
-99.00
-99.00
-99.00
-99.00
0.03
-99.00
-99.00
-99.00
-99.00
-99.00
-99.00
0.32
-99.00
-99.00
-99.00
-99.00
-99.00
-99.00
0.11
-99.00
-99.00
-99.00
-99.00
-99.00
-99.00
-99.00
-99.00
-99.00
-99.00
2.39
0.33
-99.00
0.01
-99.00
-99.00
-99.00
-99.00
-99.00
0.01
7.97
3.94
6.02
10.38
0.49
0.36
0.07
-99.00
0.40
7.34
0.40
-99.00
-99.00
1.48
1.96
0.24
-99.00
-99.00
-99.00
-99.00
-99.00
-99.00
-99.00
-99.00
-99.00
-99.00
-99.00
-99.00
-99.00
-99.00
-99.00
-99.00
-99.00
-99.00
-99.00
-99.00
-99.00
-99.00
-99.00
-99.00
-99.00
-99.00
-99.00
-99.00
0.49
8.13
15.12
-99.00
-99.00
-99.00
3.77
-99.00
-99.00
4.49
10.39
12.20
4.74
2.79
3.53
6.42
18.82
2.71
7.00
11.44
11.25
0.28
-99.00
4.79
17.82
29.84
9.87
36.34
10.79
29.59
55.66
2.22
1.05
0.88
3.28
11.15
26.54
7.03
10.22
5.29
39.31
17.82
15.03
27.46
3.44
11.10
10.17
2.04
6.11
30.92
4.97
1.63
0.80
1.99
21.05
7.58
1.56
10.35
4.20
1.55
21.22
3.03
4.21
22.55
8.85
25.06
29.11
7.82
0.53
17.67
3.32
3.78
0.56
12.58
1.60
8.69
21.07
22.73
34.64
12.74
3.07
2.09
0.74
1.13
0.88
1.85
1.47
1.96
1.10
0.94
4.08
4.30
2.31
2.93
12.07
1.37
0.54
0.49
1.33
10.41
3.87
8.22
2.11
5.29
7.49
21.30
5.44
2.21
5.45
9.02
18.77
13.17
6.84
0.52
1.46
0.30
19.57
7.27
8.59
4.85
0.76
16.56
27.82
2.18
1.95
0.34
3.47
2.73
12.11
8.39
5.18
27.09
2.51
0.67
0.33
4.95
2.09
8.73
7.33
0.49
21.13
2.15
3.28
1.17
1.86
5.28
7.44
5.46
4.30
1.18
1.29
0.44
0.17
6.66
2.47
3.15
1.31
8.24
11.44
63.89
16.11
0.32
4.68
22.68
23.52
9.52
14.57
0.47
0.34
0.76
0.19
6.28
11.47
16.98
3.39
7.24
-99.00
-99.00
-99.00
0.49
0.93
0.96
25.55
5.36
12.60
20.33
0.24
0.33
4.21
-99.00
-99.00
-99.00
-99.00
-99.00
-99.00
1.76
14.03
1.16
0.05
0.22
5.01
0.41
0.01
-99.00
-99.00
3.47
0.18
0.08
2.26
2.71
23.18
2.86
0.20
0.03
0.03
-99.00
-99.00
-99.00
-99.00
8.72
7.79
3.17
0.62
-99.00
-99.00
-99.00
-99.00
-99.00
-99.00
-99.00
-99.00
-99.00
-99.00
0.22
-99.00
-99.00
-99.00
-99.00
-99.00
-99.00
0.07
22.88
28.04
1.91
-99.00
-99.00
-99.00
-99.00
-99.00
-99.00
-99.00
-99.00
-99.00
-99.00
-99.00
-99.00
-99.00
-99.00
-99.00
-99.00
-99.00
-99.00
-99.00
-99.00
-99.00
-99.00
-99.00
-99.00
-99.00
-99.00
-99.00
-99.00
-99.00
0.35
0.12
-99.00
-99.00
-99.00
0.26
0.14
-99.00
-99.00
-99.00
-99.00
-99.00
-99.00
-99.00
-99.00
-99.00
-99.00
-99.00
-99.00
-99.00
-99.00
-99.00
-99.00
-99.00
-99.00
-99.00
-99.00
-99.00
-99.00
-99.00
-99.00
-99.00
-99.00
-99.00
-99.00
-99.00
-99.00
-99.00
-99.00
-99.00
-99.00
-99.00
-99.00
1.00
-99.00
-99.00
-99.00
-99.00
-99.00
-99.00
-99.00
-99.00
0.07
-99.00
-99.00
-99.00
-99.00
-99.00
-99.00
-99.00
-99.00
-99.00
-99.00
-99.00
-99.00
-99.00
-99.00
-99.00
-99.00
-99.00
3.85
0.74
-99.00
2.54
18.59
9.54
10.66
1.77
1.43
5.40
22.29
3.15
5.03
13.42
2.50
5.98
3.20
0.11
0.13
0.03
1.92
1.01
1.01
0.20
35.09
1.37
-99.00
-99.00
1.29
0.23
-99.00
-99.00
-99.00
-99.00
-99.00
-99.00
1.20
-99.00
6.10
0.72
8.59
6.20
9.97
8.61
9.09
7.17
2.32
0.61
0.11
1.89
15.15
1.53
0.28
8.89
1.84
3.77
3.13
0.42
25.95
0.91
0.61
0.40
0.01
-99.00
0.09
-99.00
-99.00
1.27
14.87
11.62
5.84
30.57
67.20
6.80
0.23
1.91
6.27
15.29
1.84
19.10
0.32
0.06
0.38
0.65
7.33
0.38
1.00
0.78
7.45
12.19
5.20
19.62
13.68
5.11
3.18
10.11
13.84
0.41
0.76
5.39
1.98
2.23
10.59
38.45
16.84
13.04
42.41
48.87
4.63
8.66
3.32
2.73
1.30
1.49
2.53
6.77
28.29
14.85
13.33
20.72
22.58
22.65
4.95
7.11
29.80
34.98
21.60
12.78
12.37
3.97
28.45
14.96
2.27
1.85
3.40
1.02
0.26
1.63
5.02
1.77
0.42
1.56
3.01
1.35
2.41
3.65
5.79
3.59
2.72
2.35
2.49
32.76
16.60
5.75
1.46
5.79
1.99
1.08
5.85
10.58
5.58
11.88
15.96
15.65
17.83
12.19
2.75
1.75
1.31
0.07
0.46
2.69
5.24
3.98
12.66
6.48
5.09
8.74
9.98
7.49
2.46
2.20
8.16
1.32
11.01
0.78
13.35
10.59
1.23
0.24
1.54
12.41
7.37
18.59
20.16
7.89
5.44
2.65
0.33
-99.00
-99.00
1.48
3.26
0.39
0.26
0.31
0.03
0.35
0.52
0.55
0.02
14.41
0.89
1.28
0.04
1.27
7.17
22.67
2.41
10.33
5.17
3.15
0.09
-99.00
-99.00
-99.00
-99.00
-99.00
-99.00
-99.00
-99.00
-99.00
-99.00
-99.00
-99.00
-99.00
-99.00
-99.00
-99.00
-99.00
-99.00
0.12
-99.00
-99.00
0.25
-99.00
-99.00
-99.00
-99.00
-99.00
2.38
0.23
2.88
4.18
0.92
0.10
-99.00
-99.00
-99.00
-99.00
-99.00
-99.00
-99.00
-99.00
-99.00
-99.00
-99.00
-99.00
-99.00
-99.00
-99.00
-99.00
0.04
-99.00
-99.00
-99.00
-99.00
-99.00
-99.00
-99.00
-99.00
-99.00
-99.00
-99.00
-99.00
-99.00
-99.00
-99.00
-99.00
-99.00
-99.00
-99.00
-99.00
-99.00
-99.00
-99.00
-99.00
-99.00
-99.00
-99.00
-99.00
-99.00
-99.00
-99.00
-99.00
-99.00
-99.00
-99.00
0.01
0.12
0.62
-99.00
-99.00
-99.00
-99.00
-99.00
-99.00
-99.00
0.06
-99.00
-99.00
-99.00
-99.00
1.50
-99.00
0.30
-99.00
-99.00
0.40
0.01
-99.00
11.17
1.57
0.08
-99.00
-99.00
-99.00
-99.00
-99.00
-99.00
-99.00
-99.00
-99.00
-99.00
-99.00
-99.00
-99.00
-99.00
-99.00
-99.00
-99.00
3.39
1.41
0.09
-99.00
-99.00
-99.00
-99.00
-99.00
-99.00
-99.00
-99.00
-99.00
-99.00
-99.00
-99.00
0.20
-99.00
-99.00
0.12
0.34
-99.00
-99.00
-99.00
-99.00
-99.00
-99.00
-99.00
-99.00
-99.00
-99.00
-99.00
-99.00
-99.00
-99.00
-99.00
-99.00
-99.00
-99.00
0.33
6.39
5.11
17.15
2.74
-99.00
-99.00
-99.00
0.18
1.34
0.33
7.07
22.04
4.17
1.53
-99.00
-99.00
4.02
-99.00
-99.00
7.72
2.96
0.18
0.07
-99.00
-99.00
3.27
2.44
5.07
20.82
4.13
18.90
8.02
1.35
0.13
12.18
0.45
14.42
13.57
11.31
0.55
2.59
19.11
0.53
3.76
15.45
6.29
17.00
25.29
2.97
1.53
-99.00
0.63
1.57
9.45
16.32
24.51
1.72
-99.00
0.39
0.09
0.08
0.22
0.15
11.91
13.45
4.62
8.93
12.62
13.37
0.57
0.09
0.15
-99.00
0.74
6.26
6.55
9.02
7.12
3.70
4.94
2.17
0.99
3.29
13.01
0.81
1.44
3.45
2.91
8.84
0.78
6.36
69.67
55.27
74.59
30.79
38.64
23.94
7.53
17.17
4.67
0.82
7.32
7.78
11.63
5.39
15.39
2.65
0.24
2.10
0.02
1.72
7.22
6.65
9.01
2.80
32.05
6.44
2.97
2.47
0.60
2.13
6.75
4.01
0.22
6.86
3.14
19.16
16.06
3.52
2.37
2.76
2.09
1.87
1.67
2.24
15.67
7.57
3.28
9.76
7.73
5.37
2.04
3.76
2.98
3.60
5.44
6.69
13.28
21.24
2.92
3.18
0.53
3.33
13.55
4.34
36.08
19.65
0.59
2.52
0.19
-99.00
0.28
13.57
10.49
7.03
4.66
0.13
0.01
5.46
1.21
21.59
23.14
6.07
4.29
15.21
0.77
4.25
5.30
17.05
20.88
1.87
3.84
0.76
0.96
0.11
1.37
14.12
3.49
0.32
0.02
1.84
0.38
-99.00
-99.00
0.68
-99.00
-99.00
1.51
2.82
-99.00
0.58
0.16
2.03
1.90
-99.00
-99.00
-99.00
-99.00
0.32
10.10
8.23
4.03
1.03
-99.00
-99.00
0.16
-99.00
-99.00
-99.00
-99.00
-99.00
-99.00
-99.00
-99.00
-99.00
-99.00
-99.00
-99.00
-99.00
-99.00
-99.00
-99.00
-99.00
-99.00
-99.00
-99.00
-99.00
-99.00
-99.00
-99.00
-99.00
-99.00
-99.00
-99.00
-99.00
-99.00
-99.00
-99.00
-99.00
-99.00
-99.00
-99.00
-99.00
-99.00
-99.00
-99.00
-99.00
-99.00
-99.00
-99.00
-99.00
-99.00
-99.00
-99.00
-99.00
-99.00
-99.00
-99.00
-99.00
-99.00
-99.00
-99.00
-99.00
-99.00
-99.00
-99.00
-99.00
-99.00
-99.00
-99.00
-99.00
-99.00
-99.00
-99.00
-99.00
-99.00
-99.00
-99.00
-99.00
-99.00
-99.00
-99.00
0.63
0.26
-99.00
0.06
5.88
3.43
1.04
-99.00
-99.00
-99.00
-99.00
0.34
-99.00
-99.00
-99.00
-99.00
-99.00
-99.00
-99.00
-99.00
-99.00
-99.00
-99.00
-99.00
-99.00
-99.00
-99.00
-99.00
-99.00
-99.00
-99.00
0.01
3.17
-99.00
-99.00
-99.00
5.00
0.33
0.20
0.29
-99.00
-99.00
0.72
-99.00
-99.00
-99.00
-99.00
-99.00
-99.00
0.19
16.70
5.34
0.28
0.06
-99.00
0.17
-99.00
-99.00
-99.00
-99.00
-99.00
0.05
-99.00
0.78
0.14
-99.00
-99.00
-99.00
-99.00
1.05
1.22
0.49
-99.00
-99.00
-99.00
-99.00
-99.00
-99.00
0.87
0.12
0.82
12.61
1.64
1.11
0.75
2.14
4.02
4.97
14.38
0.82
1.33
-99.00
-99.00
-99.00
0.17
5.85
1.41
30.25
18.79
21.74
7.25
10.69
10.32
3.21
15.06
0.39
9.84
3.46
12.22
10.68
11.58
8.52
16.57
0.21
0.09
41.10
5.91
3.32
-99.00
1.28
13.87
1.42
21.61
1.78
9.05
0.38
19.72
0.44
87.70
34.75
29.73
37.84
19.26
0.13
23.73
20.28
10.08
8.58
2.42
5.17
1.91
0.39
-99.00
0.28
0.30
0.29
2.78
1.92
3.00
11.83
8.89
6.32
35.69
12.19
5.75
11.62
2.37
3.84
48.45
2.39
21.89
28.95
30.61
3.98
6.47
3.61
6.83
7.06
1.70
2.35
1.46
2.45
2.85
1.15
5.98
7.29
5.22
2.90
5.98
3.64
4.66
4.76
0.38
4.21
9.36
20.25
16.55
13.07
13.45
2.83
1.25
4.67
2.95
1.20
6.30
24.78
29.65
52.34
23.31
9.34
4.81
1.16
2.89
5.71
0.19
-99.00
6.40
2.93
0.34
4.73
2.29
6.65
4.35
8.83
0.77
2.27
2.29
2.45
0.57
0.53
1.21
0.04
8.00
2.93
2.39
1.47
14.87
10.69
4.18
8.56
1.15
1.07
2.82
1.08
1.15
3.27
7.36
8.00
6.18
7.68
16.11
6.89
5.64
5.05
6.51
2.31
2.76
2.11
5.45
14.24
1.67
2.15
-99.00
0.01
-99.00
-99.00
-99.00
-99.00
-99.00
-99.00
-99.00
8.09
24.81
5.72
0.13
-99.00
0.05
-99.00
0.16
-99.00
-99.00
-99.00
-99.00
-99.00
-99.00
-99.00
-99.00
-99.00
0.09
-99.00
-99.00
-99.00
0.05
-99.00
-99.00
-99.00
-99.00
-99.00
-99.00
-99.00
-99.00
0.56
-99.00
-99.00
-99.00
-99.00
-99.00
-99.00
0.97
0.30
3.66
0.20
-99.00
-99.00
-99.00
-99.00
-99.00
-99.00
-99.00
-99.00
-99.00
-99.00
-99.00
-99.00
-99.00
-99.00
-99.00
-99.00
-99.00
-99.00
-99.00
-99.00
-99.00
-99.00
0.99
-99.00
-99.00
-99.00
-99.00
-99.00
-99.00
-99.00
-99.00
-99.00
-99.00
-99.00
-99.00
-99.00
-99.00
-99.00
-99.00
-99.00
-99.00
-99.00
-99.00
-99.00
-99.00
-99.00
-99.00
-99.00
0.16
2.37
-99.00
-99.00
-99.00
-99.00
-99.00
-99.00
-99.00
-99.00
-99.00
0.46
0.35
0.35
0.04
-99.00
-99.00
-99.00
-99.00
-99.00
-99.00
-99.00
0.11
0.16
-99.00
-99.00
-99.00
-99.00
-99.00
-99.00
-99.00
-99.00
-99.00
-99.00
-99.00
-99.00
0.07
0.01
1.33
7.50
31.41
0.94
1.10
-99.00
-99.00
-99.00
-99.00
-99.00
-99.00
0.19
0.05
-99.00
-99.00
-99.00
3.34
1.31
1.20
0.31
-99.00
-99.00
-99.00
-99.00
-99.00
-99.00
-99.00
-99.00
-99.00
-99.00
-99.00
-99.00
-99.00
-99.00
13.72
-99.00
-99.00
1.02
8.56
9.32
21.11
10.84
20.37
3.15
7.91
5.79
12.94
14.47
9.55
8.70
4.44
36.11
11.49
1.40
0.56
0.97
-99.00
3.43
14.24
5.43
14.88
2.74
9.54
0.75
1.69
0.30
1.92
18.46
8.52
1.58
0.28
6.41
16.34
4.46
0.07
-99.00
1.90
0.91
7.29
38.75
13.16
0.70
0.05
9.88
3.23
12.04
3.05
3.28
4.90
0.81
17.68
2.80
1.14
0.51
20.26
6.90
32.58
1.93
3.36
2.42
10.92
10.74
12.30
12.71
0.82
5.25
29.40
3.50
11.24
2.27
7.24
4.36
1.98
4.36
9.24
5.55
14.36
15.11
3.93
26.56
15.99
14.85
10.76
8.94
10.60
38.22
29.96
2.24
1.27
0.35
0.40
8.20
0.87
11.64
7.10
3.58
1.72
5.20
7.21
10.90
18.25
21.63
16.08
17.74
2.01
5.34
0.52
0.17
0.66
23.42
1.70
3.43
7.75
11.31
17.39
27.50
5.18
10.73
12.51
9.28
6.74
1.07
1.27
1.55
4.95
2.71
3.17
0.35
0.68
0.96
0.48
0.29
3.21
1.59
8.80
20.96
2.99
1.74
2.22
2.82
1.60
1.72
0.85
1.23
13.28
4.92
3.22
5.73
1.78
10.93
20.57
12.85
0.90
1.86
0.03
0.05
1.27
0.53
18.42
7.48
0.74
0.89
6.55
3.66
1.74
5.25
10.38
7.45
10.61
1.01
9.06
2.97
-99.00
0.73
-99.00
0.43
9.55
1.24
0.73
1.90
15.49
2.58
25.00
42.90
5.48
18.31
3.09
6.73
0.27
0.02
-99.00
-99.00
0.20
0.07
16.06
6.43
0.76
-99.00
-99.00
-99.00
0.02
-99.00
0.25
-99.00
-99.00
0.01
0.03
1.30
-99.00
8.20
3.47
0.26
-99.00
-99.00
0.49
3.07
1.05
1.32
1.26
0.09
-99.00
-99.00
-99.00
-99.00
-99.00
-99.00
-99.00
-99.00
-99.00
-99.00
-99.00
1.11
6.98
0.96
0.34
0.80
5.91
0.02
-99.00
-99.00
-99.00
-99.00
-99.00
-99.00
-99.00
-99.00
-99.00
-99.00
-99.00
-99.00
-99.00
-99.00
-99.00
-99.00
-99.00
-99.00
-99.00
-99.00
-99.00
-99.00
-99.00
-99.00
-99.00
-99.00
-99.00
-99.00
-99.00
-99.00
2.00
5.27
6.16
0.18
-99.00
-99.00
-99.00
-99.00
-99.00
-99.00
-99.00
-99.00
-99.00
-99.00
-99.00
-99.00
-99.00
-99.00
-99.00
-99.00
-99.00
-99.00
-99.00
-99.00
-99.00
0.04
-99.00
-99.00
-99.00
-99.00
-99.00
-99.00
-99.00
-99.00
-99.00
-99.00
-99.00
-99.00
1.42
-99.00
-99.00
-99.00
-99.00
3.27
0.06
-99.00
-99.00
-99.00
-99.00
-99.00
-99.00
-99.00
0.37
3.70
0.33
0.19
-99.00
-99.00
-99.00
-99.00
-99.00
-99.00
-99.00
-99.00
-99.00
-99.00
-99.00
-99.00
-99.00
-99.00
-99.00
-99.00
-99.00
-99.00
2.86
0.78
-99.00
-99.00
-99.00
-99.00
-99.00
0.78
-99.00
-99.00
-99.00
1.37
0.15
0.25
0.25
-99.00
-99.00
-99.00
8.62
3.45
1.19
4.82
3.96
1.03
0.95
1.17
-99.00
0.61
7.22
-99.00
-99.00
-99.00
2.08
5.97
2.79
9.57
2.13
4.85
29.06
0.82
8.98
4.89
0.90
0.74
-99.00
7.06
0.85
0.32
3.57
7.60
0.38
3.44
0.78
0.34
3.63
5.68
4.01
3.38
9.95
51.52
5.72
8.23
11.43
3.73
9.51
0.09
-99.00
0.24
0.18
2.15
6.01
13.50
34.52
36.70
34.29
23.26
20.51
8.80
4.77
7.05
9.08
28.97
2.94
2.35
0.58
16.06
4.78
1.20
9.00
24.85
46.06
5.54
1.47
17.33
14.87
1.67
1.64
5.33
1.18
14.66
1.76
10.12
9.20
6.21
4.48
47.01
85.25
14.37
1.63
2.78
3.21
2.42
0.05
1.48
1.21
1.49
20.73
2.80
0.88
1.90
0.39
0.81
6.03
14.79
1.05
0.31
13.04
27.29
4.27
7.01
21.38
8.48
3.48
8.42
8.97
3.82
7.16
4.81
11.18
14.07
3.42
2.09
1.81
4.25
12.27
18.81
6.76
3.76
8.26
1.32
2.83
0.22
1.21
0.87
4.86
27.81
4.98
12.86
1.88
0.21
4.40
4.34
3.81
33.76
5.84
1.23
2.24
1.87
3.92
3.98
0.72
22.48
48.49
5.93
10.73
4.59
6.29
4.23
3.04
7.85
13.70
2.83
25.16
2.82
0.09
1.42
0.89
5.07
2.74
2.13
0.80
0.33
3.51
4.77
0.73
0.23
1.98
15.14
25.87
4.83
5.57
5.16
8.38
0.55
7.64
9.39
15.17
5.12
0.04
0.13
-99.00
2.88
0.10
4.72
0.63
-99.00
-99.00
1.85
0.34
-99.00
-99.00
1.24
2.90
2.37
-99.00
-99.00
-99.00
-99.00
0.48
-99.00
-99.00
-99.00
10.88
0.03
-99.00
-99.00
0.60
0.02
-99.00
-99.00
-99.00
-99.00
-99.00
-99.00
-99.00
-99.00
-99.00
0.02
-99.00
0.99
-99.00
-99.00
-99.00
-99.00
-99.00
-99.00
-99.00
-99.00
-99.00
-99.00
-99.00
-99.00
-99.00
-99.00
-99.00
-99.00
-99.00
-99.00
-99.00
-99.00
-99.00
-99.00
-99.00
-99.00
-99.00
-99.00
-99.00
-99.00
-99.00
-99.00
-99.00
-99.00
-99.00
-99.00
-99.00
-99.00
-99.00
-99.00
-99.00
-99.00
-99.00
-99.00
-99.00
-99.00
-99.00
-99.00
-99.00
-99.00
-99.00
-99.00
-99.00
-99.00
-99.00
-99.00
-99.00
-99.00
-99.00
-99.00
-99.00
-99.00
-99.00
-99.00
-99.00
-99.00
0.28
-99.00
-99.00
0.05
-99.00
-99.00
-99.00
-99.00
-99.00
-99.00
4.04
3.28
-99.00
9.03
5.22
0.05
-99.00
-99.00
-99.00
2.03
0.10
-99.00
-99.00
-99.00
-99.00
-99.00
-99.00
-99.00
-99.00
-99.00
-99.00
0.02
-99.00
-99.00
-99.00
-99.00
-99.00
-99.00
-99.00
-99.00
-99.00
-99.00
-99.00
-99.00
-99.00
-99.00
-99.00
-99.00
11.08
0.34
0.01
-99.00
-99.00
-99.00
-99.00
0.02
0.10
0.12
0.12
2.61
0.47
0.92
0.09
0.39
-99.00
0.41
-99.00
-99.00
-99.00
1.34
1.55
4.36
0.03
-99.00
-99.00
-99.00
0.10
0.32
4.46
0.23
0.56
-99.00
-99.00
0.62
0.10
-99.00
6.18
0.48
0.59
0.44
1.14
1.20
0.73
1.80
0.89
0.05
-99.00
-99.00
-99.00
-99.00
1.16
1.29
21.50
11.16
1.25
0.31
-99.00
0.01
1.70
-99.00
-99.00
-99.00
1.51
0.87
1.58
11.08
2.16
1.83
0.04
-99.00
-99.00
2.10
0.94
7.45
-99.00
-99.00
-99.00
0.16
4.07
0.66
-99.00
-99.00
-99.00
0.49
1.45
-99.00
-99.00
0.13
1.25
9.62
11.25
47.26
29.24
10.75
8.73
44.95
22.73
6.60
3.53
2.59
1.59
1.10
0.73
0.47
5.86
4.32
6.79
4.32
4.16
5.07
14.14
42.77
34.92
20.20
2.08
4.85
5.51
11.69
2.57
1.92
5.87
1.31
6.47
1.73
7.83
11.20
6.31
14.12
20.53
31.66
5.07
42.20
10.08
0.47
0.38
10.68
7.45
1.47
2.38
1.77
1.89
0.94
1.52
2.49
1.48
1.39
1.00
4.05
12.33
6.60
10.11
11.27
4.46
0.12
0.35
3.29
26.21
55.39
59.21
8.25
6.97
5.45
48.86
10.86
1.18
0.81
5.82
13.97
6.29
1.83
0.98
0.86
0.90
1.45
2.90
0.43
2.26
47.20
6.02
4.42
3.61
0.68
2.65
3.04
21.93
19.79
13.84
0.91
11.63
0.79
2.05
9.93
-99.00
0.20
-99.00
0.05
2.04
13.83
3.10
0.15
0.32
9.08
49.36
8.26
3.10
0.60
0.28
2.12
1.34
34.30
37.37
1.25
0.75
5.02
0.87
1.18
0.19
0.79
-99.00
-99.00
-99.00
-99.00
-99.00
-99.00
-99.00
-99.00
-99.00
-99.00
1.49
0.03
-99.00
-99.00
-99.00
-99.00
-99.00
-99.00
-99.00
-99.00
-99.00
-99.00
-99.00
-99.00
-99.00
-99.00
-99.00
-99.00
-99.00
-99.00
-99.00
-99.00
-99.00
-99.00
-99.00
-99.00
0.44
0.40
0.80
1.96
-99.00
-99.00
-99.00
0.71
-99.00
2.26
20.51
29.34
1.70
0.02
-99.00
-99.00
0.22
-99.00
-99.00
-99.00
-99.00
-99.00
-99.00
-99.00
-99.00
-99.00
-99.00
-99.00
-99.00
-99.00
0.31
-99.00
-99.00
-99.00
-99.00
-99.00
-99.00
-99.00
-99.00
-99.00
-99.00
0.39
0.02
0.09
2.13
-99.00
-99.00
-99.00
-99.00
-99.00
-99.00
-99.00
-99.00
-99.00
-99.00
-99.00
-99.00
-99.00
-99.00
-99.00
-99.00
-99.00
-99.00
-99.00
-99.00
-99.00
-99.00
-99.00
-99.00
-99.00
-99.00
0.51
-99.00
-99.00
-99.00
-99.00
-99.00
12.29
1.73
-99.00
-99.00
-99.00
-99.00
-99.00
-99.00
-99.00
-99.00
-99.00
0.19
4.53
17.94
2.86
0.04
-99.00
-99.00
0.11
0.02
-99.00
0.02
-99.00
-99.00
-99.00
16.30
9.07
0.57
0.31
1.82
1.55
1.86
0.24
-99.00
0.08
-99.00
-99.00
-99.00
-99.00
-99.00
0.04
0.16
1.59
-99.00
-99.00
0.83
-99.00
-99.00
-99.00
-99.00
3.34
1.69
0.04
0.20
0.33
4.66
0.03
0.31
0.13
0.17
-99.00
3.58
-99.00
-99.00
-99.00
0.32
0.41
6.14
0.36
4.16
0.69
-99.00
-99.00
-99.00
22.27
4.36
26.91
0.38
0.18
-99.00
-99.00
-99.00
1.37
0.67
3.82
1.49
6.55
0.72
2.55
0.41
6.78
37.75
2.52
5.02
50.07
4.53
18.91
27.47
2.72
1.85
5.82
5.28
3.42
20.89
2.92
10.96
5.00
0.81
1.41
0.20
1.77
10.34
5.37
13.44
32.50
18.29
24.44
3.11
16.05
1.48
2.52
1.77
0.93
4.44
28.89
1.25
30.90
7.38
15.33
14.09
1.68
7.12
5.96
39.13
12.67
11.80
7.22
2.88
3.42
4.61
1.80
2.43
2.09
1.03
2.49
2.82
0.32
2.75
4.21
9.20
13.49
17.59
1.50
4.69
15.23
6.60
5.01
0.82
4.83
10.15
19.21
9.82
28.84
7.53
2.71
9.20
19.99
23.43
11.66
6.67
3.75
6.53
28.01
8.33
7.66
1.84
4.34
6.01
2.62
8.20
1.69
2.77
10.13
5.64
12.26
17.73
9.86
7.90
2.81
10.31
3.26
6.89
1.07
3.53
5.35
3.81
0.50
0.72
1.68
2.79
7.75
8.37
7.08
17.37
23.04
18.98
8.44
1.93
6.27
3.84
2.11
7.79
30.87
11.28
3.09
3.23
0.16
1.33
3.86
21.98
2.05
1.53
1.07
1.67
6.59
28.08
6.54
3.33
1.23
1.25
8.08
14.77
10.81
5.15
0.85
18.19
5.64
1.36
0.51
0.25
2.69
12.03
11.27
2.82
6.18
1.05
9.24
0.08
0.12
6.12
-99.00
-99.00
0.50
-99.00
-99.00
0.45
35.06
21.26
41.74
40.04
22.60
0.95
-99.00
-99.00
-99.00
1.11
0.27
-99.00
-99.00
-99.00
-99.00
0.20
0.40
0.20
-99.00
-99.00
-99.00
-99.00
0.80
-99.00
0.41
-99.00
-99.00
-99.00
-99.00
-99.00
-99.00
0.42
0.42
-99.00
1.21
0.42
-99.00
-99.00
-99.00
-99.00
-99.00
-99.00
-99.00
-99.00
-99.00
-99.00
-99.00
-99.00
-99.00
-99.00
-99.00
-99.00
-99.00
-99.00
0.11
0.03
-99.00
-99.00
-99.00
-99.00
-99.00
-99.00
-99.00
-99.00
-99.00
-99.00
-99.00
-99.00
-99.00
2.83
-99.00
-99.00
-99.00
-99.00
-99.00
-99.00
-99.00
-99.00
-99.00
0.04
2.43
2.44
4.45
0.38
-99.00
-99.00
0.81
-99.00
-99.00
0.03
-99.00
-99.00
-99.00
-99.00
-99.00
-99.00
-99.00
-99.00
-99.00
0.14
-99.00
-99.00
-99.00
-99.00
-99.00
4.42
11.46
4.20
0.04
-99.00
-99.00
-99.00
-99.00
0.17
5.71
6.95
10.75
0.14
-99.00
-99.00
-99.00
-99.00
-99.00
-99.00
-99.00
-99.00
-99.00
-99.00
-99.00
-99.00
-99.00
-99.00
-99.00
-99.00
0.83
0.02
-99.00
-99.00
-99.00
-99.00
-99.00
-99.00
-99.00
-99.00
-99.00
7.23
16.05
1.35
0.13
-99.00
0.37
-99.00
-99.00
-99.00
10.03
4.11
-99.00
12.52
2.57
13.06
0.39
11.13
1.12
4.18
2.78
25.06
14.38
0.54
4.01
2.56
1.50
-99.00
-99.00
-99.00
-99.00
0.92
7.71
41.89
6.77
0.24
26.05
18.46
58.03
39.34
36.09
0.94
-99.00
2.30
2.77
0.79
-99.00
-99.00
2.45
-99.00
14.65
0.06
1.12
3.25
0.20
5.52
8.41
0.07
0.70
0.22
4.36
3.22
0.65
4.76
4.54
20.62
9.40
37.45
38.88
0.76
0.50
3.62
10.57
1.31
0.17
9.86
4.55
7.92
8.84
27.46
41.81
5.91
37.85
29.02
1.61
0.47
21.72
-99.00
1.56
0.08
4.20
7.09
3.15
1.87
0.51
0.82
0.08
9.61
1.97
6.02
4.19
7.23
12.42
13.26
8.37
5.90
3.24
2.72
2.88
0.65
2.65
5.47
11.11
39.18
36.56
15.04
4.92
1.99
0.11
4.59
10.87
4.74
0.83
3.61
8.56
6.12
6.76
28.27
15.24
23.19
11.56
4.75
5.58
5.74
3.71
4.86
3.34
3.17
22.61
11.85
4.00
12.40
40.42
8.13
2.82
6.89
3.37
2.21
1.43
1.51
9.81
16.82
3.66
3.22
8.84
13.82
5.71
13.76
19.13
7.31
1.41
17.29
17.63
1.69
12.68
14.05
9.03
5.37
15.13
1.72
0.89
0.51
3.47
0.59
1.21
27.57
9.85
7.94
9.20
2.91
2.57
4.54
4.64
3.98
29.78
23.99
18.32
7.92
0.12
5.13
-99.00
0.04
7.68
6.00
-99.00
0.09
0.10
-99.00
-99.00
1.54
6.61
0.33
2.19
2.78
18.37
1.04
1.21
0.07
2.94
-99.00
-99.00
0.63
-99.00
-99.00
-99.00
-99.00
-99.00
1.42
3.30
5.45
-99.00
-99.00
-99.00
-99.00
-99.00
-99.00
-99.00
-99.00
-99.00
-99.00
-99.00
-99.00
-99.00
-99.00
-99.00
-99.00
-99.00
-99.00
-99.00
2.51
-99.00
-99.00
-99.00
-99.00
-99.00
-99.00
-99.00
-99.00
-99.00
-99.00
-99.00
-99.00
-99.00
-99.00
-99.00
-99.00
0.04
-99.00
-99.00
-99.00
-99.00
-99.00
-99.00
-99.00
-99.00
-99.00
-99.00
-99.00
-99.00
-99.00
-99.00
-99.00
0.73
1.09
3.27
37.52
1.66
0.07
-99.00
-99.00
-99.00
-99.00
-99.00
-99.00
-99.00
-99.00
-99.00
-99.00
-99.00
-99.00
-99.00
-99.00
-99.00
-99.00
-99.00
-99.00
-99.00
-99.00
-99.00
-99.00
-99.00
-99.00
-99.00
-99.00
-99.00
-99.00
-99.00
-99.00
-99.00
-99.00
-99.00
-99.00
-99.00
-99.00
-99.00
-99.00
-99.00
-99.00
-99.00
-99.00
-99.00
-99.00
-99.00
-99.00
-99.00
-99.00
-99.00
-99.00
0.64
-99.00
-99.00
0.62
0.26
-99.00
0.11
2.27
-99.00
-99.00
-99.00
9.08
2.85
-99.00
-99.00
0.31
0.15
1.18
0.21
0.15
-99.00
-99.00
-99.00
-99.00
-99.00
-99.00
-99.00
-99.00
1.18
1.44
-99.00
-99.00
2.69
16.64
1.12
-99.00
-99.00
-99.00
-99.00
2.04
-99.00
-99.00
-99.00
-99.00
0.63
6.69
2.09
-99.00
-99.00
-99.00
-99.00
1.99
0.80
2.37
0.06
-99.00
-99.00
-99.00
-99.00
-99.00
-99.00
3.26
4.93
3.69
2.08
0.10
-99.00
0.95
0.04
3.03
6.05
8.84
8.09
6.34
13.23
2.49
9.28
5.12
2.87
1.68
2.99
11.08
3.69
17.82
11.21
18.87
-99.00
4.15
-99.00
10.98
0.03
0.04
0.05
0.02
0.68
7.82
9.33
13.65
8.61
5.77
25.16
1.76
34.58
-99.00
5.02
2.12
-99.00
-99.00
-99.00
-99.00
2.91
-99.00
0.02
-99.00
-99.00
3.32
3.41
5.28
5.36
-99.00
1.67
4.91
12.26
1.52
3.29
-99.00
-99.00
3.94
15.39
29.29
26.60
4.73
14.38
3.54
3.41
2.79
24.46
42.62
15.61
2.50
10.91
1.19
5.06
21.25
7.75
16.72
15.18
29.59
1.49
8.12
2.83
24.04
0.31
-99.00
1.46
6.23
2.54
-99.00
1.07
10.72
12.93
6.73
4.45
0.89
0.28
1.20
-99.00
3.64
0.47
9.88
6.02
24.76
12.87
6.92
8.49
18.18
10.34
6.74
38.22
11.39
6.69
34.10
101.51
44.22
12.70
9.07
2.98
17.07
13.98
3.19
4.11
5.68
5.28
10.10
2.87
2.57
0.35
5.95
4.67
5.00
1.65
4.02
7.71
13.30
7.14
7.45
0.22
2.31
5.00
19.17
9.23
5.58
0.35
0.03
7.50
17.30
4.68
9.07
1.79
5.23
5.61
13.70
17.63
14.90
4.11
8.08
15.74
2.88
1.69
8.91
1.29
3.43
-99.00
0.56
0.08
0.17
0.58
0.20
14.86
12.06
0.25
0.22
3.20
0.16
0.04
0.02
0.03
-99.00
0.55
0.22
1.81
2.55
-99.00
-99.00
-99.00
-99.00
-99.00
-99.00
-99.00
-99.00
-99.00
-99.00
8.25
2.87
2.06
-99.00
0.09
-99.00
-99.00
-99.00
-99.00
-99.00
-99.00
-99.00
-99.00
-99.00
-99.00
-99.00
1.29
1.74
-99.00
3.21
22.96
28.30
0.09
-99.00
-99.00
-99.00
-99.00
-99.00
-99.00
-99.00
-99.00
-99.00
-99.00
-99.00
-99.00
-99.00
-99.00
-99.00
-99.00
-99.00
-99.00
-99.00
-99.00
-99.00
-99.00
-99.00
-99.00
-99.00
-99.00
-99.00
-99.00
-99.00
-99.00
-99.00
-99.00
-99.00
-99.00
-99.00
-99.00
-99.00
-99.00
-99.00
-99.00
-99.00
1.42
0.28
-99.00
-99.00
-99.00
-99.00
-99.00
-99.00
-99.00
0.16
-99.00
-99.00
-99.00
-99.00
-99.00
0.65
1.36
1.09
-99.00
-99.00
-99.00
-99.00
-99.00
0.12
0.11
-99.00
-99.00
-99.00
-99.00
-99.00
-99.00
-99.00
-99.00
-99.00
-99.00
0.45
1.44
3.01
-99.00
0.19
0.06
0.19
-99.00
-99.00
-99.00
-99.00
0.50
-99.00
-99.00
-99.00
-99.00
-99.00
-99.00
-99.00
-99.00
-99.00
2.83
-99.00
-99.00
5.44
1.60
2.71
6.86
10.68
0.62
0.12
-99.00
0.05
0.18
4.94
1.53
4.58
1.32
-99.00
-99.00
-99.00
-99.00
-99.00
0.09
-99.00
-99.00
9.70
8.61
0.08
5.50
0.56
25.74
2.48
0.16
-99.00
-99.00
-99.00
-99.00
0.72
1.28
3.26
0.97
-99.00
-99.00
-99.00
-99.00
-99.00
-99.00
-99.00
-99.00
2.97
8.87
9.48
1.20
16.44
16.40
-99.00
0.15
-99.00
0.01
-99.00
-99.00
-99.00
0.11
0.56
4.22
6.74
18.38
2.41
37.79
17.97
12.01
7.23
36.40
36.99
39.05
19.59
22.03
15.83
19.78
0.60
1.65
14.96
6.43
3.80
0.70
4.48
0.40
3.61
19.85
0.14
14.50
7.24
19.93
36.50
2.94
0.09
-99.00
-99.00
-99.00
-99.00
0.58
-99.00
0.91
1.04
2.06
7.94
0.65
1.17
0.44
1.63
0.54
0.17
-99.00
3.85
0.41
5.07
4.90
1.54
32.06
11.24
11.25
14.37
1.07
0.86
4.60
0.70
10.20
12.19
15.87
15.28
6.31
14.09
10.53
2.67
8.74
14.38
14.63
10.39
9.97
6.50
3.17
0.38
2.28
0.59
-99.00
-99.00
0.74
0.10
2.58
8.11
9.36
2.74
5.69
22.89
17.44
8.89
5.87
16.24
19.51
21.30
14.93
15.08
5.38
1.98
1.12
27.73
61.17
41.51
24.87
7.23
0.77
1.38
6.01
10.33
7.44
1.69
3.37
5.04
0.28
2.61
1.47
10.08
19.40
6.28
8.38
70.76
59.71
51.17
26.63
3.82
2.57
4.11
2.91
2.60
3.25
4.05
4.30
5.63
11.05
12.61
9.95
38.96
7.03
3.60
2.20
0.59
0.44
4.30
9.81
24.56
22.85
5.41
8.01
2.78
10.36
2.10
2.84
3.87
0.83
0.03
1.79
11.48
0.08
1.13
7.66
-99.00
0.74
0.94
1.71
18.43
33.19
25.54
1.96
23.17
46.00
19.87
3.05
2.52
25.48
11.40
3.27
0.03
-99.00
-99.00
0.06
5.65
-99.00
1.33
1.94
1.54
-99.00
-99.00
-99.00
-99.00
-99.00
-99.00
-99.00
-99.00
-99.00
-99.00
-99.00
-99.00
0.10
4.14
5.39
-99.00
-99.00
-99.00
-99.00
-99.00
-99.00
-99.00
-99.00
-99.00
-99.00
-99.00
-99.00
0.07
0.37
-99.00
-99.00
-99.00
-99.00
-99.00
-99.00
-99.00
-99.00
-99.00
-99.00
-99.00
-99.00
-99.00
-99.00
-99.00
2.06
-99.00
-99.00
-99.00
-99.00
0.31
-99.00
-99.00
-99.00
-99.00
-99.00
-99.00
-99.00
-99.00
-99.00
0.26
1.65
10.93
0.68
-99.00
-99.00
-99.00
-99.00
0.03
-99.00
-99.00
-99.00
-99.00
-99.00
-99.00
-99.00
-99.00
-99.00
-99.00
-99.00
-99.00
-99.00
0.12
6.33
0.47
-99.00
-99.00
-99.00
0.06
0.40
5.56
0.23
1.67
-99.00
-99.00
-99.00
-99.00
-99.00
-99.00
-99.00
-99.00
-99.00
-99.00
-99.00
-99.00
-99.00
0.40
0.11
-99.00
-99.00
-99.00
-99.00
-99.00
-99.00
-99.00
-99.00
-99.00
-99.00
-99.00
-99.00
-99.00
-99.00
-99.00
-99.00
-99.00
-99.00
-99.00
-99.00
-99.00
-99.00
-99.00
-99.00
-99.00
-99.00
-99.00
-99.00
-99.00
-99.00
-99.00
-99.00
-99.00
-99.00
0.06
-99.00
-99.00
-99.00
-99.00
-99.00
-99.00
-99.00
-99.00
-99.00
5.64
0.44
6.84
-99.00
-99.00
-99.00
-99.00
-99.00
-99.00
-99.00
-99.00
0.67
0.57
9.31
6.07
9.75
0.25
-99.00
-99.00
-99.00
-99.00
0.02
0.55
-99.00
-99.00
1.34
1.36
0.11
1.31
6.45
5.60
1.79
2.08
3.77
5.32
9.30
20.74
13.32
0.22
3.71
2.49
2.78
4.57
24.12
21.95
37.63
44.79
28.32
15.61
47.68
30.23
31.90
3.44
1.23
0.17
0.80
0.50
0.54
0.17
1.09
28.83
15.67
12.67
5.56
0.43
2.01
0.43
3.30
2.02
4.99
52.15
63.00
66.46
54.71
21.82
12.12
7.39
0.67
2.35
3.95
10.91
14.61
24.56
37.01
31.27
16.06
7.16
17.48
31.33
32.99
11.84
8.24
30.70
22.77
5.44
3.90
5.28
5.49
4.52
3.33
2.03
2.04
5.38
8.69
11.96
23.11
19.19
17.21
16.91
10.17
6.20
26.33
26.17
13.15
8.47
6.61
3.77
12.48
19.51
25.14
33.93
9.51
8.35
6.32
0.93
8.90
10.90
23.09
14.72
15.40
17.15
13.59
9.50
15.95
7.95
7.70
8.71
8.40
4.79
1.14
8.33
11.57
5.66
11.33
33.30
22.53
8.49
7.89
11.17
7.27
4.38
6.66
19.75
36.16
7.65
15.27
20.71
12.55
4.70
2.95
12.73
20.02
16.52
24.32
16.30
9.55
9.91
2.04
1.49
7.92
13.21
6.61
0.34
1.97
29.61
49.77
25.89
9.81
9.58
1.24
0.05
0.18
-99.00
0.51
-99.00
-99.00
-99.00
-99.00
-99.00
-99.00
0.23
6.78
7.81
14.55
11.99
4.44
0.53
16.35
0.98
0.76
-99.00
4.17
18.20
9.45
1.87
-99.00
0.18
0.05
3.72
5.27
1.15
18.40
0.04
-99.00
-99.00
-99.00
-99.00
-99.00
-99.00
-99.00
-99.00
-99.00
-99.00
-99.00
-99.00
-99.00
-99.00
-99.00
-99.00
-99.00
-99.00
-99.00
-99.00
-99.00
-99.00
8.26
-99.00
-99.00
-99.00
-99.00
-99.00
-99.00
-99.00
-99.00
-99.00
0.06
-99.00
-99.00
-99.00
-99.00
-99.00
-99.00
-99.00
-99.00
-99.00
-99.00
-99.00
-99.00
-99.00
-99.00
-99.00
-99.00
-99.00
-99.00
3.63
0.41
-99.00
-99.00
-99.00
-99.00
-99.00
-99.00
-99.00
-99.00
-99.00
-99.00
-99.00
-99.00
-99.00
-99.00
-99.00
0.26
1.44
0.12
-99.00
-99.00
-99.00
0.27
0.12
-99.00
-99.00
-99.00
-99.00
-99.00
-99.00
-99.00
0.74
0.38
-99.00
-99.00
-99.00
-99.00
-99.00
-99.00
-99.00
-99.00
-99.00
-99.00
-99.00
-99.00
0.75
-99.00
0.26
0.16
-99.00
-99.00
-99.00
5.16
0.33
0.20
-99.00
-99.00
-99.00
-99.00
-99.00
-99.00
0.24
0.31
0.08
0.39
-99.00
-99.00
-99.00
-99.00
-99.00
-99.00
-99.00
-99.00
-99.00
0.24
-99.00
-99.00
-99.00
-99.00
-99.00
-99.00
-99.00
-99.00
-99.00
-99.00
-99.00
-99.00
-99.00
-99.00
-99.00
-99.00
-99.00
-99.00
1.97
2.72
0.11
0.51
-99.00
9.35
22.58
36.23
1.50
1.27
7.54
-99.00
3.96
8.55
-99.00
-99.00
10.32
-99.00
-99.00
0.50
1.38
3.96
2.63
2.60
0.16
-99.00
-99.00
-99.00
6.24
9.13
3.85
2.37
17.03
0.50
9.26
0.29
0.56
-99.00
0.76
3.63
12.85
4.47
0.77
12.86
6.09
22.80
1.37
27.08
12.38
10.32
2.50
-99.00
1.46
0.35
3.62
10.83
3.42
7.73
13.45
2.45
0.16
-99.00
-99.00
1.52
4.76
4.42
1.20
23.18
19.79
17.13
3.46
19.36
0.31
-99.00
1.33
23.44
1.92
12.76
5.85
5.21
7.23
6.64
1.73
22.36
21.83
2.25
2.69
2.96
3.81
34.20
30.16
1.99
1.11
8.89
0.98
0.88
1.33
13.97
8.84
9.12
2.43
4.81
13.25
16.74
11.79
9.03
1.06
2.87
7.69
14.16
12.47
26.21
20.17
16.66
9.89
4.43
0.66
5.71
1.75
3.00
2.15
5.98
2.19
2.68
1.81
4.48
6.61
2.88
26.11
7.81
4.72
2.32
2.15
16.11
2.64
23.62
3.80
6.25
4.12
5.58
5.57
17.66
15.54
7.72
0.38
2.11
2.68
14.97
6.54
2.45
2.95
5.89
1.46
6.91
7.56
23.12
21.40
17.41
15.69
15.08
16.89
7.95
1.30
1.80
1.99
0.94
2.71
12.71
26.24
26.42
4.05
3.98
0.90
13.14
3.71
3.93
8.44
0.17
2.19
4.00
16.33
10.69
1.65
-99.00
0.38
6.02
6.28
8.19
4.82
31.86
9.40
3.35
8.04
10.04
6.46
6.07
6.73
1.74
-99.00
-99.00
-99.00
-99.00
-99.00
-99.00
-99.00
-99.00
1.84
0.09
-99.00
-99.00
0.03
6.92
35.86
9.92
0.14
0.51
0.90
-99.00
-99.00
-99.00
-99.00
-99.00
-99.00
-99.00
-99.00
-99.00
-99.00
-99.00
-99.00
-99.00
-99.00
-99.00
-99.00
-99.00
-99.00
-99.00
-99.00
-99.00
-99.00
-99.00
-99.00
-99.00
-99.00
0.11
0.80
-99.00
0.83
0.04
-99.00
-99.00
-99.00
-99.00
-99.00
-99.00
-99.00
-99.00
-99.00
-99.00
-99.00
-99.00
-99.00
-99.00
-99.00
-99.00
-99.00
-99.00
-99.00
-99.00
-99.00
-99.00
-99.00
0.01
-99.00
-99.00
-99.00
-99.00
-99.00
-99.00
-99.00
-99.00
-99.00
-99.00
-99.00
-99.00
0.22
0.29
-99.00
-99.00
-99.00
-99.00
-99.00
-99.00
-99.00
-99.00
-99.00
-99.00
-99.00
-99.00
-99.00
-99.00
-99.00
-99.00
-99.00
2.15
1.54
0.22
-99.00
-99.00
-99.00
-99.00
-99.00
-99.00
-99.00
-99.00
-99.00
-99.00
-99.00
-99.00
-99.00
-99.00
-99.00
-99.00
-99.00
-99.00
-99.00
-99.00
-99.00
-99.00
-99.00
-99.00
-99.00
-99.00
-99.00
0.47
0.21
0.08
-99.00
-99.00
-99.00
-99.00
-99.00
-99.00
-99.00
-99.00
-99.00
-99.00
-99.00
-99.00
0.21
0.02
0.25
-99.00
-99.00
-99.00
0.27
0.07
-99.00
-99.00
-99.00
0.63
0.94
-99.00
1.28
0.75
-99.00
-99.00
0.47
0.83
-99.00
-99.00
-99.00
-99.00
-99.00
-99.00
-99.00
-99.00
-99.00
-99.00
5.20
0.88
1.12
6.70
2.03
9.80
0.89
3.88
14.35
6.43
8.13
6.71
11.55
14.73
4.51
0.12
-99.00
-99.00
1.73
4.85
9.35
0.85
0.64
-99.00
32.18
24.28
8.04
12.78
7.79
3.75
7.49
6.18
4.36
4.91
12.27
7.47
20.82
4.77
-99.00
-99.00
-99.00
0.49
18.04
2.78
-99.00
26.58
4.74
32.75
6.85
21.15
1.23
0.70
6.10
0.59
-99.00
12.73
10.91
3.04
0.04
-99.00
0.08
-99.00
-99.00
18.32
0.61
-99.00
-99.00
-99.00
0.04
-99.00
0.67
2.14
2.25
0.58
11.02
9.10
11.41
5.57
12.51
7.08
2.96
4.49
10.73
3.89
1.81
3.49
5.34
11.53
4.97
12.01
43.92
40.14
13.09
1.44
0.66
35.69
6.93
6.90
7.13
3.67
5.29
15.79
10.11
2.06
1.83
2.98
0.68
5.03
2.06
11.67
2.82
5.54
7.02
49.65
31.66
29.44
34.76
32.94
6.37
7.86
1.24
1.65
5.38
11.51
17.00
19.43
15.24
5.63
10.63
0.16
2.06
3.67
2.65
5.00
6.77
18.20
9.37
8.52
0.77
0.77
1.78
3.49
11.09
8.68
8.58
12.58
6.01
9.77
17.07
0.14
1.00
0.71
1.66
13.07
2.73
2.30
6.22
2.30
0.08
10.94
3.91
12.77
12.14
18.88
17.43
6.69
11.92
6.62
0.65
10.50
30.53
4.50
0.83
0.07
3.50
22.47
4.11
4.60
44.90
136.19
82.90
13.50
22.92
9.54
18.54
14.01
2.21
9.86
5.92
26.55
14.92
33.42
7.42
4.33
0.19
4.24
5.57
4.83
13.95
2.78
0.52
0.08
-99.00
-99.00
-99.00
-99.00
-99.00
-99.00
-99.00
-99.00
-99.00
-99.00
-99.00
-99.00
-99.00
0.51
0.38
0.12
-99.00
4.22
3.54
0.78
60.63
38.72
9.12
-99.00
-99.00
-99.00
-99.00
-99.00
-99.00
-99.00
-99.00
-99.00
-99.00
-99.00
-99.00
-99.00
-99.00
-99.00
-99.00
-99.00
-99.00
-99.00
-99.00
-99.00
-99.00
-99.00
-99.00
-99.00
-99.00
-99.00
-99.00
-99.00
-99.00
-99.00
-99.00
0.45
0.76
0.06
-99.00
-99.00
-99.00
-99.00
-99.00
-99.00
-99.00
-99.00
-99.00
-99.00
-99.00
-99.00
0.57
0.03
-99.00
-99.00
-99.00
-99.00
-99.00
-99.00
-99.00
-99.00
-99.00
0.58
-99.00
-99.00
0.38
0.51
0.08
-99.00
-99.00
-99.00
-99.00
-99.00
-99.00
-99.00
-99.00
-99.00
-99.00
-99.00
-99.00
-99.00
-99.00
-99.00
-99.00
-99.00
-99.00
-99.00
-99.00
-99.00
0.84
-99.00
1.61
-99.00
1.60
-99.00
1.28
-99.00
-99.00
-99.00
-99.00
-99.00
-99.00
-99.00
-99.00
-99.00
-99.00
-99.00
-99.00
-99.00
-99.00
-99.00
-99.00
0.10
0.01
0.27
-99.00
-99.00
6.25
-99.00
-99.00
-99.00
5.39
3.51
0.73
0.43
6.61
2.37
2.43
4.55
-99.00
0.24
0.11
0.57
1.31
0.01
2.21
0.74
-99.00
-99.00
-99.00
-99.00
-99.00
-99.00
-99.00
1.34
-99.00
-99.00
-99.00
-99.00
-99.00
2.25
0.03
-99.00
3.27
37.96
0.72
0.57
3.76
2.49
-99.00
-99.00
0.34
-99.00
1.46
0.21
-99.00
1.93
16.48
28.52
29.93
10.38
18.60
1.60
1.11
37.42
3.05
26.41
4.17
0.28
1.08
4.46
10.48
0.90
1.35
3.56
0.25
-99.00
-99.00
-99.00
-99.00
-99.00
-99.00
1.24
1.26
0.26
0.02
4.86
1.56
17.79
2.34
0.84
-99.00
5.15
-99.00
1.35
4.50
0.23
7.57
2.41
40.92
14.14
1.69
0.34
6.16
5.16
0.71
10.95
1.70
1.04
0.19
-99.00
-99.00
0.34
2.57
14.29
29.81
9.61
12.93
13.49
2.90
0.10
0.06
-99.00
-99.00
0.06
0.17
9.33
29.49
5.29
5.94
5.60
11.49
28.41
12.36
7.06
15.53
3.79
3.63
6.34
6.63
16.12
8.94
5.65
2.04
3.55
11.56
9.26
8.91
11.73
51.92
21.46
35.25
10.75
15.61
16.60
18.55
73.07
35.22
9.37
0.88
0.47
4.75
1.10
1.66
1.14
0.64
1.37
9.69
3.05
3.99
4.41
3.19
4.04
9.94
0.40
10.24
32.05
10.45
5.13
6.60
20.06
47.02
71.28
43.06
10.07
2.92
2.55
6.46
2.09
7.77
4.00
4.76
2.04
2.40
7.09
4.89
8.90
14.97
19.53
2.46
3.67
2.27
2.32
2.02
1.98
0.55
0.43
8.24
10.80
17.52
19.06
66.55
21.22
5.45
0.41
16.35
0.84
0.46
-99.00
-99.00
0.29
-99.00
0.80
0.23
1.19
20.23
27.23
1.94
2.26
0.97
1.89
0.16
-99.00
1.75
0.15
0.04
3.63
27.45
1.81
-99.00
-99.00
-99.00
-99.00
-99.00
-99.00
-99.00
-99.00
-99.00
-99.00
-99.00
-99.00
0.27
0.36
-99.00
-99.00
-99.00
-99.00
-99.00
-99.00
-99.00
0.15
1.10
5.24
16.82
1.25
-99.00
-99.00
-99.00
-99.00
-99.00
-99.00
-99.00
-99.00
-99.00
-99.00
-99.00
-99.00
-99.00
-99.00
-99.00
-99.00
-99.00
-99.00
-99.00
-99.00
-99.00
-99.00
-99.00
-99.00
-99.00
3.63
9.89
1.13
-99.00
-99.00
-99.00
-99.00
-99.00
-99.00
-99.00
-99.00
0.33
-99.00
-99.00
-99.00
-99.00
-99.00
-99.00
-99.00
-99.00
-99.00
-99.00
-99.00
-99.00
0.34
-99.00
-99.00
-99.00
-99.00
-99.00
-99.00
-99.00
-99.00
-99.00
-99.00
-99.00
-99.00
-99.00
-99.00
-99.00
-99.00
-99.00
-99.00
-99.00
-99.00
-99.00
-99.00
-99.00
-99.00
-99.00
-99.00
-99.00
-99.00
-99.00
-99.00
-99.00
-99.00
-99.00
-99.00
-99.00
-99.00
-99.00
-99.00
-99.00
0.02
0.99
4.61
0.32
-99.00
-99.00
-99.00
-99.00
3.60
24.04
2.19
2.05
0.84
-99.00
2.18
1.64
12.38
0.41
-99.00
-99.00
-99.00
-99.00
8.83
0.17
0.06
-99.00
9.48
1.22
6.99
10.47
2.19
-99.00
-99.00
7.46
5.01
0.11
0.25
-99.00
-99.00
-99.00
-99.00
-99.00
0.74
-99.00
0.01
-99.00
-99.00
-99.00
-99.00
-99.00
-99.00
-99.00
-99.00
-99.00
-99.00
-99.00
-99.00
-99.00
-99.00
-99.00
1.86
16.41
8.08
-99.00
1.89
0.10
17.26
19.85
1.08
0.17
-99.00
10.77
0.80
0.46
18.90
3.32
3.20
0.96
0.41
2.31
4.35
1.11
7.86
17.99
1.98
11.04
8.51
1.55
11.04
22.58
5.08
19.45
29.01
4.97
3.23
7.35
33.48
42.71
9.48
11.01
16.53
12.83
5.61
0.43
6.15
48.80
53.13
5.53
-99.00
5.52
1.24
1.75
0.44
4.10
10.32
5.18
5.09
13.09
9.48
50.09
70.29
46.63
27.49
26.75
11.13
0.88
0.56
2.31
6.33
16.15
42.06
18.64
7.64
23.91
7.43
4.07
2.34
0.58
3.75
6.90
13.79
28.74
47.64
19.01
26.63
31.32
14.73
8.32
28.25
1.99
1.70
8.31
4.10
4.98
7.16
6.55
0.81
1.20
2.07
8.85
14.46
17.38
10.54
9.96
1.28
-99.00
0.71
0.82
3.90
5.05
6.23
10.60
12.88
2.18
10.95
2.21
6.07
7.83
13.80
14.26
8.87
10.03
19.67
1.91
3.29
2.12
4.96
1.51
6.65
4.46
15.81
9.13
6.64
5.17
2.35
3.58
22.14
13.08
2.70
1.37
3.95
2.25
4.64
2.30
13.37
3.82
2.00
22.30
15.92
6.50
8.49
5.36
5.03
0.86
1.97
24.57
0.30
1.00
5.87
3.88
0.88
0.35
0.92
0.12
0.77
0.02
0.16
0.28
3.32
0.32
5.64
8.43
2.73
20.05
4.51
8.53
1.92
-99.00
-99.00
-99.00
-99.00
4.39
11.03
1.50
-99.00
-99.00
-99.00
18.10
45.02
2.56
-99.00
-99.00
-99.00
-99.00
-99.00
-99.00
-99.00
-99.00
-99.00
-99.00
-99.00
-99.00
-99.00
-99.00
-99.00
-99.00
-99.00
-99.00
-99.00
-99.00
-99.00
-99.00
-99.00
-99.00
-99.00
-99.00
-99.00
-99.00
-99.00
-99.00
0.06
-99.00
-99.00
-99.00
-99.00
-99.00
-99.00
4.85
33.70
67.33
11.79
2.88
-99.00
-99.00
-99.00
-99.00
-99.00
-99.00
-99.00
-99.00
-99.00
-99.00
-99.00
-99.00
-99.00
-99.00
-99.00
-99.00
-99.00
-99.00
-99.00
-99.00
-99.00
-99.00
-99.00
-99.00
-99.00
-99.00
-99.00
-99.00
-99.00
-99.00
-99.00
-99.00
0.33
-99.00
-99.00
-99.00
-99.00
-99.00
-99.00
-99.00
-99.00
-99.00
-99.00
-99.00
-99.00
-99.00
-99.00
-99.00
-99.00
-99.00
-99.00
-99.00
-99.00
-99.00
-99.00
-99.00
-99.00
-99.00
-99.00
-99.00
-99.00
-99.00
-99.00
-99.00
-99.00
-99.00
-99.00
-99.00
-99.00
-99.00
-99.00
-99.00
0.01
-99.00
3.40
0.58
-99.00
-99.00
6.59
8.38
0.74
-99.00
1.70
-99.00
-99.00
-99.00
-99.00
-99.00
-99.00
-99.00
-99.00
-99.00
-99.00
-99.00
-99.00
-99.00
-99.00
-99.00
-99.00
0.67
0.18
-99.00
-99.00
-99.00
0.82
1.27
-99.00
-99.00
-99.00
-99.00
-99.00
-99.00
-99.00
-99.00
-99.00
-99.00
-99.00
0.43
0.22
0.45
0.68
1.32
0.96
-99.00
-99.00
-99.00
-99.00
-99.00
-99.00
-99.00
0.88
-99.00
-99.00
-99.00
-99.00
-99.00
1.94
-99.00
-99.00
-99.00
-99.00
-99.00
-99.00
-99.00
-99.00
8.12
24.17
5.19
32.99
2.07
1.59
0.07
1.33
2.48
0.17
-99.00
-99.00
-99.00
-99.00
-99.00
-99.00
0.89
15.32
0.78
6.51
37.49
6.55
0.76
-99.00
0.98
7.15
1.90
3.41
6.96
3.39
20.28
56.03
13.79
2.07
4.92
0.55
16.40
0.64
27.62
6.12
7.20
8.19
4.34
0.03
-99.00
4.23
8.70
6.22
23.07
35.39
17.73
2.71
2.70
0.92
2.76
5.21
9.12
12.30
0.26
1.68
3.75
0.99
0.37
4.41
5.41
3.97
17.24
18.30
8.77
22.69
19.98
3.54
3.32
7.88
2.17
2.39
12.37
16.09
24.38
2.69
0.30
2.92
2.04
11.53
2.95
8.76
2.23
0.75
0.02
0.69
0.24
0.50
13.86
52.37
35.33
3.92
1.93
12.85
5.69
0.82
0.95
2.37
6.76
2.21
2.84
2.20
3.06
6.98
7.36
1.95
0.47
7.19
1.42
3.71
1.73
0.64
1.03
6.49
2.81
2.53
5.53
3.05
2.47
2.03
0.56
2.40
7.07
9.63
6.43
0.47
5.71
27.25
22.82
1.76
-99.00
0.03
4.69
10.26
6.10
7.65
14.25
3.34
0.48
2.67
0.67
5.47
8.98
6.26
3.87
8.57
4.84
2.16
5.35
17.08
27.04
13.56
7.76
1.41
0.52
-99.00
-99.00
0.51
0.25
3.79
8.28
28.52
9.63
21.85
2.92
0.07
-99.00
-99.00
-99.00
10.10
35.96
35.24
0.90
1.02
0.13
0.36
1.19
3.69
1.40
0.37
0.06
-99.00
-99.00
0.04
0.09
-99.00
-99.00
-99.00
-99.00
-99.00
-99.00
-99.00
-99.00
-99.00
-99.00
-99.00
-99.00
-99.00
0.94
-99.00
-99.00
-99.00
-99.00
-99.00
-99.00
-99.00
-99.00
-99.00
-99.00
-99.00
-99.00
-99.00
-99.00
-99.00
-99.00
-99.00
-99.00
-99.00
-99.00
-99.00
-99.00
-99.00
-99.00
-99.00
-99.00
-99.00
-99.00
-99.00
-99.00
-99.00
-99.00
-99.00
-99.00
-99.00
-99.00
-99.00
-99.00
0.17
-99.00
0.21
3.85
-99.00
-99.00
-99.00
-99.00
-99.00
-99.00
-99.00
-99.00
-99.00
-99.00
-99.00
-99.00
-99.00
-99.00
-99.00
-99.00
-99.00
-99.00
-99.00
-99.00
-99.00
-99.00
-99.00
-99.00
-99.00
-99.00
-99.00
-99.00
-99.00
-99.00
-99.00
-99.00
-99.00
-99.00
-99.00
-99.00
-99.00
0.40
-99.00
-99.00
0.61
-99.00
-99.00
-99.00
-99.00
0.01
-99.00
-99.00
0.03
8.61
1.04
1.20
1.54
8.80
0.14
5.09
2.28
2.56
0.05
-99.00
9.06
0.26
-99.00
0.07
6.14
7.76
1.53
-99.00
-99.00
0.88
-99.00
-99.00
0.13
1.09
-99.00
11.05
2.14
-99.00
0.03
-99.00
-99.00
-99.00
-99.00
-99.00
-99.00
2.71
29.23
48.44
20.27
0.87
4.60
6.60
13.20
0.51
14.68
18.68
2.24
2.32
8.70
0.07
1.34
12.68
2.79
0.47
-99.00
-99.00
-99.00
1.24
5.64
-99.00
0.12
1.33
0.29
21.13
8.29
1.05
0.07
3.66
4.82
6.23
14.96
0.31
14.53
2.80
0.07
0.65
4.02
0.11
20.44
0.15
-99.00
3.25
-99.00
1.49
3.05
0.83
6.35
12.06
23.39
15.18
2.66
-99.00
-99.00
23.26
20.54
2.06
5.61
-99.00
12.05
23.81
1.77
5.32
6.70
28.63
0.63
7.86
38.93
16.38
1.79
0.89
41.73
2.07
0.12
12.89
16.12
8.11
1.75
8.75
2.28
3.00
3.72
2.04
0.75
5.89
7.39
8.81
4.56
8.71
7.78
15.12
0.72
6.76
11.38
1.70
5.43
8.23
4.58
13.00
39.02
45.49
14.64
5.21
3.18
22.82
27.45
6.44
6.32
3.52
5.89
7.71
8.92
6.69
1.69
2.79
5.60
9.99
5.24
2.15
2.84
8.18
4.18
11.15
16.02
24.16
13.43
2.38
3.89
14.41
13.52
13.95
5.34
5.41
14.05
6.22
2.97
3.11
0.67
9.04
7.99
1.60
6.15
6.31
3.60
1.10
0.74
9.82
1.04
2.62
2.91
0.38
5.53
18.15
6.63
4.71
2.20
1.07
-99.00
0.31
8.72
4.98
7.27
4.09
3.72
2.03
1.25
0.45
3.50
15.66
3.78
1.81
5.04
4.99
0.07
0.81
7.19
14.58
7.91
0.18
0.38
0.22
0.51
6.94
5.24
11.33
28.75
9.06
17.78
5.17
2.66
12.23
13.32
11.78
0.37
1.26
47.21
58.90
17.85
2.39
-99.00
0.21
1.25
1.07
0.48
-99.00
0.02
-99.00
-99.00
-99.00
-99.00
-99.00
-99.00
-99.00
-99.00
-99.00
-99.00
-99.00
-99.00
-99.00
-99.00
-99.00
-99.00
10.97
15.65
3.28
10.29
1.85
0.34
0.50
1.17
6.76
0.42
-99.00
-99.00
-99.00
-99.00
-99.00
-99.00
-99.00
-99.00
-99.00
-99.00
-99.00
-99.00
-99.00
-99.00
-99.00
-99.00
-99.00
-99.00
-99.00
-99.00
-99.00
-99.00
-99.00
-99.00
-99.00
-99.00
-99.00
-99.00
-99.00
-99.00
-99.00
-99.00
-99.00
-99.00
2.80
6.28
0.71
-99.00
-99.00
-99.00
-99.00
-99.00
-99.00
-99.00
-99.00
-99.00
-99.00
-99.00
-99.00
0.04
4.54
7.30
0.45
-99.00
-99.00
-99.00
-99.00
-99.00
0.02
-99.00
0.70
0.03
-99.00
-99.00
-99.00
-99.00
-99.00
-99.00
-99.00
-99.00
-99.00
-99.00
-99.00
-99.00
-99.00
-99.00
-99.00
-99.00
-99.00
-99.00
2.30
2.53
12.58
8.85
-99.00
-99.00
-99.00
0.22
-99.00
-99.00
-99.00
-99.00
0.05
-99.00
-99.00
-99.00
-99.00
-99.00
-99.00
-99.00
-99.00
-99.00
0.49
-99.00
-99.00
1.21
-99.00
8.50
0.77
0.08
0.02
-99.00
0.34
0.69
-99.00
-99.00
-99.00
-99.00
-99.00
5.95
10.99
0.26
-99.00
-99.00
-99.00
-99.00
-99.00
2.94
-99.00
0.02
0.04
4.27
0.19
-99.00
1.95
7.25
8.72
9.80
8.94
3.56
0.10
1.74
2.49
0.01
0.34
3.90
3.14
4.87
17.20
0.17
-99.00
7.12
0.08
0.24
-99.00
-99.00
-99.00
-99.00
2.00
0.32
2.56
11.66
0.93
3.87
0.81
-99.00
2.39
18.48
8.18
3.50
1.17
20.04
4.79
21.46
6.24
3.79
11.32
14.84
4.85
8.77
4.86
9.94
5.47
14.07
7.96
8.62
26.26
11.52
5.53
23.78
21.82
13.01
4.09
0.56
12.16
14.03
14.82
7.73
8.77
2.67
30.11
19.10
12.03
12.64
27.23
10.37
7.02
1.16
15.26
25.39
31.61
35.58
12.50
15.03
15.95
12.71
26.98
15.07
4.19
1.78
0.30
0.21
2.07
5.14
3.16
-99.00
2.61
6.16
2.33
5.35
13.55
10.65
6.22
19.09
22.79
2.75
1.79
5.10
5.06
1.96
2.39
1.71
0.96
3.00
6.83
8.68
19.63
14.28
32.13
9.58
26.84
21.15
8.02
0.82
0.43
10.38
1.69
3.26
9.83
11.21
3.73
9.34
28.48
35.58
9.60
2.80
1.94
1.20
1.76
3.00
0.95
2.45
1.46
3.02
3.19
5.63
17.22
4.36
3.19
0.40
12.56
7.50
13.52
4.66
8.20
8.33
10.00
7.99
7.86
3.74
18.87
15.85
5.23
12.58
18.13
32.06
19.09
36.96
21.12
7.31
11.25
9.69
3.45
3.52
12.16
15.20
10.19
3.90
1.14
2.64
9.70
2.12
4.86
3.86
19.62
36.80
38.49
28.13
2.84
3.41
2.79
-99.00
-99.00
0.67
15.89
9.66
34.82
23.49
3.35
3.91
0.96
2.19
3.57
31.65
79.61
40.38
2.33
-99.00
-99.00
-99.00
-99.00
-99.00
-99.00
-99.00
-99.00
0.33
0.01
0.62
-99.00
0.05
13.12
26.78
9.16
1.99
-99.00
-99.00
-99.00
-99.00
0.62
-99.00
-99.00
-99.00
-99.00
-99.00
-99.00
-99.00
-99.00
-99.00
-99.00
-99.00
1.38
-99.00
-99.00
-99.00
-99.00
-99.00
-99.00
-99.00
-99.00
-99.00
-99.00
-99.00
-99.00
-99.00
-99.00
-99.00
-99.00
-99.00
-99.00
-99.00
-99.00
-99.00
-99.00
-99.00
-99.00
-99.00
-99.00
-99.00
-99.00
-99.00
-99.00
-99.00
-99.00
-99.00
-99.00
1.01
28.31
27.73
8.76
0.30
-99.00
-99.00
-99.00
-99.00
-99.00
-99.00
-99.00
-99.00
-99.00
-99.00
-99.00
-99.00
-99.00
-99.00
-99.00
-99.00
-99.00
-99.00
-99.00
-99.00
-99.00
0.02
-99.00
-99.00
0.36
1.66
-99.00
0.34
-99.00
-99.00
-99.00
-99.00
-99.00
-99.00
11.56
0.95
3.91
0.14
-99.00
0.14
0.01
27.32
1.30
0.38
0.02
-99.00
-99.00
-99.00
5.52
0.42
-99.00
3.05
0.96
-99.00
0.70
2.61
0.99
1.48
0.34
-99.00
-99.00
-99.00
1.00
0.05
-99.00
0.09
-99.00
-99.00
-99.00
-99.00
-99.00
-99.00
-99.00
-99.00
-99.00
0.12
-99.00
-99.00
-99.00
-99.00
-99.00
-99.00
-99.00
-99.00
-99.00
-99.00
-99.00
-99.00
-99.00
-99.00
-99.00
-99.00
-99.00
-99.00
-99.00
-99.00
-99.00
-99.00
-99.00
-99.00
1.84
-99.00
1.84
-99.00
-99.00
-99.00
-99.00
-99.00
-99.00
0.04
0.07
2.41
0.99
1.41
-99.00
-99.00
0.13
0.55
0.05
1.02
2.30
0.13
0.01
-99.00
10.23
15.00
6.62
5.14
9.20
0.35
2.09
1.01
-99.00
1.40
1.85
0.84
-99.00
-99.00
8.24
0.30
6.84
1.34
2.79
4.46
14.16
14.19
0.81
0.09
0.12
19.66
24.05
4.97
4.19
1.65
6.60
3.37
0.34
-99.00
-99.00
-99.00
-99.00
-99.00
6.78
3.70
2.31
7.52
3.97
12.25
14.90
0.93
3.53
8.79
1.83
2.52
2.73
6.73
5.71
5.95
32.77
38.90
9.43
11.04
1.65
11.16
5.23
7.01
1.85
18.41
12.50
5.84
21.30
1.42
7.88
6.47
5.33
14.08
28.68
3.21
0.47
0.16
3.91
15.34
8.55
5.18
20.77
14.21
8.85
5.72
3.61
0.40
13.91
6.23
14.82
3.01
1.40
3.00
27.31
5.17
7.92
9.89
5.82
0.74
36.79
5.09
10.96
2.99
1.74
0.15
10.05
0.39
1.57
6.42
3.43
1.80
3.77
3.47
4.07
6.29
3.38
5.06
1.19
6.58
9.56
15.71
3.95
0.50
1.35
1.55
3.88
5.72
3.22
0.69
8.77
6.19
1.15
2.16
1.31
5.59
9.98
22.80
5.15
3.77
0.89
1.62
4.05
0.09
-99.00
-99.00
-99.00
-99.00
9.01
6.43
24.83
18.71
26.33
7.13
0.78
0.23
0.12
0.06
-99.00
10.48
1.18
0.15
0.18
-99.00
0.14
1.75
1.07
3.14
11.17
18.50
7.41
4.62
0.61
2.32
1.31
16.37
5.53
0.35
0.15
-99.00
-99.00
-99.00
-99.00
-99.00
-99.00
-99.00
-99.00
0.11
0.21
-99.00
-99.00
-99.00
-99.00
-99.00
-99.00
-99.00
-99.00
-99.00
-99.00
-99.00
-99.00
-99.00
-99.00
-99.00
-99.00
-99.00
-99.00
-99.00
-99.00
0.10
1.07
0.12
0.12
-99.00
-99.00
0.12
0.21
0.03
0.05
-99.00
0.05
-99.00
-99.00
-99.00
-99.00
-99.00
-99.00
-99.00
-99.00
-99.00
-99.00
-99.00
-99.00
-99.00
-99.00
-99.00
-99.00
-99.00
-99.00
-99.00
-99.00
-99.00
-99.00
-99.00
-99.00
-99.00
-99.00
-99.00
-99.00
-99.00
-99.00
-99.00
-99.00
-99.00
1.76
1.63
0.62
0.04
-99.00
0.59
-99.00
-99.00
-99.00
-99.00
-99.00
-99.00
-99.00
-99.00
-99.00
-99.00
-99.00
-99.00
-99.00
-99.00
-99.00
-99.00
-99.00
-99.00
-99.00
0.13
-99.00
-99.00
-99.00
-99.00
-99.00
-99.00
-99.00
-99.00
-99.00
-99.00
-99.00
-99.00
-99.00
-99.00
-99.00
0.29
8.07
34.48
2.99
5.78
1.56
-99.00
-99.00
-99.00
-99.00
-99.00
-99.00
-99.00
-99.00
-99.00
-99.00
-99.00
-99.00
-99.00
-99.00
-99.00
-99.00
-99.00
-99.00
0.67
2.02
1.20
-99.00
-99.00
-99.00
-99.00
0.69
4.25
11.75
6.46
0.84
25.44
25.41
1.27
-99.00
-99.00
-99.00
-99.00
-99.00
4.67
-99.00
-99.00
-99.00
-99.00
-99.00
8.70
0.75
0.84
29.61
8.04
0.05
-99.00
5.54
4.95
2.36
1.32
0.55
2.59
0.30
0.43
30.51
1.51
1.27
9.30
1.47
14.31
7.95
13.38
42.50
11.35
20.77
4.63
1.02
8.77
39.93
5.67
10.89
2.43
11.37
6.65
11.13
-99.00
11.52
30.53
8.71
32.14
1.56
3.40
0.31
1.20
-99.00
-99.00
0.12
0.98
0.77
12.34
12.72
5.60
1.84
21.56
21.55
5.77
4.77
2.08
9.71
12.58
25.45
5.92
4.71
24.62
18.97
0.12
0.66
10.41
15.18
41.30
65.88
7.69
3.85
30.52
11.92
0.86
2.12
14.41
8.48
0.12
7.32
22.57
19.39
16.66
6.42
1.36
1.94
2.36
14.40
6.16
0.19
9.16
5.69
1.70
0.05
5.54
8.04
13.22
18.05
13.10
7.04
26.07
26.51
48.16
53.28
38.21
7.30
3.61
1.28
0.79
0.50
2.68
8.66
1.67
4.67
10.09
14.05
20.50
17.00
3.48
2.02
13.46
8.72
2.26
3.83
3.38
0.71
1.12
1.56
2.88
1.20
5.45
5.04
6.17
25.36
15.12
70.53
12.92
7.41
10.80
4.73
0.46
0.46
6.42
6.24
26.90
59.58
21.45
2.37
3.79
5.25
1.80
6.95
1.29
0.76
10.84
13.42
9.43
5.63
0.96
0.45
0.10
-99.00
18.20
3.85
2.34
5.51
10.41
6.84
8.95
6.70
8.57
25.10
29.20
4.41
13.23
15.96
16.25
2.88
-99.00
3.71
0.50
1.26
0.01
0.63
1.47
5.92
8.29
19.30
26.69
9.02
14.98
2.98
1.50
2.29
4.44
0.63
0.37
-99.00
-99.00
-99.00
-99.00
-99.00
-99.00
0.31
4.41
0.95
0.14
4.70
0.22
-99.00
-99.00
-99.00
-99.00
-99.00
-99.00
-99.00
-99.00
-99.00
-99.00
-99.00
0.04
-99.00
-99.00
-99.00
-99.00
-99.00
-99.00
-99.00
-99.00
-99.00
-99.00
-99.00
-99.00
-99.00
-99.00
-99.00
-99.00
-99.00
-99.00
-99.00
-99.00
-99.00
-99.00
-99.00
-99.00
-99.00
-99.00
-99.00
-99.00
-99.00
-99.00
-99.00
-99.00
-99.00
-99.00
-99.00
-99.00
-99.00
-99.00
-99.00
-99.00
-99.00
-99.00
-99.00
-99.00
-99.00
-99.00
-99.00
-99.00
-99.00
-99.00
-99.00
-99.00
-99.00
-99.00
-99.00
-99.00
-99.00
-99.00
-99.00
1.01
3.61
0.22
-99.00
-99.00
-99.00
-99.00
-99.00
-99.00
-99.00
-99.00
-99.00
-99.00
-99.00
-99.00
5.03
2.26
3.62
8.51
0.12
-99.00
0.37
0.87
-99.00
0.13
0.72
0.87
-99.00
-99.00
-99.00
-99.00
0.02
-99.00
-99.00
-99.00
-99.00
-99.00
7.57
9.87
0.44
-99.00
-99.00
-99.00
-99.00
-99.00
-99.00
-99.00
-99.00
-99.00
-99.00
-99.00
-99.00
-99.00
-99.00
-99.00
-99.00
-99.00
1.45
0.20
-99.00
-99.00
-99.00
0.03
-99.00
-99.00
-99.00
-99.00
1.13
1.60
0.48
7.11
23.13
5.45
15.73
18.45
0.06
12.38
15.40
0.83
-99.00
0.45
0.04
0.36
-99.00
-99.00
-99.00
-99.00
-99.00
-99.00
-99.00
-99.00
-99.00
2.37
6.76
8.05
10.52
38.02
31.61
0.22
5.46
1.66
0.21
0.06
-99.00
0.38
6.24
3.44
0.03
-99.00
1.07
2.29
1.44
5.52
22.93
0.45
6.69
0.36
1.66
0.23
3.52
6.86
19.84
27.29
17.72
0.02
22.37
1.83
0.37
11.14
7.61
38.48
3.43
-99.00
2.24
-99.00
4.05
0.25
0.56
0.43
3.41
9.94
18.52
0.10
2.60
3.18
0.22
20.18
13.71
5.07
9.39
3.46
5.74
9.01
25.48
11.82
6.03
3.09
3.07
1.08
4.69
4.63
8.36
0.98
29.90
44.27
23.47
1.12
2.39
7.45
3.16
5.26
0.73
35.44
32.31
0.84
0.09
2.00
4.71
4.21
1.79
1.72
5.03
3.16
1.58
2.36
2.11
5.47
3.71
10.41
5.86
0.62
5.30
0.92
0.99
5.06
4.45
1.35
1.26
0.95
16.40
5.36
5.08
5.15
13.95
3.04
2.01
2.99
11.62
29.02
10.89
5.91
15.26
8.23
0.32
0.75
3.37
3.12
1.16
11.29
5.60
6.73
11.41
1.37
4.62
8.44
1.49
1.12
4.96
10.40
1.32
0.52
0.31
3.56
3.81
2.38
2.33
16.04
11.25
20.61
11.13
2.81
3.68
0.78
4.58
2.25
4.15
2.38
14.98
1.03
0.11
0.35
0.25
0.35
-99.00
-99.00
-99.00
-99.00
-99.00
0.19
1.19
0.84
0.40
4.89
10.68
6.63
15.10
3.06
12.33
0.59
0.03
-99.00
-99.00
-99.00
-99.00
-99.00
-99.00
-99.00
-99.00
-99.00
-99.00
0.17
-99.00
-99.00
0.10
-99.00
-99.00
0.04
-99.00
0.25
-99.00
1.96
0.15
0.04
-99.00
-99.00
-99.00
-99.00
-99.00
-99.00
-99.00
0.38
0.07
0.52
1.77
-99.00
-99.00
-99.00
-99.00
-99.00
-99.00
-99.00
0.02
-99.00
0.74
0.06
-99.00
-99.00
-99.00
-99.00
-99.00
-99.00
-99.00
-99.00
-99.00
-99.00
-99.00
-99.00
-99.00
-99.00
-99.00
-99.00
-99.00
-99.00
-99.00
-99.00
-99.00
-99.00
-99.00
-99.00
-99.00
-99.00
-99.00
-99.00
-99.00
-99.00
-99.00
-99.00
-99.00
-99.00
-99.00
-99.00
-99.00
-99.00
-99.00
-99.00
-99.00
-99.00
0.48
1.30
2.89
0.03
-99.00
0.26
0.03
-99.00
-99.00
-99.00
1.46
0.03
-99.00
-99.00
-99.00
-99.00
-99.00
-99.00
-99.00
-99.00
-99.00
-99.00
-99.00
-99.00
-99.00
-99.00
-99.00
-99.00
-99.00
0.25
0.02
-99.00
-99.00
0.02
0.23
0.58
-99.00
-99.00
-99.00
1.05
0.14
-99.00
7.97
0.32
-99.00
-99.00
0.38
14.37
0.60
-99.00
-99.00
0.84
0.45
0.42
-99.00
0.03
-99.00
-99.00
-99.00
-99.00
-99.00
-99.00
-99.00
-99.00
-99.00
-99.00
-99.00
-99.00
-99.00
-99.00
-99.00
-99.00
-99.00
-99.00
-99.00
-99.00
-99.00
-99.00
-99.00
0.76
0.62
0.95
0.92
0.53
-99.00
0.08
-99.00
-99.00
-99.00
-99.00
2.65
20.36
14.73
1.27
3.34
3.86
1.47
0.58
3.68
0.13
1.45
-99.00
-99.00
2.08
-99.00
-99.00
-99.00
-99.00
1.04
-99.00
0.39
-99.00
0.04
0.47
-99.00
0.48
4.66
-99.00
5.92
1.24
0.74
1.70
-99.00
2.49
1.77
0.89
1.20
6.67
37.00
77.74
39.86
1.64
-99.00
0.67
3.11
6.88
2.26
-99.00
1.25
0.37
-99.00
-99.00
-99.00
-99.00
-99.00
-99.00
2.42
5.27
5.21
2.90
5.94
1.73
3.07
0.81
5.24
5.64
39.47
22.60
0.33
0.93
8.72
65.20
31.36
28.52
6.23
9.54
5.24
11.25
7.66
3.14
0.49
3.12
2.12
3.30
1.43
19.96
29.47
13.11
31.16
35.75
8.81
0.49
0.08
17.74
10.27
8.49
2.28
0.76
5.76
5.43
6.78
17.26
3.93
5.56
2.14
9.49
8.85
8.90
2.44
1.42
18.39
28.96
6.96
9.44
11.79
8.70
2.81
3.43
11.50
13.92
7.12
4.64
3.84
6.87
4.19
1.17
5.36
41.58
54.65
13.67
16.81
2.87
10.64
16.87
59.29
11.93
1.93
1.89
3.02
0.49
1.62
6.52
3.46
4.10
3.37
1.40
0.58
5.71
23.37
7.38
4.84
9.38
1.87
0.05
0.36
3.53
5.90
1.04
2.58
0.01
0.88
0.02
13.54
26.15
9.19
3.12
5.12
0.65
0.61
4.90
11.74
11.29
8.73
8.57
5.73
10.02
2.92
1.16
0.08
0.83
1.43
3.74
1.87
1.57
13.40
0.53
-99.00
2.36
5.93
0.25
-99.00
-99.00
-99.00
5.42
2.93
1.49
0.05
12.29
0.06
-99.00
-99.00
-99.00
-99.00
-99.00
-99.00
0.18
1.45
14.41
0.02
-99.00
-99.00
-99.00
-99.00
-99.00
0.04
1.34
69.21
18.56
2.13
0.03
-99.00
-99.00
-99.00
-99.00
0.38
0.67
0.36
0.02
-99.00
-99.00
-99.00
2.75
3.65
0.07
-99.00
-99.00
-99.00
-99.00
-99.00
-99.00
-99.00
-99.00
-99.00
-99.00
-99.00
-99.00
-99.00
-99.00
-99.00
-99.00
-99.00
-99.00
-99.00
-99.00
-99.00
-99.00
-99.00
-99.00
-99.00
-99.00
0.50
0.17
-99.00
-99.00
-99.00
-99.00
-99.00
-99.00
-99.00
-99.00
-99.00
-99.00
0.02
-99.00
-99.00
-99.00
-99.00
-99.00
-99.00
0.35
0.26
-99.00
-99.00
-99.00
0.89
0.16
-99.00
-99.00
-99.00
-99.00
-99.00
-99.00
-99.00
-99.00
-99.00
-99.00
-99.00
-99.00
-99.00
-99.00
-99.00
-99.00
-99.00
-99.00
-99.00
-99.00
-99.00
-99.00
-99.00
-99.00
-99.00
-99.00
-99.00
-99.00
-99.00
-99.00
-99.00
-99.00
-99.00
0.68
5.30
0.30
0.37
1.13
2.97
6.13
0.34
-99.00
-99.00
-99.00
-99.00
-99.00
-99.00
-99.00
-99.00
-99.00
-99.00
-99.00
0.20
0.16
0.89
0.56
-99.00
-99.00
-99.00
-99.00
-99.00
-99.00
-99.00
0.16
7.83
0.02
0.08
2.40
18.58
2.92
-99.00
0.62
0.54
0.32
0.38
-99.00
-99.00
-99.00
-99.00
-99.00
-99.00
-99.00
-99.00
-99.00
0.04
-99.00
-99.00
-99.00
-99.00
-99.00
-99.00
6.61
2.35
0.76
-99.00
16.00
26.11
15.03
11.37
4.29
-99.00
20.60
11.71
1.74
12.00
2.31
0.16
-99.00
-99.00
0.93
0.26
-99.00
-99.00
-99.00
37.03
2.61
2.45
15.03
3.50
2.06
6.57
1.85
1.36
0.12
-99.00
0.48
-99.00
-99.00
-99.00
6.48
4.78
5.69
18.17
59.65
6.21
11.47
32.88
14.00
15.04
0.50
1.80
8.85
0.89
2.54
0.67
11.91
1.37
0.08
0.22
4.00
1.76
0.03
2.00
14.29
35.24
31.63
16.13
9.30
15.92
3.76
12.09
0.51
2.88
6.93
15.31
8.78
11.50
11.22
4.69
2.53
6.84
1.49
2.18
0.18
2.83
4.98
0.05
2.94
2.06
0.58
2.80
1.56
0.51
2.31
1.58
2.79
2.79
2.11
3.53
8.50
20.34
10.33
3.71
4.54
15.38
28.36
6.97
4.94
16.75
7.63
8.89
14.97
9.63
7.18
2.44
5.40
1.85
3.30
15.03
2.45
12.60
8.34
17.77
8.40
6.56
17.47
29.62
4.22
1.14
0.01
0.43
-99.00
0.60
4.04
13.87
3.31
5.09
5.70
5.56
7.45
11.86
0.84
2.78
1.83
1.29
1.06
0.93
3.42
7.65
-99.00
0.03
0.07
9.00
10.02
6.79
4.01
11.62
11.01
7.74
2.15
0.76
2.91
11.90
12.63
3.39
2.48
0.13
1.16
5.42
4.80
0.71
32.98
3.40
0.22
-99.00
-99.00
0.17
-99.00
-99.00
-99.00
-99.00
-99.00
-99.00
-99.00
-99.00
-99.00
-99.00
-99.00
0.37
-99.00
-99.00
-99.00
11.65
28.96
129.82
14.19
0.21
-99.00
-99.00
-99.00
-99.00
3.56
1.39
0.07
0.23
-99.00
-99.00
-99.00
-99.00
-99.00
-99.00
0.42
-99.00
-99.00
-99.00
-99.00
-99.00
-99.00
-99.00
-99.00
-99.00
-99.00
-99.00
-99.00
-99.00
-99.00
-99.00
-99.00
0.02
-99.00
0.03
-99.00
-99.00
-99.00
-99.00
-99.00
-99.00
-99.00
-99.00
-99.00
-99.00
-99.00
-99.00
-99.00
-99.00
-99.00
-99.00
-99.00
-99.00
-99.00
-99.00
-99.00
-99.00
-99.00
-99.00
-99.00
-99.00
-99.00
-99.00
-99.00
-99.00
-99.00
-99.00
-99.00
-99.00
-99.00
-99.00
-99.00
-99.00
-99.00
-99.00
-99.00
-99.00
-99.00
1.45
0.23
-99.00
-99.00
0.45
1.21
0.32
-99.00
-99.00
-99.00
-99.00
-99.00
-99.00
-99.00
-99.00
2.81
-99.00
-99.00
1.56
1.86
-99.00
-99.00
-99.00
-99.00
-99.00
0.18
0.04
-99.00
-99.00
-99.00
-99.00
-99.00
-99.00
0.16
8.27
1.01
0.03
-99.00
-99.00
-99.00
-99.00
1.46
0.21
1.00
-99.00
-99.00
-99.00
-99.00
-99.00
-99.00
-99.00
-99.00
-99.00
-99.00
-99.00
-99.00
-99.00
1.54
0.14
0.85
0.01
-99.00
-99.00
1.78
2.21
3.18
2.76
2.83
0.09
0.24
-99.00
0.11
15.66
11.83
1.90
1.95
15.32
3.09
0.22
2.64
0.09
2.73
1.34
0.46
0.31
0.81
3.60
3.38
-99.00
16.99
0.14
0.01
-99.00
0.03
0.03
0.02
5.75
4.86
1.90
12.97
1.59
16.74
11.81
5.01
0.38
2.72
0.10
-99.00
7.84
3.34
0.12
2.73
3.37
0.03
4.37
0.57
0.12
0.53
0.20
0.18
1.68
0.07
0.05
2.12
4.16
0.63
1.54
8.66
17.09
8.24
5.43
16.59
19.06
5.08
0.69
0.14
1.12
7.35
0.54
0.74
0.47
24.38
8.00
21.72
20.61
2.07
1.25
7.72
0.45
0.27
-99.00
1.92
1.79
0.94
20.53
12.03
5.30
8.67
1.20
5.15
10.78
2.87
10.80
21.80
14.60
17.93
7.23
18.11
7.85
2.17
7.40
1.62
4.70
10.45
58.75
54.37
18.95
22.00
8.91
1.11
4.20
0.88
0.09
2.69
7.22
31.07
32.78
1.75
2.26
0.86
1.55
10.18
25.34
6.34
2.34
7.92
7.67
4.45
5.35
1.71
13.94
6.53
2.49
7.12
14.54
17.62
14.35
7.65
29.95
15.74
7.34
7.01
1.54
1.20
3.06
0.53
3.88
3.35
4.50
8.98
0.78
0.79
0.01
6.10
16.28
19.91
18.81
5.65
4.53
7.32
2.37
6.62
21.05
14.40
2.01
1.98
1.50
4.75
1.67
11.83
14.23
5.24
3.00
8.39
1.63
1.88
2.34
8.62
5.11
7.51
18.67
2.50
10.22
51.88
8.30
0.53
17.34
4.48
3.50
0.60
0.14
-99.00
-99.00
-99.00
0.08
0.57
6.40
0.35
-99.00
6.41
-99.00
-99.00
-99.00
-99.00
-99.00
-99.00
-99.00
-99.00
-99.00
-99.00
-99.00
-99.00
-99.00
-99.00
-99.00
-99.00
-99.00
-99.00
-99.00
-99.00
-99.00
-99.00
-99.00
-99.00
-99.00
-99.00
-99.00
0.03
0.86
0.57
0.30
7.86
-99.00
-99.00
-99.00
-99.00
-99.00
-99.00
0.26
-99.00
-99.00
-99.00
-99.00
-99.00
0.04
-99.00
-99.00
-99.00
0.01
-99.00
-99.00
-99.00
-99.00
-99.00
-99.00
-99.00
-99.00
4.09
11.12
0.49
-99.00
0.71
0.29
0.02
-99.00
-99.00
-99.00
-99.00
-99.00
-99.00
-99.00
-99.00
-99.00
-99.00
-99.00
-99.00
0.10
-99.00
-99.00
0.57
-99.00
0.96
-99.00
-99.00
-99.00
-99.00
-99.00
-99.00
-99.00
-99.00
-99.00
-99.00
-99.00
-99.00
-99.00
-99.00
0.13
1.78
0.20
9.08
15.54
0.17
-99.00
-99.00
-99.00
0.16
-99.00
0.93
-99.00
-99.00
-99.00
-99.00
-99.00
-99.00
0.92
-99.00
-99.00
-99.00
-99.00
-99.00
-99.00
-99.00
-99.00
-99.00
-99.00
-99.00
-99.00
2.70
1.20
0.05
-99.00
-99.00
0.03
0.03
-99.00
2.68
5.53
0.24
-99.00
-99.00
-99.00
-99.00
-99.00
-99.00
0.15
13.14
0.31
-99.00
-99.00
-99.00
0.15
0.95
0.20
-99.00
-99.00
-99.00
-99.00
-99.00
-99.00
0.08
1.55
17.11
33.51
0.54
-99.00
-99.00
-99.00
0.37
9.95
1.41
-99.00
-99.00
-99.00
-99.00
0.03
20.69
1.88
11.77
1.52
0.87
0.18
-99.00
-99.00
-99.00
1.45
-99.00
3.75
1.18
11.15
18.27
2.86
17.33
28.33
2.53
0.84
1.35
0.82
10.83
1.76
-99.00
8.38
2.75
14.99
7.00
13.91
5.92
9.40
1.04
1.06
7.88
0.21
0.13
0.01
-99.00
0.09
0.42
0.56
-99.00
1.87
0.40
3.65
0.35
0.69
21.82
3.71
34.27
28.33
37.96
8.58
1.43
0.98
1.36
0.48
10.84
0.37
0.14
-99.00
-99.00
0.15
0.05
11.79
1.33
0.04
6.25
2.06
1.90
0.39
0.55
3.49
1.00
0.40
2.33
7.50
9.31
8.47
9.36
7.09
1.10
3.81
0.64
0.56
1.31
6.49
7.53
12.61
6.32
10.40
11.56
5.31
1.99
5.19
20.00
31.52
31.19
22.43
40.99
7.37
26.46
5.37
14.05
11.08
31.00
24.26
8.27
13.62
2.34
-99.00
0.19
2.93
5.46
0.43
0.36
0.98
6.26
9.26
6.36
14.12
6.46
3.34
0.79
1.70
8.44
7.40
28.01
49.29
20.35
5.26
6.67
47.57
9.76
3.10
0.36
0.02
0.82
9.62
8.69
8.21
6.25
4.71
4.82
6.00
14.98
4.76
1.95
6.24
2.82
3.60
11.27
5.13
0.96
4.66
13.23
3.79
6.36
1.69
5.38
3.39
0.30
27.15
4.46
1.20
10.44
8.36
13.50
0.02
-99.00
-99.00
0.03
-99.00
28.10
4.15
2.70
4.38
1.91
0.57
8.61
4.00
-99.00
-99.00
-99.00
-99.00
-99.00
0.13
0.23
2.67
0.28
0.27
3.14
6.40
1.19
5.10
1.28
8.75
0.52
2.47
0.44
-99.00
-99.00
0.03
-99.00
-99.00
1.90
3.70
2.40
1.52
0.08
-99.00
-99.00
-99.00
-99.00
-99.00
-99.00
-99.00
2.08
0.04
-99.00
-99.00
-99.00
-99.00
0.04
-99.00
-99.00
-99.00
-99.00
6.59
67.02
9.72
0.11
-99.00
-99.00
-99.00
-99.00
-99.00
0.02
-99.00
-99.00
-99.00
-99.00
-99.00
-99.00
-99.00
-99.00
-99.00
-99.00
-99.00
-99.00
-99.00
-99.00
-99.00
-99.00
-99.00
-99.00
-99.00
-99.00
-99.00
-99.00
-99.00
-99.00
-99.00
-99.00
0.87
-99.00
-99.00
-99.00
-99.00
-99.00
-99.00
-99.00
-99.00
-99.00
-99.00
-99.00
-99.00
-99.00
-99.00
-99.00
-99.00
-99.00
-99.00
-99.00
-99.00
-99.00
-99.00
-99.00
-99.00
-99.00
-99.00
-99.00
-99.00
-99.00
-99.00
-99.00
-99.00
-99.00
-99.00
-99.00
-99.00
-99.00
-99.00
-99.00
-99.00
-99.00
-99.00
-99.00
-99.00
-99.00
-99.00
-99.00
-99.00
-99.00
-99.00
-99.00
-99.00
-99.00
-99.00
-99.00
-99.00
-99.00
-99.00
-99.00
-99.00
-99.00
-99.00
-99.00
-99.00
-99.00
-99.00
-99.00
-99.00
-99.00
-99.00
-99.00
-99.00
-99.00
-99.00
-99.00
-99.00
-99.00
-99.00
-99.00
-99.00
-99.00
-99.00
-99.00
-99.00
-99.00
-99.00
-99.00
-99.00
0.02
1.56
-99.00
-99.00
-99.00
-99.00
-99.00
-99.00
-99.00
-99.00
-99.00
-99.00
1.33
4.08
3.23
1.26
0.13
-99.00
-99.00
-99.00
-99.00
-99.00
-99.00
7.23
3.67
-99.00
-99.00
-99.00
-99.00
-99.00
-99.00
0.25
-99.00
-99.00
-99.00
-99.00
0.85
-99.00
-99.00
0.54
4.80
26.29
3.20
30.08
4.42
-99.00
9.68
5.36
13.42
42.34
20.69
2.41
2.70
0.76
0.03
8.51
4.03
12.30
6.53
3.79
0.48
0.72
2.63
13.44
26.12
2.25
0.39
1.98
6.74
0.31
-99.00
0.88
6.06
0.06
0.21
9.66
12.66
8.31
3.59
0.17
0.51
0.24
0.40
1.19
3.47
0.85
9.32
6.42
63.29
22.74
10.69
40.26
14.56
9.95
10.58
9.14
45.81
26.49
12.67
0.94
0.07
0.45
11.98
1.73
1.10
41.32
72.19
67.35
24.00
11.00
0.98
1.24
0.36
2.31
17.45
46.45
20.61
9.68
2.31
2.59
0.25
2.22
2.09
6.73
11.90
10.88
7.25
0.97
1.38
8.43
4.07
0.34
8.64
1.37
3.92
13.06
9.34
19.25
1.82
39.05
21.68
18.10
15.64
5.86
0.24
2.11
3.76
1.01
4.69
0.36
1.28
0.49
8.45
17.82
25.33
9.94
3.75
11.38
4.97
0.86
0.44
0.88
0.35
1.57
0.03
7.09
5.57
5.87
14.55
10.11
1.92
3.85
2.70
3.41
1.60
8.53
20.48
4.00
16.31
74.69
22.92
16.35
4.39
0.37
1.54
0.89
0.69
0.15
4.38
4.90
2.09
5.67
2.88
1.95
34.25
4.47
3.53
0.90
0.21
-99.00
3.61
0.71
16.58
-99.00
2.66
66.98
58.19
33.58
23.28
6.31
0.96
-99.00
-99.00
-99.00
-99.00
-99.00
0.20
0.23
4.52
0.52
1.10
7.40
-99.00
0.03
-99.00
-99.00
-99.00
-99.00
-99.00
-99.00
-99.00
-99.00
-99.00
-99.00
-99.00
-99.00
-99.00
-99.00
-99.00
-99.00
-99.00
-99.00
-99.00
-99.00
-99.00
-99.00
-99.00
-99.00
-99.00
-99.00
-99.00
-99.00
-99.00
-99.00
-99.00
-99.00
-99.00
-99.00
0.19
-99.00
-99.00
-99.00
-99.00
-99.00
-99.00
-99.00
-99.00
-99.00
-99.00
-99.00
-99.00
-99.00
-99.00
-99.00
-99.00
-99.00
-99.00
-99.00
-99.00
-99.00
-99.00
-99.00
-99.00
-99.00
-99.00
-99.00
-99.00
-99.00
-99.00
-99.00
-99.00
-99.00
-99.00
-99.00
-99.00
2.56
0.05
-99.00
-99.00
-99.00
-99.00
2.84
1.25
5.25
0.22
-99.00
-99.00
-99.00
1.89
1.81
0.15
-99.00
-99.00
0.25
0.78
0.35
22.45
5.45
0.18
-99.00
0.05
0.03
0.71
0.09
-99.00
0.12
-99.00
-99.00
0.47
0.24
-99.00
-99.00
-99.00
0.12
-99.00
-99.00
-99.00
-99.00
-99.00
-99.00
-99.00
0.08
0.71
0.70
1.90
0.29
0.09
0.42
2.17
0.38
-99.00
-99.00
16.88
32.06
11.00
0.41
0.21
-99.00
0.08
2.77
0.89
-99.00
-99.00
-99.00
-99.00
-99.00
-99.00
-99.00
-99.00
-99.00
-99.00
-99.00
-99.00
-99.00
-99.00
-99.00
-99.00
-99.00
-99.00
-99.00
-99.00
0.30
2.87
0.13
0.94
13.62
14.94
0.42
5.89
1.17
1.40
22.89
1.27
3.33
0.97
21.62
22.21
40.78
0.51
10.83
8.09
0.26
29.52
24.25
2.49
0.42
2.80
5.68
-99.00
-99.00
0.08
3.15
0.12
0.30
0.18
0.93
0.02
8.78
3.71
1.61
31.65
18.44
5.02
23.74
7.70
6.47
25.75
25.76
34.60
38.24
2.60
16.30
2.41
0.32
-99.00
1.66
1.28
4.61
10.11
1.15
12.09
1.73
20.11
17.87
2.06
0.85
11.01
3.08
6.74
13.28
1.98
7.56
6.16
7.08
8.81
17.46
18.62
8.39
0.65
0.82
0.82
3.37
0.58
0.94
0.06
-99.00
-99.00
-99.00
1.42
13.92
9.44
12.39
0.82
0.99
4.59
8.64
5.96
3.02
1.43
4.88
18.69
13.77
11.14
21.11
9.30
5.74
8.79
0.46
3.76
1.09
0.73
0.68
2.04
3.58
38.92
48.52
28.12
5.56
1.42
0.72
0.37
1.40
4.47
3.53
4.50
3.96
15.11
7.65
12.19
5.57
2.22
1.66
0.74
1.53
1.63
0.08
0.07
0.25
4.99
0.56
5.43
0.70
2.90
18.75
33.20
3.67
0.83
1.25
3.25
2.13
0.95
8.62
5.07
5.46
3.04
3.30
0.11
0.64
4.23
11.03
6.58
5.86
27.73
39.02
12.66
1.24
6.79
13.44
2.32
2.23
0.85
1.08
0.18
-99.00
4.65
9.42
0.98
2.42
4.42
0.58
2.09
8.29
0.03
8.63
2.59
0.23
0.09
1.80
-99.00
-99.00
3.18
0.52
4.05
0.03
2.32
2.94
1.20
0.01
-99.00
-99.00
5.58
43.64
55.54
2.20
0.11
-99.00
-99.00
-99.00
-99.00
-99.00
-99.00
-99.00
-99.00
-99.00
-99.00
-99.00
-99.00
-99.00
-99.00
-99.00
-99.00
-99.00
-99.00
-99.00
-99.00
-99.00
-99.00
-99.00
-99.00
-99.00
-99.00
-99.00
-99.00
0.67
0.13
-99.00
-99.00
-99.00
-99.00
-99.00
-99.00
-99.00
-99.00
-99.00
-99.00
-99.00
-99.00
-99.00
-99.00
-99.00
-99.00
-99.00
-99.00
-99.00
-99.00
-99.00
-99.00
-99.00
-99.00
-99.00
-99.00
-99.00
-99.00
-99.00
-99.00
-99.00
0.47
-99.00
-99.00
-99.00
-99.00
-99.00
-99.00
-99.00
-99.00
-99.00
-99.00
-99.00
-99.00
-99.00
-99.00
-99.00
-99.00
0.98
-99.00
-99.00
-99.00
-99.00
-99.00
-99.00
-99.00
-99.00
-99.00
-99.00
-99.00
-99.00
-99.00
-99.00
-99.00
-99.00
-99.00
-99.00
-99.00
-99.00
-99.00
-99.00
-99.00
-99.00
-99.00
-99.00
-99.00
-99.00
-99.00
-99.00
-99.00
-99.00
-99.00
-99.00
7.35
0.31
-99.00
-99.00
-99.00
3.36
2.44
3.28
0.02
-99.00
-99.00
-99.00
0.23
-99.00
-99.00
-99.00
-99.00
-99.00
-99.00
-99.00
-99.00
0.05
-99.00
-99.00
-99.00
-99.00
-99.00
-99.00
-99.00
5.39
0.35
-99.00
-99.00
-99.00
0.30
0.48
0.16
6.66
0.12
8.14
0.63
0.13
-99.00
-99.00
0.02
-99.00
0.13
-99.00
-99.00
-99.00
-99.00
3.31
0.43
11.82
0.01
19.14
0.87
1.57
-99.00
0.13
-99.00
-99.00
-99.00
-99.00
-99.00
-99.00
1.37
5.38
16.89
0.75
32.90
23.68
12.21
2.27
1.17
50.25
37.83
8.27
38.62
22.77
0.88
-99.00
-99.00
0.54
0.26
0.55
0.47
6.35
20.73
1.00
2.36
26.88
1.31
2.37
9.93
0.16
0.32
4.97
6.44
7.90
2.53
9.08
10.68
15.78
54.34
31.51
24.75
2.31
3.59
0.15
2.13
1.35
16.79
29.61
25.45
26.46
28.61
23.47
23.44
24.48
1.70
1.39
2.37
1.84
0.64
8.86
3.44
1.27
4.85
11.25
13.83
2.32
0.36
0.59
0.28
3.90
2.73
0.16
13.09
12.03
7.15
15.83
5.72
7.70
1.84
3.43
1.60
1.48
3.76
10.27
9.53
2.73
6.67
3.15
11.47
6.17
13.40
20.28
36.94
11.16
35.24
3.49
4.97
0.24
5.43
7.72
4.04
0.19
16.96
0.50
1.17
1.62
0.19
1.56
14.95
2.55
0.66
0.25
0.96
0.39
2.85
1.65
1.68
0.47
9.47
3.39
24.34
6.04
3.88
7.40
2.94
6.70
3.42
0.22
2.10
1.31
3.68
15.45
6.49
12.79
22.02
7.75
3.27
6.83
1.63
0.12
-99.00
10.98
20.69
38.28
5.51
1.41
0.06
0.16
0.19
6.57
1.43
0.23
3.86
1.33
0.03
7.44
5.79
11.99
33.02
7.31
0.36
0.25
0.01
1.82
2.65
0.12
2.28
0.08
0.87
10.96
2.28
1.00
14.91
18.97
0.20
0.03
-99.00
-99.00
-99.00
-99.00
-99.00
-99.00
2.23
0.22
0.71
13.52
6.88
0.68
-99.00
0.07
-99.00
-99.00
0.62
0.41
0.13
0.01
2.38
10.64
6.60
0.20
-99.00
-99.00
-99.00
-99.00
7.51
5.22
-99.00
-99.00
-99.00
-99.00
-99.00
-99.00
-99.00
-99.00
-99.00
-99.00
-99.00
-99.00
-99.00
-99.00
-99.00
-99.00
-99.00
-99.00
-99.00
-99.00
-99.00
-99.00
-99.00
-99.00
-99.00
-99.00
-99.00
-99.00
-99.00
-99.00
-99.00
-99.00
-99.00
-99.00
-99.00
-99.00
-99.00
-99.00
-99.00
-99.00
-99.00
-99.00
-99.00
-99.00
-99.00
-99.00
-99.00
-99.00
0.08
-99.00
-99.00
-99.00
-99.00
-99.00
-99.00
-99.00
-99.00
-99.00
-99.00
-99.00
-99.00
-99.00
-99.00
3.34
5.25
0.45
-99.00
-99.00
-99.00
5.08
2.37
0.23
-99.00
-99.00
-99.00
-99.00
-99.00
-99.00
-99.00
-99.00
-99.00
-99.00
-99.00
-99.00
-99.00
-99.00
-99.00
-99.00
-99.00
-99.00
-99.00
-99.00
-99.00
-99.00
0.44
-99.00
-99.00
1.59
-99.00
-99.00
-99.00
-99.00
2.26
3.31
0.13
-99.00
-99.00
-99.00
-99.00
-99.00
0.13
4.32
-99.00
-99.00
-99.00
-99.00
-99.00
-99.00
-99.00
0.16
-99.00
-99.00
0.13
6.32
5.88
4.70
10.66
21.21
1.45
7.48
0.34
1.98
1.47
18.62
15.90
0.01
2.10
0.05
-99.00
14.39
0.21
0.84
1.01
0.60
-99.00
-99.00
0.78
0.03
-99.00
-99.00
0.16
0.48
1.23
2.00
-99.00
1.12
0.23
24.30
1.16
-99.00
7.40
2.97
0.82
4.47
5.77
1.39
21.41
41.88
1.38
8.74
2.68
10.74
16.44
0.93
0.50
8.61
0.46
0.21
1.47
1.69
4.62
0.37
1.49
11.15
2.37
7.19
9.72
55.27
4.54
1.14
5.95
0.71
1.47
8.96
7.84
1.39
19.45
0.07
0.37
25.85
7.04
10.89
7.15
4.67
28.43
62.98
20.22
4.95
2.63
4.44
0.10
0.03
0.58
13.43
45.97
10.87
2.61
4.29
10.72
0.44
15.21
9.99
39.51
34.61
14.84
25.85
39.10
9.99
9.53
12.71
4.24
1.32
7.67
5.40
3.07
17.99
20.68
11.21
10.79
5.66
5.72
10.62
11.71
51.07
18.71
1.40
5.63
1.02
1.24
3.79
14.09
3.55
1.79
2.33
3.40
19.22
22.45
7.92
-99.00
0.66
1.78
1.27
6.77
22.69
9.05
20.28
27.21
13.24
15.42
8.28
14.60
3.69
7.79
5.70
11.95
3.75
7.36
0.76
2.70
10.37
5.13
11.37
3.75
0.08
0.06
0.60
2.28
5.81
2.85
2.42
20.12
-99.00
8.66
6.45
6.56
4.76
0.04
-99.00
-99.00
2.09
2.80
0.05
-99.00
0.31
3.03
6.80
3.14
8.29
14.76
9.53
11.73
26.09
2.84
0.54
2.36
1.36
0.30
1.51
0.01
-99.00
-99.00
0.59
1.09
3.03
2.14
1.92
0.03
5.90
2.95
1.57
0.47
0.78
8.92
7.30
0.10
-99.00
-99.00
-99.00
-99.00
1.51
-99.00
-99.00
-99.00
-99.00
-99.00
-99.00
-99.00
-99.00
-99.00
-99.00
2.76
-99.00
-99.00
-99.00
-99.00
-99.00
15.86
106.09
1.75
0.01
-99.00
-99.00
-99.00
-99.00
-99.00
-99.00
-99.00
-99.00
-99.00
-99.00
-99.00
-99.00
-99.00
-99.00
-99.00
-99.00
-99.00
-99.00
-99.00
-99.00
-99.00
-99.00
-99.00
-99.00
-99.00
-99.00
-99.00
-99.00
-99.00
-99.00
-99.00
-99.00
-99.00
-99.00
-99.00
-99.00
-99.00
-99.00
-99.00
-99.00
-99.00
-99.00
-99.00
-99.00
-99.00
-99.00
-99.00
-99.00
-99.00
-99.00
-99.00
-99.00
-99.00
-99.00
-99.00
-99.00
-99.00
-99.00
-99.00
-99.00
-99.00
-99.00
-99.00
-99.00
-99.00
-99.00
-99.00
-99.00
-99.00
-99.00
-99.00
-99.00
-99.00
-99.00
-99.00
-99.00
0.99
-99.00
0.07
-99.00
-99.00
0.46
0.11
-99.00
-99.00
-99.00
0.33
0.25
15.85
5.62
4.27
-99.00
-99.00
-99.00
-99.00
-99.00
2.35
-99.00
-99.00
-99.00
-99.00
-99.00
-99.00
-99.00
0.04
-99.00
-99.00
-99.00
-99.00
-99.00
-99.00
-99.00
-99.00
-99.00
-99.00
-99.00
3.59
13.71
0.58
9.54
1.14
31.91
5.89
0.12
5.52
-99.00
0.54
0.15
-99.00
-99.00
0.03
1.82
2.53
0.15
-99.00
7.86
10.19
1.60
0.66
0.03
4.49
-99.00
-99.00
0.40
-99.00
-99.00
-99.00
-99.00
-99.00
0.31
19.81
0.34
0.25
-99.00
0.23
0.42
23.26
14.03
3.85
0.47
-99.00
-99.00
0.09
1.16
1.75
11.88
2.06
0.12
35.55
2.12
0.53
1.30
8.42
-99.00
9.57
2.89
-99.00
1.69
0.62
-99.00
0.22
0.52
-99.00
-99.00
1.89
-99.00
19.91
6.37
7.67
1.37
9.03
1.50
-99.00
2.85
0.82
0.79
-99.00
-99.00
0.10
-99.00
0.52
3.39
48.42
0.22
28.83
0.95
12.24
13.42
12.29
1.87
0.59
26.17
1.22
0.12
5.60
2.58
3.05
17.74
59.26
37.67
20.11
0.08
2.58
2.53
26.12
17.89
28.15
27.60
0.84
1.57
3.86
2.99
0.99
4.24
1.18
4.84
0.45
6.95
6.85
13.69
20.31
3.38
1.09
2.29
0.31
1.16
2.24
2.02
1.57
0.08
2.75
13.66
15.88
4.02
4.52
15.65
27.03
7.06
2.61
2.77
1.21
0.42
0.93
1.63
1.04
0.16
0.95
7.59
11.67
14.90
27.27
5.81
2.37
1.41
1.12
0.17
8.74
4.88
1.86
4.31
4.59
9.97
6.09
1.84
1.86
0.54
7.41
9.11
2.86
7.46
8.96
3.94
5.77
0.46
0.96
5.54
7.24
3.19
0.63
2.25
12.02
10.78
8.37
0.98
4.91
0.95
1.23
2.41
2.98
4.46
8.38
1.40
4.88
4.96
14.95
20.72
7.99
1.76
9.74
0.16
0.14
7.24
0.88
0.94
-99.00
12.24
26.89
35.05
26.09
2.03
0.06
-99.00
-99.00
-99.00
0.25
0.11
0.18
4.44
-99.00
1.23
0.76
0.69
0.64
0.31
0.90
8.28
24.78
0.22
-99.00
-99.00
-99.00
-99.00
-99.00
-99.00
-99.00
-99.00
0.07
-99.00
-99.00
-99.00
-99.00
-99.00
-99.00
-99.00
-99.00
-99.00
-99.00
-99.00
-99.00
-99.00
-99.00
-99.00
-99.00
-99.00
-99.00
-99.00
-99.00
-99.00
-99.00
-99.00
-99.00
-99.00
-99.00
-99.00
-99.00
-99.00
-99.00
-99.00
-99.00
-99.00
-99.00
-99.00
-99.00
-99.00
-99.00
-99.00
1.47
1.94
20.83
0.94
0.14
-99.00
-99.00
-99.00
-99.00
-99.00
-99.00
0.20
1.79
0.04
-99.00
-99.00
-99.00
0.13
-99.00
-99.00
-99.00
-99.00
-99.00
-99.00
-99.00
-99.00
-99.00
-99.00
-99.00
-99.00
-99.00
-99.00
-99.00
0.61
0.58
-99.00
-99.00
-99.00
0.46
-99.00
-99.00
-99.00
-99.00
-99.00
-99.00
-99.00
-99.00
-99.00
-99.00
-99.00
-99.00
-99.00
-99.00
-99.00
-99.00
-99.00
-99.00
-99.00
-99.00
-99.00
-99.00
-99.00
-99.00
-99.00
-99.00
0.09
0.32
-99.00
0.15
-99.00
-99.00
-99.00
-99.00
-99.00
-99.00
-99.00
-99.00
-99.00
-99.00
-99.00
-99.00
-99.00
0.40
0.07
1.91
4.35
0.05
-99.00
-99.00
-99.00
-99.00
-99.00
-99.00
-99.00
0.29
-99.00
-99.00
-99.00
-99.00
-99.00
-99.00
-99.00
-99.00
-99.00
0.01
0.24
0.18
2.54
0.63
0.43
12.08
0.01
20.96
0.81
0.16
14.44
8.20
1.67
1.86
0.37
-99.00
-99.00
0.19
0.92
8.46
3.95
3.20
0.07
-99.00
29.07
-99.00
-99.00
1.25
1.19
0.83
1.86
0.44
-99.00
-99.00
-99.00
-99.00
-99.00
-99.00
-99.00
-99.00
-99.00
-99.00
0.07
-99.00
3.27
10.23
2.65
-99.00
2.74
0.01
0.98
11.52
14.46
22.16
13.22
4.83
0.05
0.03
3.01
0.05
1.39
11.27
6.01
2.79
4.53
28.83
0.13
0.18
21.77
0.31
0.18
1.58
2.66
14.62
7.50
15.02
3.12
11.09
23.81
4.62
29.66
19.61
7.02
38.31
23.17
21.84
25.08
10.35
9.58
7.00
5.04
4.92
0.03
0.73
3.82
7.34
8.10
7.29
13.71
31.98
6.95
6.93
0.70
3.66
5.85
1.19
5.27
18.38
14.63
4.39
22.22
39.60
15.15
3.39
1.69
1.99
9.42
4.09
3.22
4.72
2.20
5.96
2.27
2.38
0.46
2.28
3.49
18.03
18.27
3.55
3.37
5.82
1.93
2.38
4.82
11.33
14.57
1.07
2.14
0.16
0.38
2.87
6.46
1.66
1.04
1.13
8.44
3.52
11.52
8.81
18.85
3.20
7.08
5.02
8.60
5.92
7.07
5.73
8.38
2.74
1.31
0.45
1.10
18.79
13.19
37.44
100.26
169.83
28.62
57.67
42.35
2.38
4.79
3.17
1.65
6.11
10.14
0.44
2.82
6.51
0.70
6.78
22.59
18.60
0.10
0.17
2.22
3.10
14.76
21.74
39.78
74.02
0.87
-99.00
0.15
-99.00
0.29
11.89
8.86
2.72
0.77
-99.00
-99.00
-99.00
-99.00
-99.00
-99.00
-99.00
-99.00
-99.00
-99.00
-99.00
-99.00
-99.00
-99.00
-99.00
-99.00
-99.00
-99.00
-99.00
-99.00
-99.00
-99.00
-99.00
-99.00
-99.00
-99.00
-99.00
-99.00
-99.00
-99.00
-99.00
-99.00
-99.00
-99.00
-99.00
-99.00
-99.00
-99.00
0.84
-99.00
-99.00
-99.00
-99.00
-99.00
-99.00
-99.00
-99.00
-99.00
-99.00
-99.00
-99.00
-99.00
-99.00
-99.00
-99.00
-99.00
-99.00
-99.00
-99.00
-99.00
-99.00
-99.00
-99.00
-99.00
0.18
0.50
0.16
-99.00
-99.00
-99.00
-99.00
-99.00
-99.00
-99.00
-99.00
-99.00
-99.00
-99.00
-99.00
-99.00
-99.00
-99.00
-99.00
-99.00
-99.00
0.03
2.65
-99.00
-99.00
-99.00
-99.00
-99.00
-99.00
1.09
0.10
-99.00
-99.00
-99.00
0.26
-99.00
-99.00
-99.00
-99.00
0.04
-99.00
-99.00
-99.00
0.88
-99.00
-99.00
-99.00
-99.00
-99.00
-99.00
-99.00
-99.00
-99.00
-99.00
-99.00
-99.00
-99.00
-99.00
-99.00
0.97
0.21
0.79
-99.00
0.85
-99.00
-99.00
-99.00
-99.00
-99.00
-99.00
-99.00
-99.00
-99.00
-99.00
-99.00
-99.00
-99.00
-99.00
-99.00
-99.00
1.86
0.93
0.01
-99.00
0.45
-99.00
-99.00
0.22
1.56
0.57
-99.00
-99.00
9.17
36.52
15.38
0.41
0.03
1.64
0.59
-99.00
24.37
5.77
0.01
-99.00
2.13
0.29
-99.00
-99.00
-99.00
-99.00
1.82
4.94
0.87
0.20
-99.00
-99.00
-99.00
0.60
0.16
0.10
0.16
0.38
-99.00
0.48
0.84
2.29
5.29
10.15
1.40
1.17
10.74
2.59
2.27
0.54
0.59
6.24
6.88
2.53
1.06
4.63
3.19
2.22
-99.00
5.24
10.15
0.72
3.03
3.95
29.85
0.34
16.58
3.05
7.41
16.23
1.96
2.58
1.07
0.39
0.02
0.22
-99.00
-99.00
0.02
-99.00
-99.00
1.94
2.88
18.43
2.67
4.07
-99.00
0.33
5.26
-99.00
-99.00
5.96
25.12
1.59
9.84
0.22
0.03
0.03
0.68
0.73
8.47
10.14
11.91
11.57
7.04
7.39
15.89
2.85
3.04
28.37
34.04
51.82
27.07
11.73
4.10
0.28
0.17
4.20
11.40
14.76
7.06
85.27
32.64
18.82
1.30
0.50
1.42
4.03
11.18
4.66
4.53
2.47
5.11
3.64
1.43
2.17
2.03
3.14
3.83
0.94
0.20
5.96
1.16
12.11
14.07
7.14
6.45
24.84
35.80
28.50
12.63
15.91
0.87
10.59
3.08
9.52
8.12
5.12
4.10
11.22
10.80
11.59
6.26
18.04
2.23
1.36
3.60
2.03
2.18
-99.00
5.61
7.07
6.88
0.66
0.41
11.42
2.23
24.35
17.13
4.49
12.12
6.47
2.41
9.70
1.14
1.84
6.97
0.74
0.04
33.82
29.53
5.21
5.23
3.67
22.04
3.46
3.17
9.60
8.12
4.86
38.95
39.89
23.74
32.73
7.22
2.84
0.53
-99.00
1.28
-99.00
0.44
0.72
0.18
-99.00
-99.00
-99.00
3.03
6.38
17.28
13.70
45.62
17.71
50.67
54.59
0.53
-99.00
-99.00
-99.00
0.86
-99.00
-99.00
-99.00
-99.00
-99.00
-99.00
-99.00
-99.00
-99.00
-99.00
-99.00
1.37
0.08
-99.00
-99.00
-99.00
-99.00
-99.00
-99.00
-99.00
-99.00
-99.00
-99.00
-99.00
-99.00
-99.00
-99.00
-99.00
-99.00
-99.00
-99.00
-99.00
-99.00
-99.00
-99.00
-99.00
-99.00
-99.00
-99.00
-99.00
-99.00
-99.00
-99.00
-99.00
-99.00
-99.00
-99.00
-99.00
-99.00
-99.00
