19710101
-99.00
-99.00
-99.00
-99.00
-99.00
-99.00
-99.00
-99.00
-99.00
-99.00
-99.00
-99.00
-99.00
-99.00
-99.00
-99.00
1.67
0.42
-99.00
-99.00
-99.00
-99.00
0.07
-99.00
-99.00
2.74
3.00
0.40
0.78
-99.00
-99.00
-99.00
-99.00
-99.00
-99.00
-99.00
-99.00
-99.00
-99.00
-99.00
-99.00
6.34
5.01
0.10
-99.00
-99.00
-99.00
-99.00
-99.00
-99.00
-99.00
0.94
-99.00
0.04
0.23
-99.00
-99.00
-99.00
-99.00
0.22
-99.00
-99.00
-99.00
-99.00
-99.00
0.02
-99.00
-99.00
-99.00
-99.00
-99.00
-99.00
-99.00
-99.00
-99.00
-99.00
-99.00
-99.00
-99.00
0.74
-99.00
0.33
0.63
0.05
-99.00
-99.00
12.80
11.40
14.65
2.63
7.72
10.17
6.86
7.74
12.86
12.23
21.25
3.52
0.10
7.48
13.36
18.10
20.55
6.37
2.88
0.73
2.05
4.76
8.74
3.73
0.77
3.05
2.02
5.44
1.70
-99.00
0.69
1.69
3.95
0.43
6.33
12.62
14.17
1.41
1.04
0.74
25.31
36.41
36.62
16.58
2.84
6.37
4.53
10.70
9.63
6.40
5.70
0.22
0.16
0.32
0.13
0.28
0.41
2.56
8.92
11.67
1.07
6.38
0.76
2.94
10.43
10.97
19.45
29.89
22.71
8.01
13.50
11.99
26.25
29.78
20.02
11.77
22.63
8.99
7.34
19.75
7.87
4.05
3.88
1.63
7.70
9.85
7.67
14.93
9.87
24.60
11.84
31.23
21.86
14.15
21.88
8.19
9.27
11.63
6.47
3.72
5.90
5.86
9.21
21.18
5.66
12.68
6.83
3.31
12.62
11.19
16.11
13.38
10.54
16.64
16.39
14.02
20.84
3.93
3.22
2.80
8.84
5.13
15.48
9.27
27.81
18.15
7.44
8.76
5.58
4.28
4.14
3.36
9.00
18.40
6.99
4.38
2.21
13.11
7.05
12.73
5.87
15.52
78.19
46.90
20.76
11.73
5.21
6.40
8.83
26.82
3.45
9.21
8.30
12.76
11.30
6.38
5.19
8.49
19.81
19.60
13.78
20.01
19.19
36.73
27.45
7.32
16.59
8.55
10.62
2.38
0.29
0.19
0.28
-99.00
-99.00
5.12
12.88
3.24
5.99
14.77
9.36
0.08
1.90
2.04
8.24
7.52
5.14
6.08
15.07
11.60
12.77
20.89
17.55
18.19
14.19
15.70
2.35
0.58
28.06
4.24
0.77
1.33
1.11
0.66
2.37
3.00
2.50
-99.00
-99.00
0.29
0.16
0.09
0.07
-99.00
1.06
0.38
6.38
12.42
7.85
2.08
1.83
3.14
19.95
22.50
5.59
-99.00
-99.00
-99.00
0.80
1.31
0.01
-99.00
-99.00
-99.00
0.07
0.20
0.24
0.10
-99.00
-99.00
-99.00
-99.00
-99.00
-99.00
-99.00
-99.00
-99.00
-99.00
-99.00
-99.00
-99.00
-99.00
-99.00
-99.00
-99.00
-99.00
-99.00
-99.00
-99.00
-99.00
-99.00
-99.00
-99.00
-99.00
-99.00
-99.00
-99.00
-99.00
-99.00
-99.00
0.16
0.03
-99.00
-99.00
-99.00
0.07
-99.00
-99.00
-99.00
-99.00
-99.00
0.02
-99.00
-99.00
-99.00
-99.00
-99.00
-99.00
-99.00
-99.00
-99.00
-99.00
-99.00
0.73
0.02
-99.00
-99.00
-99.00
-99.00
-99.00
-99.00
-99.00
-99.00
-99.00
-99.00
-99.00
-99.00
0.58
0.07
-99.00
0.21
-99.00
5.59
4.32
24.91
2.58
-99.00
-99.00
-99.00
0.10
-99.00
-99.00
0.93
1.44
0.05
-99.00
-99.00
-99.00
-99.00
-99.00
-99.00
-99.00
-99.00
-99.00
-99.00
-99.00
-99.00
-99.00
-99.00
-99.00
-99.00
-99.00
-99.00
0.52
0.61
0.05
-99.00
-99.00
-99.00
-99.00
-99.00
-99.00
4.32
6.24
2.86
1.95
23.52
-99.00
0.05
0.14
1.25
0.64
-99.00
-99.00
-99.00
13.41
9.86
8.32
8.92
15.38
14.42
8.17
8.26
3.32
4.61
11.97
3.31
0.22
9.84
3.88
1.28
3.11
7.74
4.82
0.91
1.20
23.43
7.05
4.11
0.41
1.61
-99.00
0.75
0.54
15.66
51.31
21.23
50.77
23.14
17.30
9.32
8.18
0.93
4.93
9.53
3.35
9.29
14.27
16.47
6.12
1.67
1.25
0.47
-99.00
-99.00
0.02
3.28
16.22
31.84
38.79
36.30
3.69
4.99
8.87
7.55
18.64
30.28
11.07
5.70
0.50
0.12
1.16
0.14
13.67
1.37
8.36
10.64
3.65
2.00
0.01
0.13
1.58
1.88
8.97
47.89
34.61
51.66
33.21
32.01
24.88
27.07
56.51
35.24
21.37
18.75
25.52
4.73
2.42
7.27
6.09
16.14
13.78
7.53
1.33
10.05
8.85
4.79
0.43
7.27
1.59
11.33
3.44
0.40
0.96
2.77
11.89
39.60
36.05
17.50
14.56
9.02
25.95
18.34
15.91
26.42
32.38
21.14
54.54
24.28
31.87
37.34
9.42
4.73
6.84
8.80
12.49
6.45
13.49
21.92
10.27
5.67
30.79
20.08
41.88
12.85
7.82
25.55
8.95
17.46
8.41
1.73
4.72
12.83
14.82
19.76
11.68
9.31
1.61
21.85
3.00
1.93
16.59
26.66
16.73
9.40
33.79
20.96
32.90
8.12
1.34
0.67
-99.00
3.78
21.01
1.86
0.01
-99.00
0.05
2.51
7.03
0.15
0.25
-99.00
15.38
12.79
10.49
3.71
2.39
13.49
1.62
0.13
2.61
2.99
2.92
-99.00
-99.00
-99.00
15.14
8.14
32.31
20.48
8.77
5.21
-99.00
-99.00
0.07
-99.00
-99.00
-99.00
4.17
4.37
0.72
-99.00
-99.00
-99.00
-99.00
-99.00
-99.00
-99.00
-99.00
-99.00
-99.00
0.04
0.04
-99.00
-99.00
-99.00
-99.00
1.11
0.95
-99.00
-99.00
-99.00
-99.00
-99.00
-99.00
-99.00
0.06
-99.00
-99.00
0.01
-99.00
-99.00
-99.00
-99.00
-99.00
-99.00
-99.00
-99.00
1.60
0.02
0.66
-99.00
-99.00
-99.00
-99.00
-99.00
-99.00
-99.00
-99.00
-99.00
-99.00
-99.00
-99.00
-99.00
-99.00
-99.00
-99.00
-99.00
-99.00
-99.00
-99.00
-99.00
-99.00
-99.00
-99.00
-99.00
-99.00
-99.00
-99.00
-99.00
-99.00
-99.00
-99.00
-99.00
-99.00
-99.00
-99.00
-99.00
-99.00
0.06
-99.00
-99.00
2.64
0.70
-99.00
0.30
0.84
1.16
-99.00
-99.00
-99.00
-99.00
-99.00
-99.00
11.35
0.66
-99.00
-99.00
-99.00
-99.00
-99.00
-99.00
0.39
0.23
-99.00
-99.00
0.44
-99.00
-99.00
-99.00
0.29
-99.00
-99.00
-99.00
-99.00
-99.00
-99.00
-99.00
-99.00
-99.00
12.30
6.79
6.58
0.48
-99.00
-99.00
-99.00
-99.00
-99.00
-99.00
10.31
35.36
28.02
12.51
6.78
4.08
4.48
0.21
-99.00
3.98
2.87
0.01
0.60
-99.00
0.82
1.03
-99.00
-99.00
-99.00
-99.00
-99.00
-99.00
-99.00
-99.00
-99.00
-99.00
-99.00
-99.00
-99.00
-99.00
-99.00
-99.00
-99.00
-99.00
-99.00
-99.00
-99.00
-99.00
-99.00
-99.00
0.97
0.20
5.99
2.63
-99.00
16.41
33.40
14.51
15.08
7.14
10.29
0.48
10.82
5.69
10.09
26.50
24.83
26.06
32.44
18.51
13.28
16.97
7.37
9.71
3.88
1.00
11.54
4.77
9.74
45.52
44.59
45.23
70.42
39.12
55.21
21.85
15.36
14.92
0.69
8.47
21.15
4.34
6.26
13.57
8.25
20.14
28.62
58.12
8.73
15.61
22.60
13.20
30.76
23.86
7.66
15.08
4.50
17.63
24.19
49.40
24.98
7.54
4.77
8.20
13.20
18.73
24.24
17.19
25.06
46.69
44.64
28.39
12.79
11.54
6.71
9.67
30.36
33.37
10.69
28.22
30.39
34.01
21.98
31.25
24.05
6.52
2.60
4.01
5.05
16.80
5.52
2.58
6.24
1.90
20.57
27.57
3.71
8.11
14.98
3.19
2.93
11.17
18.09
7.35
2.96
10.23
16.18
37.29
27.98
25.92
4.43
13.67
11.87
45.66
15.07
13.64
9.12
6.15
15.28
16.52
21.55
29.70
43.47
15.96
24.82
18.65
9.99
14.76
1.60
11.66
9.75
9.80
23.65
19.20
23.57
29.54
36.65
5.07
4.71
3.33
9.75
4.60
7.07
6.74
16.91
26.69
13.15
2.36
4.86
4.22
3.31
13.14
18.31
10.33
8.59
1.20
10.65
10.29
5.05
6.67
20.70
16.75
12.62
14.05
8.34
1.16
2.00
22.65
27.15
34.31
36.65
0.05
3.53
2.79
0.06
17.31
25.52
16.73
16.86
8.85
0.17
-99.00
4.18
-99.00
0.26
-99.00
15.27
12.20
2.45
2.59
1.02
1.57
-99.00
-99.00
-99.00
-99.00
-99.00
9.53
-99.00
5.59
8.28
18.65
5.17
2.43
8.54
8.13
-99.00
-99.00
-99.00
-99.00
0.04
1.07
8.68
21.05
22.83
16.65
10.61
3.91
1.28
0.14
-99.00
-99.00
-99.00
0.69
35.52
28.91
6.08
-99.00
-99.00
-99.00
-99.00
-99.00
-99.00
0.09
-99.00
-99.00
-99.00
-99.00
-99.00
-99.00
-99.00
-99.00
-99.00
-99.00
-99.00
13.10
23.55
38.65
0.52
-99.00
-99.00
-99.00
-99.00
-99.00
-99.00
-99.00
-99.00
-99.00
-99.00
-99.00
-99.00
-99.00
-99.00
-99.00
-99.00
-99.00
-99.00
-99.00
-99.00
-99.00
-99.00
-99.00
-99.00
-99.00
-99.00
-99.00
-99.00
0.19
0.07
-99.00
-99.00
-99.00
-99.00
0.31
0.17
-99.00
-99.00
-99.00
-99.00
-99.00
-99.00
-99.00
-99.00
0.04
-99.00
-99.00
-99.00
-99.00
-99.00
-99.00
-99.00
-99.00
-99.00
-99.00
5.80
-99.00
-99.00
-99.00
-99.00
-99.00
-99.00
-99.00
0.07
-99.00
-99.00
-99.00
-99.00
-99.00
-99.00
-99.00
-99.00
-99.00
-99.00
-99.00
-99.00
-99.00
-99.00
-99.00
1.92
0.04
0.26
0.56
0.14
1.08
-99.00
-99.00
-99.00
-99.00
-99.00
-99.00
-99.00
-99.00
-99.00
-99.00
0.26
-99.00
-99.00
0.19
2.17
-99.00
-99.00
4.12
14.98
10.73
5.58
2.89
2.62
5.27
4.17
2.34
13.33
33.82
27.11
13.50
1.21
16.34
7.88
10.53
6.37
12.05
1.99
5.51
4.43
-99.00
0.84
14.17
65.95
17.82
21.26
8.74
1.29
2.92
6.31
5.04
4.50
7.17
3.56
1.43
17.68
10.09
13.18
29.46
27.56
46.80
15.41
50.23
21.61
43.83
6.87
5.42
23.57
14.11
17.29
18.88
11.41
7.85
19.87
7.75
2.85
0.03
0.23
0.07
-99.00
-99.00
-99.00
2.85
1.13
13.23
9.08
31.98
68.56
27.17
52.61
45.85
19.35
4.12
8.20
3.68
7.94
1.90
7.36
10.51
25.63
10.08
16.74
30.24
25.57
5.71
36.65
42.04
86.61
36.57
20.63
12.82
10.24
10.53
20.00
15.42
10.75
11.96
28.85
58.59
80.20
36.33
30.21
13.56
18.78
20.93
7.07
15.19
14.89
9.67
5.12
10.19
16.58
12.12
65.99
33.57
22.52
11.14
9.75
9.53
15.60
18.89
22.04
26.66
35.55
35.82
32.06
15.35
40.14
12.54
8.97
8.37
10.65
18.15
3.34
11.07
27.75
9.34
8.74
6.46
4.19
3.59
10.50
1.80
2.06
6.04
25.88
13.34
16.67
9.66
4.76
6.09
11.68
39.45
14.60
8.33
7.39
16.83
65.85
53.23
22.85
12.93
5.37
2.06
3.79
3.29
6.90
15.26
5.17
43.27
31.85
22.91
18.70
25.74
9.57
8.00
9.52
11.89
0.92
10.63
2.78
12.62
10.13
0.64
2.13
0.17
5.26
17.58
9.18
34.00
25.55
32.71
18.87
1.64
13.07
2.74
0.61
1.43
0.85
4.07
3.44
0.19
0.46
-99.00
4.18
0.61
3.59
2.27
0.02
-99.00
1.47
13.51
34.65
17.20
12.78
25.10
10.83
1.87
0.88
0.03
0.30
0.05
-99.00
-99.00
-99.00
-99.00
-99.00
-99.00
-99.00
-99.00
-99.00
-99.00
-99.00
-99.00
0.53
0.72
-99.00
-99.00
-99.00
3.34
-99.00
0.06
-99.00
-99.00
-99.00
-99.00
-99.00
1.98
6.19
5.78
2.07
-99.00
-99.00
-99.00
-99.00
-99.00
-99.00
-99.00
-99.00
-99.00
-99.00
-99.00
-99.00
-99.00
-99.00
-99.00
-99.00
-99.00
-99.00
-99.00
-99.00
-99.00
-99.00
-99.00
-99.00
-99.00
-99.00
-99.00
-99.00
-99.00
-99.00
-99.00
-99.00
-99.00
-99.00
-99.00
-99.00
-99.00
-99.00
-99.00
-99.00
-99.00
-99.00
0.24
0.26
0.02
-99.00
-99.00
-99.00
-99.00
-99.00
-99.00
-99.00
-99.00
0.21
-99.00
-99.00
-99.00
-99.00
-99.00
-99.00
-99.00
-99.00
0.56
1.21
0.34
-99.00
-99.00
-99.00
-99.00
0.57
-99.00
-99.00
2.58
3.48
-99.00
5.03
0.33
0.40
0.41
-99.00
-99.00
-99.00
-99.00
-99.00
-99.00
-99.00
-99.00
-99.00
-99.00
-99.00
-99.00
0.05
0.80
0.25
0.34
9.90
1.47
4.24
0.56
0.77
-99.00
-99.00
-99.00
-99.00
-99.00
-99.00
-99.00
-99.00
-99.00
-99.00
-99.00
-99.00
-99.00
0.03
0.02
-99.00
-99.00
-99.00
-99.00
-99.00
-99.00
-99.00
-99.00
-99.00
-99.00
0.96
4.79
5.29
5.45
6.61
7.28
2.46
2.47
17.04
22.09
15.56
16.74
6.99
3.16
-99.00
0.07
1.95
7.94
9.06
10.12
14.54
5.70
9.72
5.84
6.10
12.69
2.56
12.88
1.94
2.38
2.50
5.34
3.26
0.41
5.91
34.25
20.66
27.27
18.37
13.31
2.79
0.14
5.53
6.24
21.20
29.44
21.51
34.43
5.17
0.82
0.47
8.51
7.89
21.73
24.73
22.45
12.49
9.22
3.38
-99.00
-99.00
5.08
2.77
29.05
39.20
10.90
3.02
2.55
1.52
5.32
3.98
3.41
24.12
2.84
8.74
10.56
8.20
9.74
8.59
6.82
5.10
5.25
14.94
8.60
3.82
3.58
9.51
8.67
14.66
11.87
10.89
6.44
10.76
12.35
7.46
6.04
1.94
5.71
7.97
12.50
15.42
29.75
42.90
37.55
26.23
15.50
42.57
46.18
6.25
9.90
32.83
57.54
46.37
44.79
37.94
6.76
4.65
3.19
4.57
3.30
2.47
9.23
28.88
5.39
7.09
5.06
1.42
11.00
8.77
1.63
11.29
4.43
5.61
7.34
8.78
9.52
14.24
34.54
21.17
44.11
30.70
10.79
1.82
-99.00
3.77
2.37
10.61
9.42
12.70
10.64
9.75
20.96
18.10
17.51
8.85
3.18
5.56
8.44
15.71
15.04
5.49
15.94
20.44
16.58
26.51
22.41
5.36
1.06
1.02
2.37
0.54
7.66
5.25
7.56
1.06
6.04
3.96
14.45
7.26
0.87
8.66
4.14
0.39
1.42
2.36
3.10
5.89
14.20
37.36
34.10
18.91
6.67
1.43
0.35
0.08
2.75
1.24
1.91
1.96
0.03
-99.00
-99.00
-99.00
-99.00
-99.00
0.06
-99.00
-99.00
-99.00
3.94
0.59
0.94
2.49
2.56
-99.00
0.27
0.16
0.09
2.06
12.71
22.96
7.57
0.11
-99.00
-99.00
-99.00
-99.00
-99.00
-99.00
-99.00
-99.00
-99.00
-99.00
-99.00
-99.00
-99.00
-99.00
-99.00
-99.00
-99.00
-99.00
-99.00
-99.00
-99.00
-99.00
-99.00
-99.00
-99.00
-99.00
-99.00
-99.00
-99.00
0.49
0.47
-99.00
-99.00
-99.00
-99.00
-99.00
-99.00
-99.00
-99.00
-99.00
-99.00
-99.00
-99.00
-99.00
-99.00
-99.00
-99.00
-99.00
1.03
-99.00
-99.00
-99.00
-99.00
-99.00
-99.00
1.17
-99.00
-99.00
-99.00
-99.00
-99.00
-99.00
-99.00
-99.00
-99.00
-99.00
-99.00
-99.00
-99.00
0.02
-99.00
-99.00
-99.00
-99.00
-99.00
-99.00
-99.00
-99.00
-99.00
0.24
1.54
2.96
0.23
1.91
1.84
1.90
-99.00
-99.00
-99.00
0.85
0.04
0.50
-99.00
0.87
0.04
0.02
0.08
0.01
-99.00
-99.00
-99.00
-99.00
-99.00
-99.00
-99.00
0.22
0.03
-99.00
-99.00
-99.00
-99.00
0.12
19.12
19.90
14.75
19.99
19.25
5.11
2.61
1.04
-99.00
-99.00
0.02
-99.00
-99.00
-99.00
-99.00
-99.00
-99.00
7.31
1.25
2.84
0.50
0.58
12.35
1.93
0.53
0.20
-99.00
-99.00
-99.00
-99.00
-99.00
0.02
-99.00
0.21
1.91
15.09
7.33
16.81
4.56
0.05
5.24
4.86
3.03
1.46
0.92
1.90
4.37
11.61
5.86
0.26
1.27
11.29
15.31
4.95
11.06
5.76
6.86
6.33
1.60
1.12
3.62
7.99
24.67
13.94
6.98
11.96
18.54
8.19
7.99
6.63
12.04
13.03
18.30
5.92
3.22
2.65
5.07
2.68
6.34
3.31
1.78
3.01
5.32
14.09
13.29
9.34
4.61
12.87
15.62
31.81
18.69
4.22
6.98
6.93
49.72
61.24
94.52
41.88
45.54
53.25
45.80
7.25
3.12
7.48
15.71
6.53
13.82
2.26
19.83
4.60
14.94
14.55
14.21
10.90
18.59
51.96
81.67
94.62
53.61
26.71
32.79
38.67
25.46
10.89
30.51
18.37
6.85
27.01
47.85
18.06
13.72
9.10
20.59
11.23
7.64
11.20
17.04
6.07
4.58
23.75
11.28
11.06
16.73
7.42
1.93
2.33
7.88
7.09
9.73
11.14
10.08
31.35
21.73
21.79
24.25
7.77
3.64
30.11
13.00
14.99
23.54
12.08
21.53
41.33
20.05
16.95
11.06
12.38
20.58
25.53
5.20
3.24
9.13
3.76
11.37
19.42
13.57
23.73
15.31
17.86
7.51
20.16
10.13
9.00
4.63
17.70
1.33
0.38
4.51
1.24
0.09
4.24
4.01
1.94
4.18
8.91
5.83
3.51
-99.00
-99.00
-99.00
1.39
3.20
0.76
1.82
13.19
9.16
5.43
5.61
0.98
0.06
0.84
1.37
6.59
3.06
2.75
7.68
32.47
1.05
1.04
-99.00
0.20
-99.00
-99.00
-99.00
-99.00
-99.00
-99.00
11.07
11.00
3.42
22.68
11.62
1.69
0.18
0.21
-99.00
-99.00
-99.00
-99.00
-99.00
-99.00
-99.00
-99.00
0.07
0.10
-99.00
-99.00
0.01
-99.00
0.02
-99.00
-99.00
-99.00
-99.00
-99.00
3.61
-99.00
-99.00
-99.00
-99.00
-99.00
-99.00
-99.00
-99.00
0.08
16.47
10.44
0.74
0.51
-99.00
0.01
-99.00
-99.00
-99.00
-99.00
-99.00
-99.00
-99.00
-99.00
-99.00
-99.00
-99.00
-99.00
-99.00
-99.00
-99.00
-99.00
-99.00
-99.00
-99.00
-99.00
-99.00
-99.00
-99.00
-99.00
-99.00
-99.00
-99.00
-99.00
-99.00
-99.00
-99.00
-99.00
-99.00
-99.00
-99.00
-99.00
-99.00
-99.00
-99.00
-99.00
-99.00
-99.00
-99.00
-99.00
0.04
3.14
1.31
-99.00
-99.00
0.04
0.26
-99.00
-99.00
-99.00
0.15
0.11
1.78
0.60
0.33
-99.00
-99.00
-99.00
-99.00
-99.00
1.28
3.45
1.05
0.97
0.04
-99.00
-99.00
-99.00
-99.00
-99.00
-99.00
-99.00
-99.00
-99.00
-99.00
-99.00
0.17
7.18
4.25
2.73
10.00
5.67
4.08
-99.00
-99.00
-99.00
-99.00
-99.00
-99.00
-99.00
0.23
-99.00
-99.00
1.51
3.88
7.46
4.39
5.59
8.63
3.64
1.58
4.00
4.62
1.87
-99.00
1.86
0.68
-99.00
-99.00
-99.00
1.25
10.20
9.72
3.95
2.28
17.54
23.75
34.88
66.41
39.86
70.45
33.03
38.00
11.81
4.22
5.00
15.93
19.68
10.62
14.86
17.62
2.00
0.21
0.53
0.35
16.52
18.01
5.27
3.82
12.07
4.93
16.71
23.91
32.55
42.35
8.71
18.23
13.62
3.70
4.59
12.01
12.49
2.24
0.44
1.15
1.48
0.88
12.98
57.35
32.25
26.90
32.73
19.38
25.26
10.13
1.37
8.70
3.57
1.98
1.48
9.01
21.62
11.88
21.84
47.01
39.37
40.71
30.99
16.63
13.69
20.04
19.41
11.24
24.76
27.72
12.80
15.73
19.09
19.04
14.06
5.13
8.80
21.00
26.91
16.54
8.38
21.77
21.72
16.24
13.10
14.41
35.66
37.42
33.78
10.11
9.89
3.82
11.34
11.17
4.85
14.71
19.43
14.41
1.71
5.90
5.95
9.08
16.83
26.83
13.44
10.83
7.81
15.05
12.38
8.40
12.68
1.63
3.69
3.27
22.26
12.85
9.77
9.73
8.40
8.04
10.29
9.71
5.02
1.58
4.99
7.08
9.02
4.70
21.13
9.49
13.62
14.48
16.30
25.58
20.01
10.39
9.53
59.91
53.03
11.43
1.45
0.02
16.45
17.89
13.00
7.23
11.19
7.60
25.90
29.32
21.97
11.01
4.22
2.77
3.74
4.30
5.04
1.00
1.74
3.31
0.66
2.20
3.51
1.51
0.02
2.31
3.76
4.96
14.97
25.00
11.66
11.78
6.61
10.43
13.20
3.45
1.53
1.32
-99.00
1.50
1.42
0.96
3.05
14.70
12.52
7.86
12.96
35.35
73.23
12.13
4.50
0.48
1.43
0.46
0.17
6.19
5.40
4.82
3.88
5.92
1.49
2.22
-99.00
-99.00
1.82
1.38
-99.00
-99.00
-99.00
29.50
13.41
0.05
2.59
2.76
3.09
-99.00
1.10
0.51
4.49
27.71
17.56
3.29
1.38
0.02
-99.00
-99.00
-99.00
-99.00
-99.00
0.46
-99.00
-99.00
-99.00
-99.00
-99.00
0.38
0.24
-99.00
-99.00
0.67
0.11
-99.00
0.76
-99.00
0.16
-99.00
-99.00
-99.00
-99.00
-99.00
-99.00
-99.00
-99.00
-99.00
0.35
-99.00
-99.00
-99.00
-99.00
-99.00
-99.00
-99.00
-99.00
-99.00
-99.00
-99.00
-99.00
-99.00
-99.00
-99.00
-99.00
0.99
3.28
4.32
4.31
-99.00
-99.00
-99.00
-99.00
-99.00
-99.00
-99.00
-99.00
-99.00
-99.00
-99.00
-99.00
-99.00
-99.00
-99.00
-99.00
-99.00
-99.00
-99.00
-99.00
-99.00
-99.00
-99.00
-99.00
-99.00
-99.00
-99.00
-99.00
-99.00
-99.00
-99.00
-99.00
-99.00
-99.00
-99.00
-99.00
-99.00
-99.00
-99.00
0.21
0.65
-99.00
-99.00
-99.00
-99.00
-99.00
-99.00
-99.00
-99.00
0.03
-99.00
2.58
0.06
-99.00
-99.00
-99.00
-99.00
-99.00
-99.00
-99.00
-99.00
-99.00
-99.00
0.04
0.68
-99.00
0.08
-99.00
0.37
-99.00
0.51
1.90
0.38
-99.00
-99.00
-99.00
-99.00
0.65
0.13
-99.00
0.25
6.32
0.59
0.24
0.12
0.13
-99.00
0.18
3.70
15.01
5.55
2.12
0.89
3.98
1.91
0.08
0.32
-99.00
0.02
-99.00
-99.00
0.44
1.37
7.34
4.38
6.00
7.50
3.65
14.25
16.99
9.06
5.05
1.05
6.78
5.06
2.76
2.75
8.37
2.52
9.85
1.90
2.70
6.80
6.45
18.50
20.06
10.79
15.65
19.20
30.89
9.67
8.60
9.84
11.11
4.82
2.54
0.24
0.06
32.68
29.95
64.77
49.47
33.08
24.54
33.99
24.06
32.93
12.18
14.24
30.55
13.54
23.05
4.80
17.36
12.01
35.14
25.95
2.60
25.05
10.97
52.43
38.75
15.07
34.56
14.94
4.22
8.48
2.60
4.93
20.23
11.53
7.96
17.97
18.31
35.05
65.41
66.97
25.76
4.26
23.36
2.33
2.49
0.52
4.99
3.34
19.23
14.18
11.89
12.27
21.32
7.40
7.53
1.46
5.64
15.84
23.25
26.52
17.94
11.38
36.14
14.59
10.41
12.25
20.49
18.76
15.53
10.77
14.67
28.59
16.90
13.78
18.98
8.21
1.04
16.01
14.53
9.63
6.96
4.88
3.24
23.80
8.70
17.52
7.68
7.17
2.34
0.31
3.56
8.37
5.71
16.35
1.51
3.90
8.05
30.07
31.38
6.75
2.46
9.99
3.01
0.38
1.08
3.82
3.75
2.63
3.06
9.87
10.00
32.74
12.95
23.84
10.14
8.48
5.39
4.01
5.14
2.08
25.83
8.96
5.34
1.07
1.82
2.59
1.77
0.74
3.05
3.79
9.59
33.53
11.95
6.99
4.72
1.05
0.12
1.59
7.61
0.59
2.13
6.62
-99.00
-99.00
7.84
6.88
34.13
4.96
0.74
-99.00
2.21
0.74
0.86
-99.00
0.68
0.21
2.47
0.07
-99.00
-99.00
-99.00
-99.00
-99.00
-99.00
-99.00
7.98
0.46
-99.00
-99.00
0.88
0.98
-99.00
-99.00
-99.00
-99.00
-99.00
0.71
-99.00
-99.00
0.28
0.85
1.36
3.40
-99.00
-99.00
0.19
-99.00
0.08
0.14
-99.00
-99.00
0.07
0.97
0.84
0.58
-99.00
-99.00
-99.00
-99.00
-99.00
-99.00
-99.00
-99.00
-99.00
-99.00
-99.00
-99.00
-99.00
-99.00
-99.00
-99.00
-99.00
-99.00
-99.00
-99.00
-99.00
-99.00
-99.00
-99.00
-99.00
-99.00
-99.00
-99.00
-99.00
-99.00
-99.00
-99.00
-99.00
-99.00
-99.00
-99.00
-99.00
-99.00
-99.00
-99.00
-99.00
-99.00
-99.00
-99.00
-99.00
-99.00
-99.00
-99.00
-99.00
-99.00
-99.00
-99.00
-99.00
-99.00
0.01
-99.00
-99.00
-99.00
-99.00
-99.00
-99.00
0.21
0.07
0.12
0.04
1.06
1.46
0.62
-99.00
-99.00
-99.00
1.24
1.29
0.09
0.02
-99.00
-99.00
0.08
-99.00
-99.00
-99.00
-99.00
-99.00
-99.00
-99.00
0.10
-99.00
-99.00
-99.00
-99.00
-99.00
-99.00
-99.00
-99.00
-99.00
-99.00
-99.00
-99.00
-99.00
0.96
0.42
2.17
0.46
-99.00
-99.00
-99.00
-99.00
2.64
1.24
1.76
3.58
17.05
4.38
2.12
0.16
0.06
2.32
0.06
0.55
2.77
4.03
3.96
5.81
6.41
1.12
1.26
-99.00
-99.00
0.21
7.86
11.12
0.69
-99.00
1.30
2.44
17.10
3.78
-99.00
5.18
4.63
2.04
1.82
0.62
5.35
2.06
12.15
4.59
0.14
-99.00
1.48
-99.00
-99.00
3.52
32.28
31.33
23.52
8.37
12.53
7.33
11.09
4.35
1.13
0.60
0.79
6.83
43.68
12.04
20.52
17.68
7.18
17.93
4.93
2.16
3.49
5.70
8.23
2.55
-99.00
-99.00
2.76
4.27
3.91
2.91
0.46
-99.00
0.12
0.15
-99.00
0.09
0.93
7.85
10.88
36.16
45.00
59.25
20.88
16.52
13.07
17.54
38.39
28.58
33.81
5.19
1.30
1.35
1.40
2.84
10.23
21.47
14.62
27.07
17.66
8.43
16.96
70.71
97.15
60.99
18.35
6.03
6.30
4.69
14.00
16.72
16.37
22.27
8.75
9.38
27.29
19.82
27.12
50.60
26.05
15.00
20.41
17.11
16.92
18.10
24.37
50.58
32.68
14.67
22.13
8.55
14.34
6.19
5.08
9.05
11.89
5.62
3.89
4.79
0.09
1.92
0.80
5.16
1.62
-99.00
1.06
4.94
22.55
14.91
25.09
11.68
7.38
41.27
34.69
24.52
10.22
2.11
5.63
15.29
13.50
9.23
13.68
18.09
12.14
4.32
3.50
21.37
28.78
25.33
29.80
8.01
4.29
2.61
16.26
41.08
55.74
35.10
22.17
9.04
0.12
0.38
0.40
0.08
4.50
-99.00
2.30
4.01
5.58
5.62
-99.00
0.88
5.47
17.71
28.54
4.81
0.97
4.41
6.27
14.66
13.59
46.22
26.20
4.63
4.62
0.45
12.33
3.03
0.19
-99.00
-99.00
-99.00
-99.00
-99.00
-99.00
-99.00
-99.00
-99.00
-99.00
-99.00
0.05
4.55
1.18
2.40
-99.00
-99.00
-99.00
-99.00
-99.00
-99.00
-99.00
0.01
0.03
-99.00
-99.00
-99.00
-99.00
-99.00
-99.00
-99.00
-99.00
-99.00
-99.00
-99.00
-99.00
-99.00
1.06
7.25
6.66
4.37
0.06
-99.00
2.31
2.70
1.91
4.51
14.75
20.97
2.34
0.11
-99.00
0.14
1.83
-99.00
0.64
0.37
-99.00
-99.00
-99.00
-99.00
0.18
0.14
-99.00
-99.00
-99.00
-99.00
-99.00
-99.00
-99.00
3.98
-99.00
-99.00
-99.00
-99.00
-99.00
-99.00
0.43
2.06
0.81
1.02
0.06
-99.00
-99.00
-99.00
-99.00
-99.00
-99.00
-99.00
-99.00
-99.00
-99.00
-99.00
-99.00
-99.00
-99.00
-99.00
-99.00
-99.00
-99.00
-99.00
-99.00
-99.00
-99.00
-99.00
-99.00
0.21
-99.00
0.01
-99.00
-99.00
-99.00
-99.00
0.29
2.39
0.16
-99.00
-99.00
-99.00
-99.00
-99.00
-99.00
-99.00
-99.00
-99.00
3.51
7.27
3.27
-99.00
0.07
-99.00
1.00
-99.00
4.13
0.69
-99.00
-99.00
-99.00
3.60
12.94
14.30
11.97
4.56
3.06
5.72
3.05
4.51
0.80
-99.00
-99.00
-99.00
-99.00
-99.00
-99.00
-99.00
6.90
8.39
5.35
8.07
-99.00
-99.00
-99.00
-99.00
-99.00
2.28
0.67
-99.00
0.14
0.87
0.83
0.43
-99.00
3.97
1.52
4.20
2.46
-99.00
3.68
1.72
9.97
2.62
4.65
0.93
5.06
0.44
-99.00
4.10
12.98
10.80
8.01
30.11
43.58
17.92
12.12
22.45
1.57
2.18
3.98
13.08
11.77
7.69
19.15
12.07
12.31
58.76
26.15
10.42
47.07
35.31
15.92
12.66
3.07
23.96
18.71
41.37
31.56
14.21
23.68
13.84
5.15
3.10
4.90
0.60
11.02
6.50
3.00
27.99
21.16
32.29
40.69
12.70
21.24
13.35
4.54
4.87
12.77
33.99
22.33
3.02
13.13
13.20
31.14
19.67
9.84
14.16
11.94
36.89
18.89
14.18
4.86
10.22
2.71
7.88
8.09
12.17
4.79
16.89
5.88
11.05
1.49
3.83
17.77
5.76
4.65
7.22
4.23
14.89
17.80
10.13
4.73
14.78
9.45
14.47
5.49
8.79
23.09
14.97
7.52
44.51
15.29
11.05
21.76
18.64
5.67
16.99
34.44
9.39
15.64
21.44
6.91
5.21
8.55
17.09
8.97
20.87
4.92
14.46
15.72
17.02
8.49
8.35
7.67
18.57
10.45
9.65
20.37
11.48
15.87
14.38
6.20
0.58
5.94
9.27
9.57
7.14
6.59
10.02
4.86
14.98
3.72
5.73
9.13
5.65
0.41
5.18
14.20
13.29
13.98
4.38
1.57
1.94
9.52
10.49
14.10
15.53
10.60
9.16
4.03
15.27
12.12
9.98
2.54
2.81
4.86
11.30
8.70
8.05
7.85
8.13
19.18
3.17
0.34
2.17
2.72
0.27
7.87
21.18
3.11
3.82
0.46
0.77
0.43
0.16
-99.00
-99.00
-99.00
0.03
0.09
0.33
3.26
13.66
54.28
59.01
68.31
24.86
2.16
1.17
0.02
-99.00
0.51
0.45
-99.00
-99.00
-99.00
-99.00
-99.00
-99.00
-99.00
-99.00
-99.00
-99.00
-99.00
-99.00
-99.00
-99.00
-99.00
-99.00
-99.00
-99.00
-99.00
-99.00
-99.00
-99.00
-99.00
-99.00
-99.00
-99.00
-99.00
-99.00
-99.00
-99.00
-99.00
-99.00
-99.00
-99.00
-99.00
-99.00
-99.00
-99.00
-99.00
-99.00
-99.00
-99.00
0.03
0.65
-99.00
-99.00
-99.00
-99.00
-99.00
-99.00
0.20
-99.00
-99.00
0.07
-99.00
-99.00
-99.00
-99.00
-99.00
-99.00
-99.00
-99.00
-99.00
-99.00
-99.00
-99.00
-99.00
0.02
1.68
0.94
7.21
10.60
-99.00
-99.00
0.12
0.48
0.25
0.83
-99.00
0.02
-99.00
-99.00
-99.00
0.06
0.17
-99.00
-99.00
0.14
0.16
0.24
-99.00
-99.00
-99.00
-99.00
7.60
10.25
0.18
-99.00
-99.00
-99.00
-99.00
-99.00
-99.00
1.25
13.76
5.47
0.02
-99.00
-99.00
-99.00
-99.00
-99.00
-99.00
-99.00
-99.00
-99.00
-99.00
-99.00
-99.00
-99.00
-99.00
-99.00
-99.00
5.56
8.41
8.40
-99.00
-99.00
-99.00
-99.00
0.06
1.46
2.98
0.44
5.65
3.01
1.35
0.73
0.26
1.69
0.15
-99.00
-99.00
0.51
-99.00
3.50
4.18
0.29
2.97
13.93
3.32
0.19
16.54
6.78
19.11
12.89
4.06
28.29
17.87
7.75
2.39
-99.00
0.08
4.61
10.57
21.93
24.16
1.40
6.11
24.33
38.44
39.64
31.30
4.41
1.05
-99.00
5.39
3.73
0.04
0.38
7.14
3.96
20.05
0.89
12.97
6.86
3.71
0.53
1.77
3.31
1.63
1.25
12.86
6.65
41.42
24.23
15.40
35.99
19.28
21.25
37.04
18.67
-99.00
9.61
31.97
18.01
16.77
20.96
10.71
4.16
21.03
33.38
31.70
51.76
27.26
3.47
8.00
12.32
12.33
14.77
19.59
0.23
0.26
2.06
3.05
6.48
1.84
3.09
10.71
5.84
14.67
19.13
0.54
19.21
5.99
6.08
3.47
9.07
11.24
10.95
8.30
20.05
14.94
16.25
31.35
77.93
66.92
72.61
16.41
6.88
8.79
12.70
14.00
1.65
7.36
2.66
12.08
10.90
14.15
17.58
26.24
45.54
36.35
22.63
11.03
6.38
15.90
19.02
9.71
9.68
32.73
42.83
43.66
36.13
26.17
30.17
9.06
14.46
21.47
9.07
8.96
25.03
7.85
14.78
4.07
13.77
11.89
5.36
0.83
10.42
12.89
9.68
14.23
12.79
5.27
4.37
25.69
24.86
29.12
63.50
23.58
16.17
7.48
8.13
22.93
10.63
5.28
5.64
11.94
17.97
14.06
15.08
12.49
11.23
23.53
23.47
37.42
15.08
38.91
27.04
19.02
3.35
-99.00
0.33
1.47
0.84
1.29
0.18
0.26
0.45
0.13
-99.00
0.20
5.23
7.32
18.05
17.71
11.77
10.91
0.60
0.31
-99.00
0.01
1.46
-99.00
0.04
0.25
-99.00
-99.00
-99.00
0.79
0.93
0.72
-99.00
-99.00
-99.00
-99.00
-99.00
-99.00
0.01
-99.00
-99.00
-99.00
-99.00
-99.00
-99.00
-99.00
-99.00
-99.00
-99.00
-99.00
-99.00
0.74
-99.00
-99.00
-99.00
-99.00
-99.00
-99.00
-99.00
-99.00
-99.00
-99.00
-99.00
-99.00
-99.00
-99.00
-99.00
-99.00
-99.00
-99.00
-99.00
-99.00
-99.00
-99.00
-99.00
-99.00
-99.00
-99.00
-99.00
-99.00
-99.00
-99.00
-99.00
0.20
0.04
0.76
7.87
11.78
5.21
-99.00
-99.00
-99.00
-99.00
-99.00
-99.00
-99.00
-99.00
-99.00
-99.00
-99.00
-99.00
-99.00
-99.00
-99.00
-99.00
-99.00
-99.00
-99.00
-99.00
-99.00
-99.00
-99.00
-99.00
-99.00
-99.00
-99.00
-99.00
-99.00
-99.00
-99.00
-99.00
-99.00
-99.00
-99.00
-99.00
-99.00
-99.00
-99.00
-99.00
-99.00
-99.00
-99.00
-99.00
-99.00
-99.00
-99.00
-99.00
-99.00
1.67
0.51
-99.00
-99.00
0.48
-99.00
-99.00
0.09
1.31
1.06
-99.00
-99.00
2.62
9.92
-99.00
-99.00
0.19
2.58
9.62
0.58
-99.00
-99.00
-99.00
-99.00
-99.00
-99.00
-99.00
-99.00
-99.00
0.73
1.43
-99.00
1.25
3.05
7.96
5.04
0.40
0.34
-99.00
0.32
1.04
-99.00
-99.00
-99.00
-99.00
1.61
5.08
6.56
0.84
-99.00
-99.00
-99.00
-99.00
0.11
1.27
2.37
-99.00
-99.00
-99.00
15.03
4.36
7.33
43.78
16.06
3.23
3.06
10.81
5.45
3.33
6.44
3.62
9.42
6.54
10.69
14.39
19.33
17.49
6.51
8.37
10.98
9.16
25.25
21.18
11.45
17.37
11.63
8.76
3.01
30.09
2.83
40.07
11.56
1.59
15.84
10.34
-99.00
13.71
2.34
0.60
27.42
23.97
27.17
4.77
37.09
1.27
15.54
4.76
-99.00
-99.00
0.25
-99.00
0.15
-99.00
-99.00
-99.00
-99.00
0.53
5.37
7.76
15.19
2.98
2.53
16.00
11.11
25.41
1.54
2.10
13.88
30.27
42.08
44.98
36.66
23.30
24.40
18.23
17.87
24.96
26.56
44.73
63.22
35.40
31.78
24.33
8.31
26.59
40.59
29.81
10.23
45.52
4.66
15.32
10.41
74.03
14.14
14.83
23.27
35.20
21.78
6.52
17.41
28.18
17.55
18.12
18.55
8.95
3.48
4.00
1.70
22.77
4.10
10.04
19.85
14.90
30.97
19.85
27.89
28.13
9.34
16.36
29.63
9.64
32.57
43.09
115.36
114.11
36.31
20.83
3.92
15.79
15.66
15.74
4.06
7.52
4.25
5.60
7.76
5.73
0.14
7.94
3.63
8.86
2.71
16.96
16.73
19.59
12.47
14.64
10.76
11.46
4.09
22.66
16.70
17.05
0.23
9.67
17.90
19.66
19.57
5.72
3.31
5.55
5.05
32.25
18.42
8.66
9.95
22.95
20.07
26.37
2.47
6.93
4.14
13.99
0.60
1.09
3.80
-99.00
6.08
1.57
7.21
8.25
4.29
0.73
4.94
0.59
0.19
-99.00
5.81
0.63
-99.00
0.63
1.56
-99.00
-99.00
-99.00
-99.00
-99.00
-99.00
-99.00
-99.00
-99.00
-99.00
-99.00
1.21
4.35
23.23
-99.00
0.22
-99.00
-99.00
-99.00
-99.00
-99.00
-99.00
-99.00
-99.00
-99.00
-99.00
0.01
1.03
5.54
-99.00
5.05
7.10
11.85
5.87
-99.00
-99.00
2.07
-99.00
-99.00
-99.00
-99.00
-99.00
-99.00
-99.00
-99.00
-99.00
-99.00
-99.00
-99.00
-99.00
-99.00
-99.00
-99.00
-99.00
-99.00
-99.00
-99.00
-99.00
-99.00
-99.00
-99.00
1.12
2.35
-99.00
-99.00
-99.00
-99.00
-99.00
-99.00
-99.00
-99.00
-99.00
-99.00
-99.00
-99.00
0.74
0.16
-99.00
-99.00
-99.00
-99.00
-99.00
-99.00
-99.00
0.24
1.64
-99.00
-99.00
-99.00
-99.00
0.90
0.96
1.96
-99.00
-99.00
-99.00
-99.00
-99.00
-99.00
0.10
-99.00
-99.00
-99.00
-99.00
-99.00
-99.00
-99.00
-99.00
-99.00
0.12
1.19
1.68
3.13
0.43
0.02
-99.00
-99.00
-99.00
-99.00
-99.00
-99.00
0.11
-99.00
-99.00
-99.00
-99.00
-99.00
-99.00
-99.00
-99.00
-99.00
0.77
-99.00
0.34
5.87
1.27
0.23
3.87
4.03
4.46
6.68
3.34
10.20
0.23
8.21
7.35
3.39
0.39
0.07
-99.00
-99.00
1.29
-99.00
0.24
0.28
-99.00
22.38
10.59
0.20
17.67
25.20
30.77
42.18
6.05
-99.00
-99.00
-99.00
-99.00
1.15
0.31
11.50
2.39
-99.00
-99.00
-99.00
0.06
-99.00
-99.00
-99.00
3.90
4.67
13.72
14.85
4.36
26.89
30.91
4.89
5.62
0.06
-99.00
-99.00
-99.00
-99.00
0.30
5.89
7.82
23.25
7.05
6.84
67.27
28.19
46.40
45.09
35.83
57.68
52.29
62.67
47.37
24.89
45.28
10.96
15.24
22.29
1.60
4.03
5.56
21.43
0.31
21.38
7.13
5.37
37.45
25.37
15.39
81.86
4.93
2.55
-99.00
-99.00
-99.00
-99.00
-99.00
0.30
10.50
2.43
12.63
14.30
1.55
1.66
6.93
2.74
0.97
3.33
-99.00
6.82
1.30
1.99
8.94
7.87
20.60
24.74
54.31
66.87
7.11
6.66
4.19
16.91
26.14
10.55
9.23
18.66
2.58
9.77
20.62
8.54
16.31
43.47
26.31
16.41
22.78
4.53
11.36
12.80
0.32
14.34
-99.00
0.50
0.50
-99.00
7.12
3.09
8.01
10.24
6.00
16.49
21.37
15.79
20.70
22.95
18.74
18.55
15.30
5.66
7.47
4.11
3.61
30.10
105.20
85.17
25.17
7.34
0.91
8.20
16.74
14.98
4.52
3.38
1.20
13.40
0.99
10.16
6.59
7.17
30.55
8.54
17.24
95.46
34.24
73.89
31.50
7.40
16.93
5.19
4.02
4.40
12.59
19.02
12.90
30.16
3.95
7.27
20.56
50.71
24.25
12.49
3.52
2.93
1.06
46.27
16.10
20.17
24.48
18.94
13.64
5.79
4.44
17.71
7.05
6.69
2.29
0.47
4.18
16.90
0.17
0.49
9.62
0.09
-99.00
1.68
2.61
25.73
21.12
16.35
0.17
35.65
25.53
29.35
2.58
5.19
8.23
20.69
28.36
6.28
-99.00
-99.00
10.59
3.14
-99.00
0.61
1.37
2.69
-99.00
-99.00
-99.00
-99.00
-99.00
-99.00
-99.00
-99.00
-99.00
-99.00
-99.00
-99.00
0.04
4.14
4.56
-99.00
-99.00
-99.00
-99.00
-99.00
-99.00
-99.00
-99.00
-99.00
-99.00
-99.00
-99.00
-99.00
0.63
-99.00
-99.00
-99.00
-99.00
-99.00
-99.00
0.40
-99.00
-99.00
-99.00
-99.00
-99.00
-99.00
-99.00
-99.00
0.09
-99.00
-99.00
-99.00
-99.00
-99.00
-99.00
-99.00
-99.00
-99.00
-99.00
-99.00
-99.00
-99.00
-99.00
-99.00
1.39
24.62
9.06
-99.00
-99.00
-99.00
-99.00
-99.00
-99.00
-99.00
-99.00
-99.00
-99.00
-99.00
-99.00
-99.00
-99.00
-99.00
-99.00
-99.00
-99.00
-99.00
3.65
4.01
1.43
-99.00
-99.00
0.10
-99.00
0.92
0.72
-99.00
-99.00
-99.00
-99.00
-99.00
-99.00
-99.00
-99.00
-99.00
-99.00
-99.00
-99.00
-99.00
-99.00
0.94
0.96
-99.00
-99.00
-99.00
-99.00
-99.00
-99.00
-99.00
-99.00
-99.00
-99.00
-99.00
0.93
-99.00
-99.00
-99.00
-99.00
-99.00
-99.00
-99.00
-99.00
-99.00
-99.00
-99.00
-99.00
-99.00
-99.00
-99.00
-99.00
-99.00
-99.00
-99.00
-99.00
-99.00
-99.00
-99.00
-99.00
-99.00
-99.00
-99.00
-99.00
-99.00
-99.00
-99.00
-99.00
0.13
8.21
9.25
-99.00
-99.00
0.15
0.16
0.70
7.84
0.41
0.06
0.54
8.07
5.18
8.75
0.08
0.78
-99.00
-99.00
-99.00
-99.00
-99.00
1.38
8.36
8.45
8.77
11.63
1.29
7.74
2.30
6.84
4.19
0.95
16.09
29.15
26.69
18.07
20.98
27.97
26.81
15.45
24.03
37.60
41.72
48.21
35.55
70.20
46.34
44.39
60.71
144.77
182.61
49.34
10.24
4.45
3.65
3.51
0.68
17.39
43.24
31.72
41.88
2.56
3.97
1.90
11.83
6.09
17.62
11.16
2.58
3.04
11.98
12.20
21.93
17.89
8.81
15.72
4.67
16.39
14.15
35.95
9.09
24.06
53.63
96.83
77.61
31.66
21.96
16.54
19.22
28.29
14.17
13.89
13.90
9.34
2.09
2.11
3.41
2.90
5.15
11.04
5.94
9.43
11.86
17.88
32.63
48.16
30.33
27.12
11.20
15.66
22.35
26.45
41.51
12.49
8.39
4.29
10.31
22.31
14.96
56.76
20.23
8.46
24.91
15.58
19.03
10.56
22.89
12.67
25.45
20.49
9.71
35.04
28.47
17.83
8.25
17.70
14.33
7.54
28.06
15.84
7.58
4.80
17.26
23.60
34.68
20.19
16.25
21.33
30.00
10.84
15.89
18.68
14.24
10.03
5.68
13.00
11.77
5.76
9.24
36.89
61.95
15.50
27.06
21.50
14.99
53.11
21.37
25.48
16.14
16.42
36.77
5.43
13.62
53.07
97.42
59.11
26.18
11.22
8.44
7.49
0.31
4.18
1.05
0.02
-99.00
-99.00
-99.00
-99.00
-99.00
1.51
10.56
15.53
18.14
25.15
19.63
12.44
7.87
2.27
0.56
-99.00
2.29
10.25
10.85
9.69
2.04
7.76
6.59
3.95
25.14
29.24
17.62
0.84
-99.00
-99.00
-99.00
-99.00
0.09
-99.00
-99.00
0.11
-99.00
-99.00
-99.00
-99.00
-99.00
-99.00
-99.00
-99.00
-99.00
2.51
0.64
-99.00
-99.00
-99.00
-99.00
-99.00
-99.00
-99.00
-99.00
-99.00
-99.00
-99.00
-99.00
-99.00
1.45
2.44
-99.00
-99.00
-99.00
-99.00
-99.00
-99.00
-99.00
-99.00
-99.00
-99.00
-99.00
-99.00
0.13
0.04
-99.00
-99.00
-99.00
9.12
5.14
0.23
-99.00
-99.00
-99.00
-99.00
-99.00
-99.00
-99.00
-99.00
-99.00
-99.00
-99.00
-99.00
-99.00
-99.00
-99.00
0.84
0.39
-99.00
-99.00
-99.00
0.29
0.95
-99.00
-99.00
-99.00
-99.00
-99.00
-99.00
-99.00
-99.00
-99.00
-99.00
-99.00
-99.00
-99.00
-99.00
-99.00
-99.00
-99.00
-99.00
-99.00
-99.00
-99.00
2.52
0.18
4.55
0.57
0.56
-99.00
-99.00
13.58
30.98
0.27
0.25
0.02
-99.00
-99.00
-99.00
-99.00
-99.00
0.72
3.12
2.12
-99.00
-99.00
-99.00
-99.00
-99.00
-99.00
-99.00
-99.00
-99.00
0.19
1.18
0.19
0.33
3.09
6.19
0.15
-99.00
1.57
3.27
4.05
-99.00
-99.00
-99.00
-99.00
-99.00
-99.00
0.08
4.38
0.58
5.50
10.84
3.14
-99.00
15.74
11.32
27.81
4.41
2.60
7.62
13.64
14.67
3.81
0.44
-99.00
2.36
4.38
-99.00
0.85
8.29
13.70
4.21
21.93
37.62
0.81
0.44
4.83
18.76
9.46
10.71
2.63
11.52
2.62
4.81
1.75
6.99
9.33
12.32
12.59
9.20
6.82
0.78
12.55
1.12
1.60
5.58
7.89
15.86
14.73
7.82
2.21
6.25
8.49
2.40
15.25
15.39
13.69
10.98
0.56
1.83
0.01
2.20
1.94
3.97
0.34
0.07
1.10
45.72
65.94
47.77
29.94
17.42
8.41
18.97
69.29
35.07
35.17
25.21
31.67
12.82
6.12
21.46
42.20
5.89
0.57
1.77
12.36
18.51
21.25
35.57
76.41
36.51
4.73
0.20
6.40
17.02
13.28
9.58
4.04
3.59
9.26
10.29
5.01
13.22
15.21
8.44
1.53
1.26
10.75
17.45
33.85
31.88
29.67
14.87
6.13
5.73
12.58
17.44
11.99
7.54
17.91
2.98
5.34
3.44
12.27
9.55
10.85
14.28
7.07
10.32
22.39
26.04
31.94
2.19
4.84
8.09
9.65
15.23
10.86
2.40
7.45
11.54
7.24
2.09
1.66
32.14
20.39
12.38
11.48
4.72
6.10
6.96
8.37
20.45
18.46
16.13
9.57
29.71
21.32
8.52
7.23
20.67
5.34
2.25
1.51
0.04
6.14
6.57
6.66
10.36
7.56
1.62
4.65
9.38
16.88
16.31
21.17
12.72
45.76
24.73
20.02
4.16
-99.00
0.30
5.34
29.26
8.22
11.66
33.08
20.44
10.55
10.05
16.68
13.61
9.73
12.07
2.11
-99.00
-99.00
0.05
-99.00
-99.00
-99.00
-99.00
2.71
-99.00
-99.00
-99.00
0.19
0.77
17.73
10.89
6.29
4.05
9.22
7.98
1.58
0.01
0.14
-99.00
-99.00
-99.00
0.68
-99.00
0.08
-99.00
-99.00
-99.00
-99.00
0.08
0.27
0.77
0.28
-99.00
-99.00
-99.00
-99.00
-99.00
0.13
-99.00
-99.00
-99.00
-99.00
0.09
0.02
2.37
0.16
-99.00
-99.00
-99.00
-99.00
-99.00
-99.00
-99.00
-99.00
-99.00
-99.00
-99.00
-99.00
-99.00
-99.00
-99.00
-99.00
-99.00
-99.00
-99.00
-99.00
-99.00
-99.00
-99.00
-99.00
-99.00
-99.00
-99.00
-99.00
0.68
-99.00
-99.00
-99.00
-99.00
-99.00
-99.00
-99.00
0.41
3.44
4.72
0.39
-99.00
-99.00
-99.00
-99.00
-99.00
-99.00
-99.00
-99.00
-99.00
-99.00
-99.00
-99.00
-99.00
-99.00
-99.00
0.62
4.75
1.49
-99.00
-99.00
-99.00
-99.00
-99.00
-99.00
-99.00
-99.00
-99.00
-99.00
-99.00
-99.00
-99.00
-99.00
0.10
0.11
-99.00
-99.00
-99.00
1.65
-99.00
-99.00
-99.00
-99.00
-99.00
-99.00
1.01
0.76
2.03
3.20
-99.00
-99.00
-99.00
0.07
-99.00
-99.00
-99.00
-99.00
-99.00
-99.00
-99.00
-99.00
-99.00
-99.00
-99.00
-99.00
-99.00
0.40
1.87
0.09
0.72
-99.00
0.03
-99.00
-99.00
0.91
5.65
2.67
-99.00
-99.00
0.13
0.13
0.89
-99.00
-99.00
-99.00
0.19
0.04
-99.00
-99.00
-99.00
-99.00
5.54
2.99
0.76
17.57
9.99
3.15
1.75
1.13
14.23
38.42
28.79
33.33
23.45
22.25
13.42
11.09
9.46
8.10
50.35
35.49
20.07
4.45
0.56
-99.00
33.90
19.25
16.53
10.74
2.11
7.31
4.31
8.53
4.85
16.89
17.42
20.49
41.69
16.97
1.85
-99.00
6.80
1.43
15.84
1.67
1.39
28.46
11.44
19.54
4.92
6.30
1.36
2.43
7.26
0.65
-99.00
1.20
1.39
1.58
0.15
1.09
1.55
2.67
2.90
7.51
0.47
0.71
-99.00
0.34
0.26
1.26
5.91
28.43
18.35
3.06
28.01
22.15
5.39
19.09
18.98
5.87
12.50
12.04
6.66
2.81
0.53
4.16
7.85
5.32
7.11
9.78
22.06
56.36
10.34
3.12
8.03
15.46
15.62
14.50
9.36
9.52
6.44
10.08
10.90
13.00
6.73
8.32
1.81
3.14
15.37
16.10
2.42
14.45
5.87
17.13
30.01
12.28
19.14
23.47
22.87
15.88
4.50
5.55
9.93
15.78
18.09
14.74
6.15
5.47
3.88
0.82
14.43
8.00
3.59
10.71
11.32
36.60
26.16
6.09
1.37
26.76
44.08
28.96
10.94
18.59
8.54
21.22
9.26
19.03
16.52
2.88
1.50
0.39
1.21
3.30
9.19
36.38
45.19
14.94
0.13
4.79
1.92
8.09
20.83
12.76
25.75
14.68
6.73
20.50
9.90
9.99
8.26
17.06
4.52
1.87
14.48
9.45
3.88
0.40
3.66
15.52
42.63
48.98
5.48
5.54
61.44
50.28
13.35
4.23
7.96
22.56
44.57
100.22
111.66
22.71
0.67
0.26
3.70
10.21
5.71
7.87
0.54
0.97
-99.00
-99.00
-99.00
-99.00
-99.00
-99.00
-99.00
-99.00
-99.00
-99.00
-99.00
-99.00
1.82
0.85
0.56
0.68
-99.00
0.98
3.02
0.50
17.78
76.93
68.83
0.07
-99.00
-99.00
-99.00
-99.00
-99.00
-99.00
-99.00
-99.00
-99.00
-99.00
-99.00
0.09
-99.00
-99.00
-99.00
-99.00
-99.00
-99.00
-99.00
-99.00
-99.00
-99.00
-99.00
-99.00
-99.00
-99.00
-99.00
-99.00
-99.00
0.28
0.19
0.07
0.12
0.39
-99.00
-99.00
-99.00
-99.00
-99.00
0.08
0.06
-99.00
-99.00
-99.00
-99.00
-99.00
-99.00
0.24
-99.00
-99.00
1.23
-99.00
-99.00
-99.00
-99.00
-99.00
-99.00
1.85
0.17
-99.00
0.77
0.85
0.45
-99.00
-99.00
-99.00
-99.00
-99.00
-99.00
-99.00
-99.00
-99.00
-99.00
-99.00
-99.00
-99.00
-99.00
-99.00
-99.00
0.17
-99.00
-99.00
0.25
-99.00
1.50
2.69
0.06
-99.00
-99.00
-99.00
-99.00
1.09
-99.00
-99.00
-99.00
-99.00
-99.00
0.33
0.13
-99.00
-99.00
-99.00
-99.00
-99.00
-99.00
-99.00
-99.00
0.45
0.63
-99.00
-99.00
-99.00
0.48
0.19
0.17
0.01
9.96
10.70
6.03
5.98
19.14
17.45
0.55
0.16
0.07
2.97
5.49
0.59
0.34
5.45
1.90
1.12
-99.00
0.27
0.05
-99.00
-99.00
0.61
-99.00
1.43
2.52
6.37
6.19
11.24
3.85
6.86
3.01
6.12
14.79
49.78
6.99
3.33
0.73
1.25
5.52
7.29
0.40
2.07
2.10
1.48
-99.00
3.72
23.91
36.01
71.36
21.06
0.47
9.54
14.32
6.18
14.68
7.06
12.13
3.81
2.20
3.47
13.98
5.01
20.82
13.78
0.07
-99.00
0.06
1.85
0.61
0.27
2.39
12.97
29.21
6.77
6.95
11.20
13.51
25.44
29.09
2.00
2.38
1.12
2.32
6.83
2.45
3.62
7.60
17.16
32.38
78.12
64.57
18.90
11.52
9.07
17.07
19.34
22.09
29.68
12.33
8.79
3.58
2.31
3.43
9.73
21.34
10.20
6.36
5.97
20.84
25.83
9.91
12.22
10.16
7.13
12.20
41.54
39.72
28.10
3.15
6.82
11.90
15.41
10.53
5.49
7.92
4.47
4.91
3.45
4.71
11.04
7.77
2.40
20.59
7.60
4.44
7.72
10.94
28.72
50.16
54.25
39.07
20.04
17.37
30.16
68.56
108.98
40.84
5.95
4.09
2.68
3.26
5.81
5.08
7.79
10.92
17.51
23.41
27.15
8.07
3.57
34.86
18.10
2.36
1.59
8.59
32.76
23.26
11.35
17.74
38.39
32.97
48.30
39.95
14.23
4.03
4.04
7.08
5.31
4.35
15.06
32.62
7.12
9.07
6.41
4.66
3.50
9.29
4.67
11.93
12.10
11.94
11.52
4.54
4.74
3.36
11.99
1.69
8.92
8.07
6.62
41.36
89.71
52.17
29.28
22.79
5.31
3.85
0.10
-99.00
0.15
0.54
0.15
1.72
9.24
22.38
10.51
26.91
19.06
0.29
0.41
-99.00
-99.00
-99.00
2.20
3.36
13.54
29.20
16.75
0.34
-99.00
-99.00
-99.00
-99.00
-99.00
-99.00
-99.00
-99.00
-99.00
-99.00
-99.00
0.18
0.03
-99.00
-99.00
-99.00
-99.00
-99.00
-99.00
-99.00
0.02
0.11
1.91
20.24
12.11
-99.00
-99.00
-99.00
-99.00
-99.00
-99.00
-99.00
-99.00
-99.00
-99.00
-99.00
-99.00
-99.00
-99.00
-99.00
-99.00
-99.00
-99.00
-99.00
-99.00
-99.00
0.72
0.02
-99.00
-99.00
0.17
7.61
6.46
-99.00
-99.00
-99.00
-99.00
-99.00
-99.00
-99.00
-99.00
-99.00
-99.00
-99.00
-99.00
-99.00
-99.00
-99.00
-99.00
-99.00
-99.00
-99.00
-99.00
-99.00
-99.00
-99.00
-99.00
-99.00
0.14
-99.00
-99.00
-99.00
-99.00
-99.00
0.79
-99.00
-99.00
-99.00
-99.00
-99.00
-99.00
-99.00
-99.00
-99.00
-99.00
-99.00
-99.00
-99.00
-99.00
-99.00
-99.00
-99.00
-99.00
-99.00
-99.00
-99.00
-99.00
-99.00
-99.00
-99.00
-99.00
-99.00
-99.00
-99.00
0.18
0.36
9.88
1.30
2.64
-99.00
-99.00
-99.00
3.44
11.56
7.11
5.83
3.84
-99.00
0.46
12.42
10.11
6.73
0.08
-99.00
-99.00
-99.00
9.47
0.07
5.54
4.43
11.30
2.83
18.83
27.26
8.76
-99.00
-99.00
1.40
5.75
2.83
0.06
-99.00
-99.00
-99.00
-99.00
-99.00
0.62
0.59
-99.00
-99.00
-99.00
-99.00
0.43
-99.00
0.01
-99.00
0.49
0.06
-99.00
-99.00
2.58
1.68
2.51
17.75
22.87
7.48
8.35
6.49
9.92
27.98
27.47
16.42
0.20
0.62
0.49
9.67
5.18
4.91
25.01
16.14
3.53
7.85
0.54
10.32
3.79
4.22
11.27
10.25
11.54
62.16
50.83
48.77
28.98
19.03
6.75
13.07
5.86
5.12
13.22
23.01
72.46
55.98
74.98
28.99
37.28
62.64
48.85
15.40
75.37
77.65
21.28
0.43
0.19
0.82
3.52
0.33
3.10
14.86
3.84
15.90
8.44
3.00
7.50
13.38
11.17
10.46
6.10
4.69
14.47
8.88
25.29
18.03
22.21
28.83
48.42
113.80
125.64
133.56
18.43
4.55
8.04
18.02
28.40
21.00
11.25
62.15
110.04
70.51
75.92
42.57
13.29
8.65
20.66
6.02
24.06
26.12
18.54
7.31
12.16
7.03
15.11
5.28
3.38
7.92
11.79
6.40
5.48
2.59
1.94
2.69
9.63
11.37
0.35
0.85
8.56
8.51
11.14
11.60
6.94
10.92
16.77
7.36
30.33
30.47
41.95
80.52
127.92
41.59
17.40
28.51
18.25
18.51
5.38
9.45
13.51
17.45
22.92
23.16
22.32
21.15
36.92
12.84
9.06
4.75
15.77
6.89
16.53
46.56
43.97
14.39
14.20
30.40
40.49
26.56
17.23
22.55
20.78
4.92
0.65
0.59
0.50
0.09
1.10
2.79
9.06
1.17
0.53
1.73
17.79
14.54
4.25
14.98
5.98
0.72
5.28
2.42
20.76
21.59
24.41
23.31
24.60
-99.00
-99.00
0.03
0.07
0.59
7.08
6.02
0.03
-99.00
-99.00
14.36
55.67
31.84
2.16
-99.00
-99.00
-99.00
-99.00
-99.00
-99.00
-99.00
-99.00
-99.00
-99.00
-99.00
-99.00
-99.00
-99.00
-99.00
0.22
0.01
0.44
-99.00
-99.00
-99.00
-99.00
-99.00
-99.00
-99.00
-99.00
-99.00
-99.00
-99.00
-99.00
-99.00
-99.00
-99.00
-99.00
-99.00
-99.00
8.19
32.52
40.52
51.26
9.33
-99.00
0.03
-99.00
-99.00
-99.00
-99.00
-99.00
-99.00
-99.00
-99.00
-99.00
-99.00
-99.00
-99.00
-99.00
-99.00
-99.00
-99.00
-99.00
-99.00
-99.00
-99.00
-99.00
-99.00
-99.00
-99.00
-99.00
-99.00
-99.00
-99.00
-99.00
-99.00
0.07
2.81
0.29
0.15
-99.00
-99.00
0.06
-99.00
-99.00
-99.00
0.04
-99.00
-99.00
-99.00
-99.00
-99.00
0.01
-99.00
-99.00
-99.00
0.09
0.27
-99.00
-99.00
-99.00
-99.00
-99.00
-99.00
-99.00
-99.00
-99.00
-99.00
-99.00
-99.00
-99.00
6.65
-99.00
-99.00
-99.00
-99.00
0.02
-99.00
1.61
1.73
-99.00
0.94
1.58
18.42
14.46
1.45
-99.00
0.16
-99.00
-99.00
-99.00
-99.00
-99.00
-99.00
-99.00
-99.00
-99.00
-99.00
-99.00
-99.00
-99.00
-99.00
-99.00
0.02
1.05
0.10
-99.00
0.28
1.89
1.63
1.72
-99.00
6.62
2.29
1.00
0.07
-99.00
-99.00
-99.00
-99.00
-99.00
-99.00
1.92
0.07
1.06
9.27
1.90
-99.00
1.09
-99.00
-99.00
-99.00
-99.00
0.01
7.86
9.27
9.25
1.12
0.82
2.97
1.78
4.10
6.37
3.59
-99.00
7.58
-99.00
5.69
13.18
18.77
31.39
38.95
40.09
17.76
9.38
22.22
20.41
16.16
5.68
3.44
-99.00
0.76
0.58
0.11
-99.00
0.73
7.29
1.94
21.12
17.10
9.59
2.17
-99.00
15.51
15.38
20.39
5.82
2.96
3.84
6.51
6.31
43.18
60.34
16.32
2.18
10.89
20.45
21.98
18.58
33.84
39.55
48.51
9.24
2.47
-99.00
12.77
29.16
8.27
28.36
44.96
95.39
19.14
4.87
13.79
11.13
9.77
6.57
3.51
5.64
6.15
18.00
4.54
10.62
13.16
13.82
28.60
54.08
36.76
27.60
26.72
5.76
7.78
9.13
5.55
22.29
32.85
21.36
19.21
20.20
12.52
5.09
10.08
18.36
8.73
9.91
16.28
2.44
4.75
6.62
3.59
7.48
6.51
36.91
119.26
123.36
6.41
12.13
3.75
10.58
14.55
34.69
39.45
17.95
12.28
2.18
12.13
35.40
29.09
6.94
3.34
6.34
7.07
22.15
8.23
13.91
3.05
11.86
9.46
12.74
9.80
4.07
8.32
8.59
7.00
18.18
16.44
16.84
5.13
14.42
2.58
36.49
32.26
12.21
3.93
10.96
14.46
45.73
50.06
10.52
29.63
10.89
1.05
3.81
7.26
32.40
30.68
6.23
8.80
10.31
17.19
7.77
15.71
13.68
12.30
19.83
11.23
6.01
2.37
2.02
-99.00
1.21
12.10
11.58
17.70
25.68
66.96
32.95
12.09
4.60
1.75
0.34
-99.00
0.52
4.31
44.24
49.17
-99.00
0.37
0.27
-99.00
0.08
0.31
0.55
1.65
-99.00
-99.00
-99.00
5.64
2.69
0.76
0.15
0.31
0.31
1.37
-99.00
-99.00
-99.00
-99.00
-99.00
-99.00
-99.00
-99.00
-99.00
-99.00
-99.00
-99.00
-99.00
-99.00
-99.00
0.71
-99.00
-99.00
-99.00
-99.00
-99.00
-99.00
0.27
-99.00
-99.00
-99.00
-99.00
-99.00
-99.00
-99.00
-99.00
-99.00
-99.00
-99.00
-99.00
-99.00
-99.00
-99.00
-99.00
-99.00
0.14
-99.00
-99.00
-99.00
-99.00
-99.00
0.04
-99.00
0.20
1.00
1.27
-99.00
-99.00
-99.00
-99.00
-99.00
-99.00
-99.00
-99.00
-99.00
-99.00
-99.00
-99.00
-99.00
-99.00
0.12
-99.00
-99.00
-99.00
-99.00
0.12
0.07
-99.00
-99.00
0.01
-99.00
-99.00
-99.00
-99.00
-99.00
-99.00
-99.00
-99.00
-99.00
1.24
-99.00
-99.00
-99.00
-99.00
-99.00
-99.00
1.05
-99.00
-99.00
-99.00
-99.00
-99.00
0.60
-99.00
0.52
1.94
0.53
1.28
-99.00
0.31
2.97
6.25
11.44
0.29
0.85
2.10
1.67
0.08
0.02
0.53
8.24
3.45
-99.00
-99.00
-99.00
-99.00
0.52
0.04
0.01
0.36
0.83
1.35
0.05
1.18
-99.00
-99.00
-99.00
-99.00
9.25
17.49
25.00
30.45
44.74
41.00
4.35
0.19
1.64
3.32
1.17
0.95
18.67
12.41
1.93
9.01
5.28
0.52
5.98
19.54
24.32
5.99
3.41
4.72
2.80
9.97
3.38
40.18
11.08
36.15
24.09
44.08
22.64
13.10
21.32
15.50
12.65
3.80
3.10
23.95
19.47
0.02
3.82
3.11
4.75
0.65
2.30
1.80
2.35
0.99
15.65
8.54
4.65
3.70
18.12
51.80
69.80
18.46
-99.00
-99.00
1.79
25.34
6.43
9.75
2.47
12.31
21.88
15.21
48.16
81.63
31.49
4.55
29.42
47.59
37.03
22.56
3.04
33.92
18.32
15.21
39.86
55.79
21.46
7.90
2.62
5.30
15.62
9.88
8.45
9.21
10.00
9.92
6.99
12.33
12.53
24.83
11.31
5.25
7.81
9.18
7.06
6.39
9.43
7.87
7.91
19.46
23.70
16.13
5.86
3.19
17.89
43.24
16.93
9.91
5.90
9.13
2.90
2.49
4.78
7.34
4.54
2.56
3.29
4.86
4.94
11.11
12.28
12.66
29.78
31.83
50.40
27.83
16.38
16.42
28.74
21.43
16.27
5.24
6.58
11.44
11.42
6.66
6.19
14.81
7.89
28.15
11.38
19.50
13.86
11.56
8.53
6.06
0.13
0.79
3.04
0.92
3.61
15.76
12.49
28.52
25.47
15.50
10.07
6.15
6.12
11.93
6.97
6.28
9.90
4.81
7.56
7.08
15.42
10.11
4.09
16.20
29.07
18.80
4.92
9.91
7.88
41.01
56.27
10.00
2.04
4.09
4.52
5.60
18.33
24.51
29.69
26.60
31.15
30.97
13.99
13.50
23.18
6.42
3.08
2.21
-99.00
17.58
62.14
70.56
49.95
7.92
-99.00
-99.00
-99.00
0.57
15.41
-99.00
-99.00
-99.00
-99.00
-99.00
-99.00
-99.00
-99.00
-99.00
-99.00
-99.00
-99.00
-99.00
-99.00
-99.00
-99.00
-99.00
-99.00
18.10
20.89
10.21
3.72
0.58
2.89
3.32
1.55
2.06
-99.00
-99.00
-99.00
-99.00
-99.00
-99.00
-99.00
-99.00
-99.00
-99.00
-99.00
-99.00
-99.00
-99.00
-99.00
-99.00
-99.00
-99.00
-99.00
-99.00
-99.00
-99.00
-99.00
-99.00
-99.00
-99.00
-99.00
-99.00
-99.00
-99.00
-99.00
-99.00
-99.00
-99.00
0.20
10.95
5.83
-99.00
-99.00
-99.00
-99.00
-99.00
-99.00
-99.00
-99.00
-99.00
-99.00
-99.00
-99.00
-99.00
1.46
10.95
4.58
-99.00
-99.00
-99.00
-99.00
-99.00
-99.00
-99.00
0.03
0.04
-99.00
-99.00
-99.00
-99.00
-99.00
-99.00
-99.00
-99.00
-99.00
-99.00
-99.00
-99.00
-99.00
-99.00
-99.00
-99.00
-99.00
-99.00
4.23
11.91
14.21
23.68
0.03
1.81
-99.00
0.12
0.29
-99.00
-99.00
0.26
0.73
-99.00
-99.00
-99.00
-99.00
-99.00
-99.00
-99.00
-99.00
-99.00
-99.00
-99.00
-99.00
2.24
1.19
3.43
3.84
0.21
0.14
-99.00
1.23
0.49
0.40
-99.00
-99.00
1.79
0.57
1.89
2.26
0.95
-99.00
0.28
-99.00
-99.00
-99.00
1.27
0.19
-99.00
-99.00
2.21
1.76
-99.00
-99.00
0.18
9.20
8.26
25.10
20.96
35.33
54.54
31.33
47.79
10.84
4.04
4.41
5.35
7.68
10.19
-99.00
-99.00
1.02
11.68
2.28
1.76
-99.00
-99.00
-99.00
1.42
3.05
5.87
12.25
6.61
0.39
0.68
4.81
14.07
21.87
56.28
48.23
73.71
51.87
55.06
65.08
65.08
63.22
52.20
50.23
67.78
24.04
2.08
14.44
16.40
33.47
17.67
63.75
20.83
11.73
23.12
24.89
27.64
38.15
3.27
11.84
4.17
7.19
27.50
25.57
20.61
29.80
65.13
45.80
24.31
33.50
10.85
32.31
37.86
12.30
27.40
14.14
17.26
32.98
37.06
21.05
56.31
17.83
16.25
12.64
11.89
4.47
13.46
25.94
22.36
5.79
4.13
2.95
5.42
6.34
3.71
8.79
7.04
7.51
9.90
12.67
12.16
5.64
4.55
7.24
6.18
7.71
6.07
3.20
3.14
9.89
8.59
21.81
12.98
6.63
6.80
5.05
8.45
6.46
12.99
4.06
3.25
19.07
18.23
13.59
9.34
16.43
38.64
25.17
24.22
11.33
6.82
2.93
5.39
7.31
3.02
7.15
6.33
3.55
5.18
11.77
9.32
5.04
9.93
28.22
6.01
0.46
2.45
1.57
11.03
14.65
6.90
13.00
19.12
23.57
16.62
4.02
18.52
14.37
20.36
58.89
29.55
5.68
17.24
12.58
13.33
13.57
7.63
15.32
11.48
20.35
16.62
18.95
2.88
0.79
14.34
11.78
8.13
18.70
6.27
20.73
26.01
60.07
46.87
7.72
-99.00
0.05
0.23
0.05
-99.00
9.34
20.65
19.29
12.61
9.97
9.17
4.84
-99.00
10.28
14.90
51.80
59.82
26.82
0.96
-99.00
0.25
-99.00
-99.00
-99.00
-99.00
-99.00
-99.00
-99.00
0.57
0.30
3.06
4.67
6.07
30.92
14.89
-99.00
-99.00
-99.00
-99.00
-99.00
-99.00
-99.00
-99.00
-99.00
-99.00
-99.00
-99.00
-99.00
-99.00
-99.00
-99.00
-99.00
-99.00
-99.00
-99.00
-99.00
-99.00
-99.00
-99.00
-99.00
-99.00
-99.00
-99.00
-99.00
-99.00
-99.00
-99.00
-99.00
-99.00
-99.00
-99.00
-99.00
-99.00
-99.00
0.11
-99.00
-99.00
-99.00
-99.00
-99.00
-99.00
-99.00
-99.00
-99.00
-99.00
-99.00
6.41
39.96
35.27
23.29
3.13
0.15
-99.00
-99.00
0.02
-99.00
-99.00
-99.00
0.18
-99.00
-99.00
-99.00
-99.00
-99.00
-99.00
-99.00
-99.00
0.43
-99.00
-99.00
-99.00
-99.00
0.03
-99.00
0.05
1.71
0.01
1.05
0.07
-99.00
-99.00
-99.00
-99.00
-99.00
-99.00
5.90
11.32
4.20
6.75
-99.00
-99.00
-99.00
3.44
5.36
0.73
0.13
-99.00
-99.00
-99.00
7.64
4.74
-99.00
0.44
3.92
-99.00
0.39
1.68
4.48
0.04
0.12
0.49
-99.00
-99.00
2.80
1.53
13.50
12.72
-99.00
-99.00
-99.00
-99.00
0.37
-99.00
-99.00
-99.00
-99.00
-99.00
0.87
1.49
-99.00
3.60
-99.00
4.84
7.93
5.69
6.44
10.02
2.99
-99.00
7.98
0.86
-99.00
-99.00
-99.00
-99.00
-99.00
-99.00
-99.00
-99.00
-99.00
6.11
6.45
6.19
6.82
2.16
0.22
-99.00
0.16
0.31
4.38
3.60
9.76
10.33
4.52
29.84
16.19
6.88
16.95
13.74
11.34
-99.00
0.90
0.03
8.33
3.35
6.30
14.41
8.54
12.60
36.60
16.51
17.15
17.70
7.81
5.01
5.92
1.86
0.03
0.06
1.20
14.19
47.20
45.99
42.36
14.03
0.83
11.96
9.77
1.08
0.67
2.03
4.06
14.28
19.26
8.61
40.56
12.87
2.22
1.17
-99.00
0.02
0.02
0.52
1.32
29.72
46.10
12.77
17.71
11.60
43.67
32.64
5.05
10.89
3.63
19.91
4.11
5.27
12.58
3.81
5.27
14.03
36.11
44.45
15.21
2.72
1.80
1.17
6.83
22.13
35.14
30.29
20.77
18.24
7.52
11.58
8.56
23.21
11.19
15.93
14.42
4.17
33.70
25.50
17.36
23.16
14.52
13.49
5.96
5.00
3.25
1.44
4.02
10.22
22.69
10.23
3.14
6.33
17.04
21.20
49.12
21.89
5.60
15.02
19.41
33.11
11.96
9.73
6.66
6.52
0.12
1.98
4.78
4.40
10.31
17.47
15.90
7.94
10.50
11.13
6.16
1.33
10.51
14.81
20.46
10.84
11.20
1.22
6.03
2.19
33.72
0.89
2.49
5.86
13.74
5.02
7.25
11.78
20.59
35.82
15.83
5.79
7.41
9.74
6.92
4.24
7.14
2.50
0.92
-99.00
-99.00
0.77
3.09
1.88
17.04
17.01
32.52
23.37
33.44
9.10
1.12
0.10
0.04
0.77
1.06
0.90
0.25
0.32
0.10
3.87
7.66
14.94
29.01
48.97
53.16
13.64
3.72
0.23
0.73
0.78
0.74
0.37
0.47
-99.00
-99.00
-99.00
-99.00
-99.00
-99.00
-99.00
-99.00
0.03
-99.00
-99.00
-99.00
-99.00
-99.00
-99.00
-99.00
-99.00
-99.00
0.05
-99.00
-99.00
-99.00
-99.00
-99.00
-99.00
-99.00
-99.00
-99.00
-99.00
-99.00
0.01
0.38
3.01
-99.00
-99.00
-99.00
0.05
0.60
1.16
1.16
1.32
0.25
-99.00
-99.00
-99.00
-99.00
-99.00
-99.00
-99.00
-99.00
-99.00
-99.00
-99.00
-99.00
-99.00
-99.00
-99.00
-99.00
-99.00
-99.00
-99.00
-99.00
-99.00
-99.00
-99.00
-99.00
-99.00
-99.00
-99.00
-99.00
-99.00
-99.00
-99.00
-99.00
-99.00
0.36
4.54
7.48
5.74
-99.00
-99.00
-99.00
-99.00
-99.00
0.08
-99.00
-99.00
-99.00
-99.00
-99.00
-99.00
-99.00
-99.00
-99.00
-99.00
-99.00
0.62
-99.00
-99.00
0.33
1.88
0.39
-99.00
-99.00
-99.00
-99.00
-99.00
-99.00
-99.00
-99.00
-99.00
0.09
0.38
5.56
5.89
7.69
1.04
26.25
41.04
9.75
4.79
15.47
0.69
-99.00
-99.00
-99.00
-99.00
4.30
0.01
1.07
-99.00
-99.00
-99.00
-99.00
-99.00
-99.00
-99.00
-99.00
-99.00
0.18
2.02
2.84
20.81
5.81
-99.00
-99.00
-99.00
3.72
8.97
6.93
5.27
6.45
0.98
7.97
20.37
-99.00
-99.00
-99.00
-99.00
-99.00
0.16
-99.00
-99.00
-99.00
-99.00
-99.00
0.74
5.38
21.95
20.25
37.93
3.86
4.61
1.54
3.94
3.55
1.21
0.03
1.48
2.81
4.34
1.21
6.66
19.12
2.87
28.54
27.59
7.43
2.78
42.76
14.07
81.32
71.80
60.62
47.12
25.10
5.16
3.98
15.23
52.95
22.16
19.88
4.63
5.99
22.14
48.27
48.58
4.97
3.19
0.45
2.48
0.91
-99.00
0.34
3.65
1.47
3.97
7.23
88.90
31.63
27.55
13.27
26.36
62.38
59.89
97.06
32.52
25.54
29.16
69.00
99.86
44.98
1.94
1.23
5.66
11.80
26.70
47.35
81.32
40.06
14.42
11.80
7.88
10.95
10.95
8.82
4.82
9.31
23.20
19.04
18.28
22.22
10.44
11.90
25.37
22.17
9.64
4.89
22.65
5.14
2.74
14.64
33.70
24.23
29.92
10.19
13.56
23.65
54.97
162.10
152.70
104.17
13.73
4.16
5.46
2.60
1.00
0.39
1.71
5.71
3.52
4.82
7.53
11.34
7.20
11.05
16.28
18.61
35.65
15.91
12.51
26.54
4.62
0.54
2.43
18.99
29.09
11.16
15.99
18.68
13.92
15.26
20.48
13.76
19.95
10.04
9.88
7.91
16.10
23.32
6.45
8.00
33.40
18.20
12.72
5.89
8.16
24.31
18.71
7.65
3.06
0.66
3.04
11.10
38.32
20.82
2.90
1.14
0.65
0.09
1.87
8.50
18.59
10.74
33.68
0.04
11.41
11.77
10.81
55.33
28.63
17.74
4.53
15.31
25.09
9.48
-99.00
1.28
1.53
5.17
2.42
0.68
-99.00
1.23
10.35
12.01
8.58
1.43
0.78
0.09
-99.00
2.10
0.20
1.71
2.87
-99.00
-99.00
-99.00
-99.00
-99.00
-99.00
-99.00
0.91
6.14
0.89
3.31
2.41
0.51
0.20
0.07
-99.00
-99.00
-99.00
0.13
-99.00
0.05
-99.00
-99.00
0.04
0.02
0.67
0.20
0.72
-99.00
-99.00
-99.00
-99.00
-99.00
-99.00
-99.00
-99.00
-99.00
0.11
-99.00
-99.00
-99.00
-99.00
-99.00
-99.00
-99.00
-99.00
-99.00
-99.00
-99.00
-99.00
-99.00
-99.00
-99.00
-99.00
-99.00
-99.00
-99.00
-99.00
0.07
-99.00
-99.00
-99.00
-99.00
-99.00
-99.00
-99.00
-99.00
-99.00
-99.00
-99.00
-99.00
-99.00
-99.00
-99.00
-99.00
-99.00
-99.00
-99.00
-99.00
-99.00
-99.00
-99.00
-99.00
0.02
3.61
13.11
-99.00
-99.00
-99.00
-99.00
-99.00
-99.00
-99.00
-99.00
-99.00
-99.00
-99.00
-99.00
1.30
6.52
3.32
3.67
6.67
0.33
-99.00
2.49
-99.00
-99.00
0.83
10.43
-99.00
-99.00
-99.00
-99.00
-99.00
-99.00
0.14
-99.00
-99.00
-99.00
3.30
21.30
9.32
-99.00
-99.00
-99.00
0.15
-99.00
-99.00
-99.00
0.05
-99.00
-99.00
-99.00
-99.00
-99.00
-99.00
-99.00
-99.00
-99.00
3.76
7.41
2.32
12.58
4.01
1.30
2.47
5.00
7.36
6.59
19.23
30.74
22.68
57.81
34.77
29.60
17.53
20.23
17.49
38.12
59.97
1.38
0.09
1.84
3.04
11.00
0.17
-99.00
-99.00
-99.00
-99.00
-99.00
-99.00
0.15
-99.00
6.72
10.38
8.73
9.06
10.68
12.48
2.98
1.49
9.15
9.95
5.31
-99.00
0.18
0.18
0.45
1.74
-99.00
5.62
10.69
9.25
11.85
14.43
3.76
2.97
9.30
9.64
2.53
13.11
29.96
25.22
27.64
23.86
0.02
1.01
3.00
1.59
19.79
14.40
23.87
7.73
6.75
12.05
12.70
12.08
15.69
51.42
50.66
34.36
19.39
18.35
0.37
0.06
4.31
5.83
10.54
40.39
33.55
14.45
9.63
4.93
6.59
9.26
18.94
4.33
4.04
1.99
6.51
6.62
7.60
7.02
1.28
5.83
18.70
24.58
9.54
9.15
11.84
7.76
2.62
15.62
19.37
13.49
2.83
13.32
17.68
10.34
19.85
8.68
11.97
3.76
5.39
11.89
21.61
2.21
2.80
12.81
7.33
6.37
5.14
7.29
3.87
5.92
23.66
15.34
14.67
12.94
12.18
19.50
4.77
8.72
14.11
6.47
6.60
28.39
48.26
6.92
6.78
14.46
35.69
36.57
33.51
1.39
0.45
10.04
6.79
6.54
2.05
12.64
7.96
16.66
6.53
14.63
9.17
15.67
4.47
20.02
28.49
5.48
4.01
13.44
4.57
0.17
0.18
0.88
1.68
38.91
12.77
8.16
11.59
9.22
12.56
2.86
15.94
37.56
2.29
12.06
11.05
2.59
0.03
0.06
0.02
3.76
-99.00
-99.00
-99.00
-99.00
0.83
5.39
4.45
13.64
35.34
25.19
9.77
18.21
16.57
13.26
28.03
6.81
1.15
2.43
0.43
-99.00
-99.00
-99.00
-99.00
-99.00
-99.00
0.09
0.08
0.12
0.25
-99.00
-99.00
-99.00
-99.00
-99.00
-99.00
-99.00
-99.00
-99.00
0.04
0.10
-99.00
-99.00
-99.00
0.19
0.20
-99.00
2.26
6.58
0.39
-99.00
-99.00
-99.00
-99.00
-99.00
-99.00
-99.00
-99.00
-99.00
-99.00
0.63
3.53
0.06
-99.00
-99.00
0.14
0.58
0.42
0.22
-99.00
-99.00
-99.00
-99.00
-99.00
-99.00
-99.00
-99.00
-99.00
-99.00
-99.00
-99.00
-99.00
-99.00
-99.00
-99.00
-99.00
-99.00
-99.00
-99.00
-99.00
-99.00
-99.00
-99.00
-99.00
-99.00
-99.00
-99.00
-99.00
0.01
0.01
-99.00
-99.00
-99.00
-99.00
-99.00
0.41
7.24
0.73
-99.00
-99.00
0.47
-99.00
-99.00
-99.00
0.02
2.05
-99.00
-99.00
-99.00
-99.00
-99.00
-99.00
-99.00
0.31
-99.00
-99.00
-99.00
-99.00
-99.00
-99.00
-99.00
-99.00
-99.00
0.42
0.37
-99.00
-99.00
0.06
0.25
0.90
0.29
0.96
-99.00
0.08
3.51
1.04
-99.00
2.51
1.00
-99.00
0.69
5.40
16.63
4.36
-99.00
-99.00
0.01
4.47
-99.00
-99.00
-99.00
-99.00
-99.00
-99.00
-99.00
-99.00
-99.00
-99.00
-99.00
-99.00
-99.00
-99.00
-99.00
-99.00
-99.00
-99.00
-99.00
-99.00
-99.00
-99.00
-99.00
-99.00
-99.00
3.93
8.82
1.67
25.00
39.31
3.87
3.20
-99.00
-99.00
-99.00
-99.00
9.08
20.18
16.14
3.12
7.23
4.31
7.73
2.11
8.16
8.54
-99.00
1.75
0.60
0.76
3.34
-99.00
0.09
0.53
0.14
6.00
4.41
4.85
6.61
1.03
9.76
10.91
10.62
6.77
27.70
2.07
3.82
15.31
3.83
5.06
8.51
6.85
4.87
6.66
7.62
57.04
135.11
47.82
6.34
0.75
5.59
6.22
4.13
4.18
7.31
0.14
0.24
-99.00
-99.00
5.12
8.12
3.44
7.73
13.43
8.33
15.08
3.69
4.71
16.11
9.65
14.40
34.72
15.90
74.16
29.48
18.71
38.94
184.99
32.91
93.39
52.63
17.61
13.33
6.04
8.00
3.47
0.26
4.44
2.14
1.96
3.08
3.20
14.40
22.43
45.16
42.24
45.71
37.41
19.51
47.78
63.80
13.70
10.68
9.69
3.83
9.85
5.45
4.76
5.51
18.87
24.68
17.04
8.78
3.46
6.67
15.10
9.80
22.90
27.30
6.99
4.95
6.42
43.59
37.39
8.05
15.21
20.95
10.55
19.52
6.56
5.62
2.72
11.72
53.34
134.52
78.30
31.70
7.46
28.61
21.69
20.61
10.63
14.64
4.14
8.23
16.90
19.38
19.47
2.83
3.61
7.91
7.96
2.96
3.59
25.82
16.08
7.78
7.85
7.41
12.24
5.79
5.16
17.75
18.17
30.82
1.45
1.45
0.24
4.94
19.75
39.56
6.57
5.72
11.14
18.82
25.09
8.57
18.94
38.21
17.00
6.21
18.50
7.60
12.20
8.02
3.02
1.21
23.77
0.26
6.09
16.16
25.35
-99.00
0.20
0.17
0.69
-99.00
0.06
-99.00
1.30
5.09
2.14
0.02
0.18
0.59
0.80
-99.00
-99.00
-99.00
-99.00
-99.00
-99.00
0.30
0.39
0.76
4.56
0.28
-99.00
-99.00
-99.00
-99.00
-99.00
3.39
45.85
32.19
4.38
-99.00
-99.00
-99.00
-99.00
-99.00
0.69
3.91
2.24
-99.00
-99.00
-99.00
0.53
7.27
6.76
-99.00
-99.00
-99.00
-99.00
-99.00
-99.00
-99.00
-99.00
-99.00
-99.00
-99.00
-99.00
-99.00
-99.00
-99.00
-99.00
-99.00
-99.00
-99.00
-99.00
-99.00
-99.00
-99.00
-99.00
-99.00
-99.00
-99.00
0.03
0.05
0.01
-99.00
-99.00
-99.00
-99.00
-99.00
-99.00
0.06
0.02
-99.00
-99.00
-99.00
0.09
0.08
-99.00
-99.00
-99.00
0.03
-99.00
-99.00
-99.00
0.02
0.57
-99.00
-99.00
-99.00
-99.00
-99.00
-99.00
-99.00
-99.00
-99.00
-99.00
-99.00
-99.00
-99.00
-99.00
-99.00
-99.00
-99.00
-99.00
-99.00
-99.00
-99.00
-99.00
-99.00
-99.00
-99.00
0.13
0.95
-99.00
-99.00
-99.00
-99.00
-99.00
-99.00
0.22
8.06
16.97
19.47
0.01
1.20
2.20
0.75
1.27
-99.00
-99.00
-99.00
-99.00
-99.00
-99.00
-99.00
-99.00
0.16
4.74
-99.00
0.79
5.89
10.03
7.58
11.36
5.20
4.90
-99.00
-99.00
-99.00
-99.00
1.24
4.04
5.14
3.38
6.69
14.59
4.42
29.87
23.91
29.23
11.90
-99.00
-99.00
1.51
-99.00
1.00
-99.00
0.65
0.39
-99.00
5.97
-99.00
-99.00
0.14
-99.00
-99.00
-99.00
-99.00
12.78
13.86
4.33
15.19
11.06
44.10
22.66
21.52
0.96
-99.00
2.38
3.72
17.36
19.99
14.73
8.79
7.08
6.62
2.59
1.76
7.12
20.69
22.78
31.66
20.61
51.43
12.86
21.35
14.24
3.26
7.96
2.80
12.90
0.73
2.40
1.35
4.28
2.68
26.31
32.76
28.30
43.40
23.56
53.62
37.46
33.00
31.53
8.94
14.28
21.07
18.88
4.93
3.43
4.58
12.81
3.12
0.29
10.78
0.36
5.17
3.41
27.33
18.68
25.17
19.95
21.50
25.74
51.86
12.40
23.93
12.79
8.31
18.05
66.65
99.70
42.39
30.47
14.14
9.60
9.35
3.06
11.81
7.84
27.04
24.29
8.11
18.00
35.09
16.54
12.38
9.45
10.52
17.86
22.51
14.84
5.19
15.02
17.73
13.29
11.98
6.09
5.75
31.02
21.07
14.45
31.17
7.04
10.58
19.14
6.02
6.91
4.56
6.15
3.75
7.84
4.67
18.64
8.61
23.53
9.19
14.87
12.83
14.46
3.61
14.47
14.18
1.01
1.81
0.07
0.09
0.43
1.10
8.67
18.92
17.14
10.57
13.25
2.65
15.73
11.28
12.40
25.15
5.08
2.73
0.23
0.97
1.25
-99.00
0.20
2.38
0.53
3.74
32.76
23.03
5.96
26.39
36.12
10.64
7.40
4.27
8.80
28.47
9.82
1.57
0.88
2.83
0.34
9.04
12.88
14.22
53.40
19.67
-99.00
0.15
-99.00
-99.00
-99.00
-99.00
-99.00
-99.00
-99.00
-99.00
-99.00
-99.00
-99.00
-99.00
-99.00
-99.00
-99.00
-99.00
1.17
4.39
35.99
69.28
37.26
4.27
-99.00
-99.00
-99.00
-99.00
-99.00
-99.00
0.33
-99.00
-99.00
-99.00
-99.00
-99.00
-99.00
-99.00
-99.00
-99.00
-99.00
-99.00
-99.00
-99.00
-99.00
-99.00
-99.00
-99.00
-99.00
-99.00
-99.00
-99.00
-99.00
-99.00
-99.00
-99.00
0.02
-99.00
-99.00
-99.00
-99.00
-99.00
-99.00
-99.00
-99.00
-99.00
-99.00
-99.00
-99.00
-99.00
-99.00
-99.00
-99.00
-99.00
-99.00
-99.00
-99.00
-99.00
-99.00
-99.00
-99.00
-99.00
-99.00
-99.00
-99.00
-99.00
-99.00
-99.00
-99.00
-99.00
-99.00
-99.00
-99.00
-99.00
-99.00
-99.00
-99.00
-99.00
-99.00
-99.00
0.24
0.89
0.21
-99.00
-99.00
0.82
0.76
0.56
0.21
-99.00
-99.00
-99.00
-99.00
-99.00
-99.00
-99.00
2.42
0.48
0.27
2.02
0.89
-99.00
-99.00
-99.00
-99.00
-99.00
0.06
-99.00
-99.00
-99.00
-99.00
-99.00
0.16
1.63
4.34
6.09
2.37
0.27
-99.00
0.20
-99.00
1.13
2.47
1.01
0.25
0.25
-99.00
-99.00
-99.00
-99.00
-99.00
-99.00
-99.00
-99.00
-99.00
3.00
-99.00
7.38
8.41
5.93
13.83
-99.00
6.43
2.50
0.57
11.55
1.32
0.10
0.06
1.64
0.03
2.32
2.01
5.60
4.16
4.33
18.53
1.77
0.73
1.66
1.08
1.26
3.22
1.61
2.59
7.24
3.64
2.46
-99.00
1.34
11.44
15.72
6.42
2.41
2.36
5.92
6.04
16.37
0.69
2.09
2.71
0.69
1.33
2.85
5.77
5.59
5.77
12.90
14.71
4.30
11.43
13.62
3.13
9.76
15.92
19.81
7.92
11.91
4.95
4.07
5.75
0.69
0.02
2.37
26.83
32.62
26.35
34.44
10.60
4.79
3.72
13.17
18.86
6.29
9.24
26.74
34.53
35.42
9.08
16.69
16.49
29.60
32.50
3.55
5.49
3.37
19.85
8.37
13.35
14.48
13.15
22.01
11.18
29.01
4.52
20.88
15.72
8.28
43.26
19.01
14.77
8.12
31.66
34.08
31.43
24.05
26.12
4.67
10.30
5.06
6.27
5.44
13.42
13.72
43.56
128.91
77.63
81.92
25.54
8.67
3.15
4.34
9.91
0.90
6.09
11.82
14.89
13.18
3.93
9.93
8.00
9.08
36.71
19.65
31.84
13.27
12.66
13.93
1.35
2.13
3.58
4.94
10.55
11.34
12.65
14.66
23.45
30.49
30.47
20.77
17.99
9.60
7.31
6.95
7.68
14.96
18.22
7.21
3.29
1.85
0.78
2.91
0.45
0.02
1.57
15.07
16.15
17.29
3.79
4.11
9.71
33.06
36.23
31.48
13.12
9.51
5.09
1.10
8.02
32.46
39.57
21.93
15.63
22.33
16.35
36.22
34.11
15.08
2.88
5.97
32.33
8.24
8.54
17.57
42.34
21.05
15.18
23.18
3.92
1.64
0.21
0.17
-99.00
-99.00
4.24
4.01
7.73
3.41
1.14
-99.00
-99.00
-99.00
0.11
0.02
0.02
0.04
0.02
1.04
-99.00
-99.00
-99.00
-99.00
-99.00
0.19
-99.00
-99.00
-99.00
-99.00
0.01
-99.00
-99.00
-99.00
-99.00
-99.00
-99.00
0.09
-99.00
-99.00
0.14
7.47
7.54
-99.00
-99.00
-99.00
0.12
-99.00
-99.00
-99.00
-99.00
-99.00
-99.00
-99.00
-99.00
-99.00
-99.00
-99.00
-99.00
-99.00
-99.00
0.41
0.58
-99.00
-99.00
-99.00
-99.00
-99.00
-99.00
1.10
12.36
16.65
-99.00
-99.00
0.52
1.30
-99.00
-99.00
-99.00
-99.00
-99.00
-99.00
-99.00
-99.00
-99.00
-99.00
-99.00
-99.00
-99.00
-99.00
-99.00
-99.00
-99.00
-99.00
-99.00
-99.00
-99.00
-99.00
-99.00
0.06
-99.00
-99.00
-99.00
-99.00
0.48
0.95
-99.00
-99.00
0.12
-99.00
0.55
0.77
9.15
5.78
-99.00
-99.00
-99.00
-99.00
-99.00
0.08
0.57
-99.00
-99.00
-99.00
-99.00
-99.00
-99.00
0.61
-99.00
-99.00
-99.00
-99.00
-99.00
-99.00
-99.00
-99.00
-99.00
-99.00
-99.00
0.17
4.17
7.74
3.81
0.01
0.14
0.15
0.08
0.71
2.27
6.73
-99.00
-99.00
-99.00
-99.00
-99.00
0.07
0.07
5.11
8.78
0.02
0.01
0.01
-99.00
0.11
1.69
1.43
-99.00
-99.00
-99.00
-99.00
-99.00
1.33
7.08
42.35
39.35
20.21
8.11
0.83
0.38
0.04
4.02
10.37
-99.00
1.96
-99.00
-99.00
5.87
23.92
12.89
0.30
1.29
11.42
7.32
2.70
6.24
2.21
0.96
3.26
2.79
8.88
8.33
4.99
23.62
30.07
29.75
10.12
0.84
6.00
2.81
1.31
3.72
6.02
3.05
6.68
1.91
0.20
3.65
13.43
12.48
15.49
2.99
17.97
1.62
0.12
0.39
-99.00
0.02
4.55
4.20
1.72
1.49
1.75
13.34
8.83
24.35
54.84
15.97
6.08
2.98
4.67
11.33
11.43
46.52
38.64
45.10
23.33
4.15
25.29
32.70
42.72
46.58
77.18
20.11
24.33
6.78
5.19
10.04
16.69
7.97
18.42
23.37
11.04
11.81
5.28
18.41
9.37
13.06
6.44
2.03
11.38
13.58
10.69
7.63
27.54
13.80
10.68
10.97
14.67
22.39
13.80
15.99
12.76
7.74
23.68
22.66
54.72
66.96
19.96
13.53
18.91
16.64
12.80
38.29
36.41
71.82
39.63
9.87
9.96
29.40
26.23
38.80
16.48
4.06
10.78
3.32
18.39
31.02
18.68
4.27
15.35
12.13
5.07
18.40
22.93
15.09
15.64
17.02
15.19
16.92
8.15
32.77
29.97
14.02
4.73
2.36
1.53
13.06
26.43
16.35
30.05
15.56
26.93
17.99
24.16
25.52
17.78
22.84
11.58
14.55
9.90
12.17
2.47
2.14
7.69
12.45
11.16
6.98
12.24
13.26
2.24
8.85
11.09
1.43
1.67
1.89
2.60
0.95
0.34
0.28
2.59
0.02
0.91
6.30
3.58
2.55
0.22
1.57
2.35
5.29
0.10
-99.00
0.07
0.12
0.02
0.06
1.25
2.81
1.05
22.89
2.44
13.14
16.14
15.33
9.31
10.65
17.90
8.17
0.65
-99.00
0.07
0.01
0.03
-99.00
1.88
2.68
3.84
2.33
0.03
-99.00
-99.00
-99.00
-99.00
-99.00
0.40
-99.00
-99.00
0.15
-99.00
-99.00
-99.00
-99.00
-99.00
-99.00
-99.00
-99.00
-99.00
1.26
18.70
19.51
19.31
7.34
-99.00
-99.00
-99.00
-99.00
-99.00
-99.00
-99.00
-99.00
-99.00
-99.00
-99.00
-99.00
-99.00
0.01
-99.00
-99.00
-99.00
-99.00
-99.00
-99.00
-99.00
-99.00
-99.00
-99.00
-99.00
-99.00
-99.00
-99.00
-99.00
-99.00
-99.00
-99.00
-99.00
-99.00
-99.00
-99.00
-99.00
-99.00
-99.00
-99.00
-99.00
-99.00
-99.00
-99.00
-99.00
-99.00
0.51
-99.00
-99.00
-99.00
-99.00
-99.00
-99.00
-99.00
-99.00
-99.00
-99.00
-99.00
-99.00
-99.00
-99.00
-99.00
-99.00
-99.00
-99.00
-99.00
-99.00
-99.00
-99.00
-99.00
-99.00
-99.00
-99.00
-99.00
-99.00
-99.00
-99.00
-99.00
-99.00
-99.00
-99.00
-99.00
-99.00
-99.00
-99.00
-99.00
-99.00
-99.00
-99.00
-99.00
-99.00
-99.00
-99.00
-99.00
-99.00
-99.00
-99.00
-99.00
-99.00
-99.00
-99.00
-99.00
-99.00
-99.00
-99.00
-99.00
0.66
1.81
0.69
-99.00
-99.00
1.45
2.60
0.85
2.08
-99.00
-99.00
-99.00
-99.00
4.03
9.29
17.43
8.71
-99.00
-99.00
4.16
1.51
-99.00
-99.00
-99.00
-99.00
2.80
3.93
7.05
0.79
0.44
0.10
0.04
0.18
-99.00
10.78
1.72
3.88
1.18
0.74
3.10
0.08
-99.00
1.79
13.39
2.60
5.86
4.28
4.30
9.47
3.67
12.23
13.61
5.26
29.65
81.21
64.39
25.70
7.10
5.22
1.99
11.71
9.69
7.41
38.11
10.06
5.83
1.46
0.37
6.84
11.59
3.71
11.42
14.93
21.30
15.30
15.33
10.52
15.24
27.12
57.43
23.29
35.62
12.82
0.51
-99.00
7.68
9.22
1.83
3.29
4.26
8.69
15.59
11.14
6.28
7.07
8.31
13.93
11.61
4.88
8.28
17.78
7.33
9.52
21.54
38.40
17.69
14.06
12.98
17.99
35.59
63.02
31.79
24.91
6.85
16.69
6.21
4.15
6.93
11.32
31.61
52.57
47.16
24.70
9.03
6.21
25.77
14.15
10.45
22.03
36.18
42.98
16.89
9.40
11.75
15.29
35.34
26.12
28.66
32.95
6.39
3.31
8.22
17.30
11.13
5.72
3.08
7.81
4.07
5.72
9.13
34.86
34.46
18.71
11.92
14.45
14.56
8.02
12.33
11.90
16.72
12.53
2.73
9.15
11.84
7.69
16.96
10.50
8.94
25.24
31.46
17.39
10.54
9.39
6.58
4.33
9.43
10.81
7.67
2.26
10.19
25.85
23.88
17.91
11.45
7.05
12.84
17.48
11.84
26.71
10.44
9.89
9.21
7.41
15.49
11.35
3.34
0.41
-99.00
15.47
3.96
8.62
0.65
6.05
2.45
1.16
0.36
18.28
20.47
29.03
64.71
28.38
6.91
5.27
-99.00
0.04
11.37
0.38
0.58
1.49
9.42
35.71
21.56
37.58
15.73
1.05
0.07
-99.00
-99.00
-99.00
-99.00
0.81
1.87
0.77
0.12
0.13
0.49
1.20
0.31
0.02
-99.00
-99.00
0.18
0.78
0.39
-99.00
0.14
0.08
0.08
0.02
0.02
0.02
0.04
-99.00
0.01
-99.00
-99.00
-99.00
-99.00
-99.00
-99.00
-99.00
-99.00
-99.00
-99.00
-99.00
-99.00
-99.00
-99.00
0.02
0.01
-99.00
-99.00
0.05
-99.00
0.68
0.09
-99.00
-99.00
0.01
0.06
-99.00
-99.00
-99.00
-99.00
-99.00
0.01
-99.00
-99.00
0.03
0.01
-99.00
-99.00
-99.00
-99.00
-99.00
-99.00
-99.00
-99.00
-99.00
-99.00
-99.00
-99.00
-99.00
-99.00
-99.00
-99.00
-99.00
-99.00
-99.00
-99.00
0.04
-99.00
-99.00
-99.00
-99.00
2.93
7.35
9.39
5.40
-99.00
-99.00
-99.00
2.66
5.11
1.00
-99.00
-99.00
-99.00
2.11
10.68
4.12
5.99
2.45
0.31
-99.00
-99.00
-99.00
-99.00
-99.00
-99.00
-99.00
-99.00
-99.00
-99.00
-99.00
-99.00
-99.00
-99.00
-99.00
-99.00
-99.00
-99.00
-99.00
-99.00
0.01
3.47
14.49
18.28
7.13
7.78
3.13
12.72
10.59
8.02
-99.00
2.56
13.47
51.21
13.19
0.77
0.88
-99.00
-99.00
0.03
-99.00
-99.00
-99.00
-99.00
-99.00
-99.00
-99.00
-99.00
-99.00
0.03
0.91
-99.00
1.65
5.77
5.15
9.86
36.15
6.07
2.75
6.61
1.72
1.65
7.73
8.80
-99.00
3.00
1.70
0.06
8.65
3.25
6.95
17.99
10.95
5.54
14.20
24.07
30.80
37.05
28.91
62.43
65.37
17.77
39.80
51.76
10.50
7.08
-99.00
1.23
9.21
9.75
0.63
3.17
8.60
0.47
-99.00
7.52
6.44
7.30
8.50
29.52
46.23
13.33
32.46
29.59
30.23
22.42
21.86
54.31
63.55
65.80
25.55
8.22
12.54
23.34
9.05
1.81
13.19
14.56
33.86
15.76
18.11
15.16
25.52
22.58
17.89
25.13
29.57
21.80
15.85
1.79
11.38
10.37
19.90
19.17
16.61
19.76
54.01
31.03
41.68
35.91
45.48
6.12
8.78
19.44
10.98
1.43
3.60
2.36
9.60
7.60
14.85
9.81
4.01
0.23
3.11
10.71
5.39
7.36
6.02
3.65
8.25
16.71
8.14
9.21
10.46
3.07
2.67
5.07
4.00
3.69
2.17
9.06
18.01
15.86
53.78
51.52
56.20
40.68
8.29
7.36
38.56
26.61
45.60
34.45
17.52
31.70
24.47
24.62
9.28
17.98
12.65
22.25
24.08
16.63
10.86
2.83
10.40
10.04
2.09
9.04
15.37
7.34
17.04
10.49
16.19
11.72
7.01
18.93
27.32
3.12
11.50
7.01
4.97
6.55
40.08
13.25
0.86
5.75
31.17
19.12
31.20
25.15
60.64
10.12
1.89
0.87
0.72
1.78
9.75
33.66
19.14
6.09
0.70
-99.00
3.69
6.96
9.24
22.10
4.66
1.29
0.50
5.08
0.25
1.79
1.83
1.89
-99.00
-99.00
0.06
0.41
0.05
7.15
1.86
0.17
0.09
2.51
2.71
2.79
-99.00
0.01
2.84
15.65
62.24
36.89
0.11
-99.00
-99.00
-99.00
-99.00
-99.00
-99.00
-99.00
-99.00
-99.00
-99.00
-99.00
-99.00
0.03
-99.00
-99.00
-99.00
-99.00
-99.00
-99.00
-99.00
0.02
0.58
-99.00
-99.00
-99.00
-99.00
-99.00
-99.00
0.31
0.01
-99.00
-99.00
-99.00
-99.00
-99.00
-99.00
-99.00
-99.00
-99.00
-99.00
-99.00
-99.00
-99.00
-99.00
-99.00
-99.00
-99.00
-99.00
-99.00
-99.00
-99.00
-99.00
-99.00
-99.00
-99.00
-99.00
-99.00
-99.00
-99.00
-99.00
-99.00
-99.00
-99.00
-99.00
-99.00
-99.00
-99.00
-99.00
-99.00
-99.00
-99.00
-99.00
-99.00
-99.00
-99.00
-99.00
-99.00
-99.00
0.72
-99.00
-99.00
-99.00
-99.00
-99.00
0.35
0.44
-99.00
-99.00
-99.00
-99.00
-99.00
-99.00
-99.00
-99.00
-99.00
-99.00
-99.00
-99.00
-99.00
-99.00
-99.00
-99.00
-99.00
-99.00
-99.00
-99.00
-99.00
-99.00
-99.00
0.15
-99.00
-99.00
-99.00
0.72
4.03
1.65
1.27
29.24
36.58
20.46
-99.00
-99.00
-99.00
-99.00
-99.00
0.11
0.25
-99.00
-99.00
-99.00
-99.00
0.06
-99.00
-99.00
-99.00
-99.00
0.07
-99.00
-99.00
-99.00
-99.00
-99.00
1.22
0.52
7.06
1.71
2.74
5.11
14.18
12.40
9.21
9.09
1.05
2.53
-99.00
4.20
2.20
-99.00
-99.00
-99.00
2.43
3.44
3.39
12.40
13.94
8.32
1.59
0.07
-99.00
2.26
7.15
6.30
0.96
-99.00
-99.00
-99.00
-99.00
-99.00
13.84
24.51
33.22
29.98
5.33
8.61
3.00
11.49
5.42
9.01
34.73
8.57
35.84
99.87
21.35
3.23
0.06
-99.00
0.02
0.73
17.73
19.20
27.65
12.91
12.87
16.93
24.03
13.20
4.66
1.68
3.14
1.75
7.72
6.96
40.31
16.43
24.05
15.53
74.80
97.54
58.89
56.00
19.46
12.99
26.65
20.16
0.71
11.59
9.37
14.83
12.16
14.79
18.18
10.68
27.95
7.53
22.13
11.54
29.26
8.07
6.80
5.13
4.77
13.16
13.94
12.95
6.04
4.83
14.85
9.65
10.20
12.38
6.29
11.33
8.66
8.50
11.06
5.58
5.21
7.14
19.13
20.72
23.00
7.73
14.48
5.93
2.16
9.59
5.13
2.81
6.65
5.74
20.02
37.01
49.82
62.14
30.53
2.59
1.43
4.96
19.78
13.88
0.35
19.70
19.35
14.32
12.79
1.27
3.94
9.38
7.70
4.88
1.73
12.55
22.55
33.93
26.35
4.19
11.04
5.18
13.75
12.56
20.31
9.56
11.66
9.88
8.88
10.22
5.51
10.14
7.32
5.41
9.57
3.84
2.20
3.53
3.26
12.20
10.30
13.01
5.09
0.29
5.79
31.98
39.83
74.35
31.41
0.14
-99.00
1.49
0.05
9.94
1.94
1.38
0.04
8.77
6.11
6.46
9.47
26.50
22.12
28.19
17.01
7.15
12.49
14.64
31.02
3.18
0.95
4.26
23.83
7.79
1.87
3.55
15.09
7.74
-99.00
-99.00
-99.00
-99.00
-99.00
-99.00
-99.00
-99.00
0.04
5.25
14.00
25.07
8.65
-99.00
-99.00
-99.00
-99.00
0.42
3.38
2.58
0.55
2.99
6.13
5.90
1.40
-99.00
-99.00
-99.00
0.10
-99.00
-99.00
-99.00
-99.00
-99.00
0.22
-99.00
-99.00
-99.00
-99.00
-99.00
-99.00
-99.00
-99.00
-99.00
-99.00
-99.00
-99.00
-99.00
-99.00
-99.00
-99.00
-99.00
-99.00
-99.00
-99.00
-99.00
-99.00
-99.00
-99.00
-99.00
-99.00
-99.00
-99.00
-99.00
-99.00
-99.00
-99.00
-99.00
-99.00
-99.00
-99.00
-99.00
-99.00
-99.00
-99.00
-99.00
-99.00
-99.00
-99.00
-99.00
-99.00
-99.00
-99.00
0.10
-99.00
-99.00
-99.00
-99.00
-99.00
0.67
0.89
0.30
-99.00
0.09
0.76
1.32
2.25
-99.00
-99.00
-99.00
0.69
1.71
0.25
-99.00
-99.00
-99.00
-99.00
-99.00
-99.00
-99.00
-99.00
-99.00
-99.00
-99.00
-99.00
-99.00
-99.00
-99.00
-99.00
-99.00
-99.00
-99.00
-99.00
0.21
-99.00
-99.00
0.01
-99.00
0.51
0.07
-99.00
-99.00
-99.00
-99.00
1.51
3.68
-99.00
-99.00
-99.00
0.17
0.07
1.42
4.45
0.07
-99.00
-99.00
-99.00
-99.00
-99.00
-99.00
0.24
-99.00
-99.00
5.16
3.77
15.45
20.53
21.15
20.89
2.73
-99.00
2.16
1.32
11.54
45.27
18.84
0.39
-99.00
0.07
-99.00
4.50
0.25
12.83
20.19
0.11
0.44
-99.00
4.57
24.08
21.49
8.45
9.42
0.18
3.58
7.80
0.04
12.22
36.04
19.70
12.18
6.46
28.76
23.28
12.11
22.28
15.06
24.63
16.90
13.31
2.45
15.11
4.53
13.83
21.84
24.40
15.72
9.50
2.41
1.90
4.96
9.44
12.29
46.97
54.16
29.28
16.34
12.58
16.65
39.90
37.90
28.97
4.32
7.83
21.49
23.68
4.77
13.88
35.76
12.91
38.82
50.37
18.90
29.41
8.71
13.33
11.71
28.11
65.98
26.17
48.38
28.17
10.65
10.08
14.61
14.72
7.28
13.69
11.95
5.20
7.16
7.57
12.60
6.87
19.43
10.55
14.14
7.54
19.13
19.03
15.88
38.89
33.38
11.58
14.65
6.02
23.64
30.50
7.66
19.06
37.66
38.56
7.63
5.09
13.27
27.82
47.05
68.03
19.79
16.20
5.82
5.44
3.76
21.89
23.61
13.43
6.94
15.23
34.44
16.00
31.81
63.59
32.94
11.74
11.06
6.53
12.83
21.32
20.07
9.45
12.41
5.03
13.63
6.78
7.48
22.44
19.81
6.40
4.94
11.02
15.65
22.38
14.64
10.04
4.53
14.65
8.49
9.98
24.12
19.14
15.52
8.23
18.84
9.63
0.63
4.06
5.49
5.15
0.06
0.50
0.28
7.65
16.63
1.52
-99.00
2.85
2.64
24.62
13.85
33.35
26.08
5.21
23.51
49.52
43.48
36.88
15.18
20.61
2.10
5.31
4.99
2.97
0.01
0.15
0.01
0.15
-99.00
0.02
-99.00
3.49
4.46
6.49
13.50
0.25
3.39
13.29
10.19
0.29
-99.00
-99.00
-99.00
-99.00
-99.00
-99.00
-99.00
-99.00
-99.00
-99.00
-99.00
-99.00
-99.00
0.43
4.06
0.10
-99.00
-99.00
-99.00
-99.00
11.71
58.07
33.56
3.63
-99.00
-99.00
-99.00
-99.00
-99.00
-99.00
-99.00
-99.00
-99.00
-99.00
-99.00
-99.00
-99.00
-99.00
-99.00
-99.00
-99.00
-99.00
-99.00
-99.00
-99.00
-99.00
-99.00
-99.00
-99.00
-99.00
-99.00
-99.00
-99.00
-99.00
-99.00
-99.00
-99.00
0.02
1.59
0.25
-99.00
-99.00
-99.00
-99.00
-99.00
-99.00
-99.00
-99.00
-99.00
-99.00
-99.00
-99.00
0.07
-99.00
-99.00
-99.00
-99.00
-99.00
-99.00
-99.00
-99.00
-99.00
-99.00
-99.00
-99.00
-99.00
-99.00
-99.00
-99.00
-99.00
-99.00
-99.00
-99.00
-99.00
-99.00
-99.00
-99.00
-99.00
-99.00
-99.00
1.87
-99.00
-99.00
0.04
-99.00
-99.00
-99.00
0.38
0.71
-99.00
-99.00
0.02
0.45
7.07
0.74
4.49
-99.00
-99.00
0.04
-99.00
-99.00
0.89
-99.00
-99.00
-99.00
-99.00
-99.00
0.20
0.08
0.49
0.39
0.55
2.09
0.80
-99.00
-99.00
-99.00
-99.00
-99.00
-99.00
1.14
6.39
5.37
11.95
9.03
5.72
4.02
-99.00
0.25
1.11
0.36
0.26
-99.00
-99.00
2.52
6.49
12.07
0.09
11.21
14.41
25.13
15.02
18.06
14.90
8.28
0.10
-99.00
-99.00
-99.00
-99.00
0.49
2.25
12.44
21.10
12.24
3.69
5.50
10.75
30.00
9.50
15.14
7.03
3.12
12.71
-99.00
0.90
2.36
12.35
14.26
2.14
3.72
3.79
24.53
32.94
60.53
35.54
11.18
1.43
5.38
8.45
0.17
0.02
3.12
0.99
-99.00
3.35
1.42
6.88
12.93
0.80
2.39
18.30
34.47
36.90
6.53
11.60
40.20
37.32
16.43
1.72
1.30
-99.00
1.69
1.67
0.32
12.67
19.03
42.62
92.27
43.43
33.84
68.22
61.68
31.21
23.21
17.80
10.69
0.77
3.89
3.95
9.33
14.42
30.11
35.36
19.15
8.03
6.95
69.35
45.95
84.54
69.49
41.24
9.61
4.19
6.86
4.45
10.29
7.34
13.29
9.57
11.86
22.60
23.13
17.93
16.93
8.33
15.09
23.37
14.43
16.32
9.68
15.01
5.28
2.46
5.11
-99.00
6.15
6.80
20.79
12.34
6.42
35.17
7.43
5.44
4.46
3.00
11.93
7.25
10.71
22.52
28.31
16.52
9.82
8.25
5.11
2.08
5.66
3.47
5.33
7.03
9.98
9.11
4.23
1.41
14.70
12.83
10.18
5.98
4.94
10.00
4.23
2.65
8.07
5.62
7.76
12.58
8.52
11.11
22.65
28.54
14.84
11.12
8.00
4.81
17.76
30.41
19.66
21.92
8.16
28.52
12.41
1.38
5.94
12.02
4.97
6.57
5.30
13.05
3.61
6.25
13.11
10.85
8.05
1.61
14.48
3.43
1.22
2.83
3.53
2.92
3.80
9.97
25.57
51.77
5.22
-99.00
-99.00
0.02
1.68
-99.00
0.12
5.09
-99.00
0.42
0.21
1.02
1.44
-99.00
8.23
15.87
8.92
2.51
0.28
-99.00
0.02
0.49
0.36
-99.00
-99.00
-99.00
-99.00
-99.00
-99.00
-99.00
-99.00
-99.00
-99.00
-99.00
-99.00
-99.00
-99.00
-99.00
-99.00
-99.00
-99.00
-99.00
-99.00
-99.00
-99.00
-99.00
0.02
-99.00
-99.00
-99.00
-99.00
-99.00
-99.00
-99.00
-99.00
-99.00
-99.00
0.92
0.04
-99.00
0.01
0.30
-99.00
-99.00
-99.00
-99.00
-99.00
0.78
11.57
25.46
12.13
-99.00
-99.00
-99.00
-99.00
-99.00
-99.00
-99.00
3.34
1.50
-99.00
-99.00
-99.00
-99.00
-99.00
-99.00
-99.00
-99.00
-99.00
-99.00
-99.00
-99.00
-99.00
-99.00
-99.00
-99.00
-99.00
-99.00
2.36
-99.00
0.38
0.37
-99.00
-99.00
-99.00
-99.00
-99.00
-99.00
-99.00
-99.00
0.03
-99.00
-99.00
-99.00
-99.00
-99.00
-99.00
-99.00
-99.00
-99.00
0.27
-99.00
-99.00
-99.00
-99.00
-99.00
-99.00
-99.00
0.03
-99.00
-99.00
0.88
2.26
0.53
0.16
-99.00
-99.00
0.03
-99.00
-99.00
-99.00
0.76
-99.00
-99.00
-99.00
-99.00
-99.00
-99.00
1.16
0.33
0.50
1.44
0.84
-99.00
-99.00
0.66
0.04
0.73
0.57
-99.00
1.56
7.77
2.27
5.24
5.61
3.29
3.41
3.54
0.39
2.02
1.45
8.10
9.89
8.97
4.46
20.58
9.28
7.91
29.38
0.58
0.62
32.81
45.01
29.79
22.46
21.86
24.98
23.88
25.78
15.26
33.18
28.89
8.93
0.32
15.95
29.37
3.73
-99.00
-99.00
1.66
1.95
8.24
4.05
1.58
14.46
5.24
-99.00
-99.00
2.13
-99.00
-99.00
0.35
1.71
9.70
17.63
44.36
35.36
4.34
1.57
6.45
4.29
3.90
30.06
20.70
23.73
16.94
14.37
7.47
5.90
7.85
0.96
17.06
19.81
13.35
8.64
26.13
26.30
5.01
4.48
15.54
3.02
5.63
0.41
1.14
13.80
3.19
11.84
14.15
6.65
7.15
13.77
35.57
25.03
35.39
49.76
42.77
56.22
53.52
5.92
10.74
3.21
10.30
7.30
12.65
8.29
17.67
9.48
9.58
20.09
69.92
89.35
22.81
63.57
50.71
36.92
15.27
4.93
16.57
23.69
38.58
38.98
85.97
156.85
60.85
4.34
6.08
25.06
27.56
45.59
22.74
12.72
6.50
7.23
17.81
1.71
10.24
14.86
14.76
7.57
3.10
2.98
12.22
2.49
17.29
7.59
9.79
6.96
8.17
2.44
4.80
4.99
9.98
15.32
27.10
15.28
20.50
7.44
2.92
4.70
11.09
8.44
28.54
11.81
12.30
10.80
17.12
23.75
7.05
2.78
15.35
17.82
10.21
4.56
43.00
29.23
2.73
7.50
62.51
29.93
16.25
2.17
4.00
2.36
15.05
20.42
5.60
4.80
19.50
8.74
7.66
6.99
0.42
3.31
7.24
8.62
1.04
1.24
3.75
0.41
12.86
41.84
38.21
66.69
64.63
2.89
0.24
-99.00
0.03
5.68
7.26
16.40
4.89
0.17
-99.00
-99.00
-99.00
-99.00
-99.00
-99.00
0.68
0.16
-99.00
-99.00
-99.00
-99.00
-99.00
0.04
-99.00
0.12
-99.00
-99.00
-99.00
-99.00
-99.00
-99.00
-99.00
-99.00
-99.00
-99.00
-99.00
-99.00
-99.00
-99.00
-99.00
-99.00
0.06
0.05
-99.00
-99.00
0.68
0.20
-99.00
-99.00
-99.00
1.30
-99.00
-99.00
-99.00
-99.00
-99.00
-99.00
-99.00
-99.00
-99.00
-99.00
-99.00
-99.00
-99.00
-99.00
-99.00
-99.00
-99.00
-99.00
0.65
-99.00
-99.00
-99.00
5.18
1.91
-99.00
-99.00
-99.00
-99.00
-99.00
-99.00
-99.00
-99.00
-99.00
-99.00
-99.00
-99.00
-99.00
-99.00
-99.00
-99.00
-99.00
-99.00
0.30
0.99
0.05
-99.00
-99.00
-99.00
-99.00
-99.00
0.26
0.05
0.31
-99.00
-99.00
0.71
-99.00
-99.00
-99.00
-99.00
-99.00
-99.00
-99.00
-99.00
0.76
-99.00
-99.00
-99.00
-99.00
-99.00
-99.00
-99.00
-99.00
-99.00
-99.00
-99.00
0.04
-99.00
-99.00
15.74
13.60
3.15
4.48
-99.00
0.08
-99.00
-99.00
-99.00
-99.00
-99.00
-99.00
-99.00
-99.00
-99.00
-99.00
0.01
5.80
-99.00
7.00
6.77
-99.00
0.82
12.97
-99.00
-99.00
0.50
-99.00
-99.00
-99.00
4.29
11.60
39.27
29.59
14.15
17.04
31.02
3.84
3.52
18.60
6.19
13.05
13.15
8.41
0.06
-99.00
6.51
1.41
0.13
3.61
4.97
0.03
31.64
21.14
28.40
7.30
-99.00
0.75
1.47
6.82
7.66
0.64
-99.00
0.21
-99.00
2.76
10.44
17.66
12.91
9.67
25.02
14.25
6.58
1.89
0.52
-99.00
12.21
15.13
21.91
9.83
16.18
28.95
6.00
24.24
17.31
17.65
16.95
15.23
69.84
30.88
22.24
28.36
18.41
45.22
49.14
23.58
48.22
55.86
31.55
7.68
0.46
6.91
-99.00
3.22
1.30
1.52
5.90
12.99
5.92
12.26
-99.00
8.22
8.19
12.92
2.95
17.62
1.15
26.27
30.09
4.21
15.41
10.17
7.37
13.25
4.52
12.66
7.44
15.52
16.02
17.54
8.74
4.68
10.53
8.53
12.86
20.97
20.79
20.26
30.99
8.70
13.25
11.09
1.67
5.99
25.14
18.01
32.71
47.55
21.16
18.96
25.04
35.20
47.75
44.37
17.48
25.10
23.42
8.80
12.62
9.87
5.75
26.71
3.96
13.41
1.52
8.00
1.94
16.52
4.43
7.06
19.16
17.52
11.93
18.02
14.98
13.30
9.56
18.37
4.67
11.74
13.99
8.88
9.53
43.08
16.08
30.94
11.61
28.93
19.86
33.68
16.68
14.52
44.94
14.05
11.15
10.79
4.75
19.67
12.30
2.49
2.26
13.27
5.98
7.24
3.60
5.54
16.15
14.48
5.41
4.16
0.43
0.27
1.25
0.47
4.87
20.24
50.91
27.33
13.33
12.57
30.62
25.40
1.25
5.55
3.54
17.20
28.98
23.80
19.22
14.18
2.84
1.81
-99.00
0.05
0.30
-99.00
-99.00
0.12
-99.00
0.10
-99.00
-99.00
0.29
8.29
7.43
2.02
13.62
12.88
75.97
69.87
2.37
-99.00
-99.00
-99.00
1.11
-99.00
-99.00
-99.00
0.13
-99.00
-99.00
-99.00
-99.00
-99.00
-99.00
0.11
0.49
-99.00
-99.00
-99.00
-99.00
-99.00
-99.00
-99.00
-99.00
-99.00
-99.00
-99.00
-99.00
-99.00
0.06
0.03
-99.00
-99.00
-99.00
-99.00
-99.00
-99.00
-99.00
-99.00
-99.00
-99.00
-99.00
-99.00
-99.00
-99.00
-99.00
-99.00
-99.00
-99.00
-99.00
-99.00
-99.00
-99.00
-99.00
