19710101
-99.00
-99.00
-99.00
0.02
-99.00
-99.00
-99.00
-99.00
-99.00
-99.00
-99.00
-99.00
-99.00
-99.00
-99.00
0.07
0.14
0.22
-99.00
-99.00
0.47
1.52
0.33
-99.00
0.70
8.77
3.44
0.10
-99.00
-99.00
-99.00
-99.00
-99.00
-99.00
-99.00
-99.00
-99.00
-99.00
-99.00
0.03
-99.00
0.03
-99.00
-99.00
-99.00
-99.00
-99.00
-99.00
-99.00
-99.00
-99.00
0.21
-99.00
0.85
0.01
0.01
-99.00
4.38
1.43
0.62
-99.00
-99.00
-99.00
-99.00
-99.00
-99.00
-99.00
-99.00
-99.00
-99.00
-99.00
-99.00
-99.00
-99.00
-99.00
-99.00
-99.00
-99.00
-99.00
-99.00
-99.00
-99.00
-99.00
-99.00
-99.00
-99.00
-99.00
0.44
-99.00
-99.00
-99.00
-99.00
0.25
-99.00
-99.00
0.46
-99.00
5.44
-99.00
-99.00
3.14
-99.00
2.40
-99.00
5.29
-99.00
-99.00
9.56
5.72
0.34
1.00
3.14
1.24
-99.00
6.18
-99.00
-99.00
-99.00
-99.00
1.69
0.98
-99.00
-99.00
-99.00
1.17
0.66
-99.00
-99.00
-99.00
-99.00
9.21
0.21
-99.00
-99.00
6.46
-99.00
-99.00
-99.00
3.93
1.94
1.41
-99.00
1.09
-99.00
0.02
-99.00
3.40
1.16
0.43
0.31
0.85
0.04
1.63
0.09
11.24
5.23
4.04
22.05
8.63
1.21
9.51
1.32
2.36
4.21
5.87
0.28
-99.00
0.43
0.11
-99.00
0.88
0.04
8.40
5.82
6.19
9.60
9.61
18.64
4.64
6.19
4.99
1.19
6.46
13.77
9.54
6.80
1.37
0.31
1.22
2.30
9.17
11.84
11.12
1.66
1.34
8.79
19.72
21.20
7.96
3.45
30.98
33.40
11.63
6.30
5.17
3.71
6.41
10.27
3.13
5.88
8.08
20.40
5.68
7.72
5.12
3.68
6.13
2.88
16.59
10.94
13.98
7.88
7.42
21.94
29.31
5.74
20.92
17.93
16.35
20.49
23.34
6.36
1.89
0.56
2.51
0.41
11.95
13.36
16.51
33.98
21.87
37.20
14.77
4.04
3.84
6.07
7.07
6.40
33.46
17.25
5.70
1.41
15.00
14.23
0.37
-99.00
-99.00
-99.00
-99.00
-99.00
-99.00
-99.00
8.49
3.69
1.10
4.05
7.09
2.77
5.77
2.33
10.52
16.91
35.30
11.26
0.52
0.36
2.07
1.60
0.83
0.17
6.74
0.52
0.16
0.07
-99.00
0.65
-99.00
2.11
0.64
-99.00
-99.00
0.42
0.71
0.13
-99.00
-99.00
-99.00
-99.00
-99.00
-99.00
-99.00
0.04
6.04
14.37
25.12
0.43
-99.00
0.24
0.63
0.08
-99.00
-99.00
-99.00
-99.00
-99.00
-99.00
-99.00
-99.00
0.04
0.01
-99.00
-99.00
-99.00
-99.00
-99.00
-99.00
-99.00
-99.00
-99.00
-99.00
-99.00
-99.00
-99.00
-99.00
-99.00
-99.00
-99.00
-99.00
-99.00
-99.00
-99.00
-99.00
-99.00
-99.00
-99.00
-99.00
-99.00
-99.00
-99.00
-99.00
-99.00
-99.00
-99.00
-99.00
-99.00
-99.00
-99.00
-99.00
-99.00
-99.00
-99.00
-99.00
-99.00
-99.00
-99.00
-99.00
-99.00
-99.00
-99.00
-99.00
-99.00
-99.00
-99.00
-99.00
-99.00
-99.00
-99.00
-99.00
-99.00
-99.00
-99.00
-99.00
-99.00
-99.00
-99.00
-99.00
-99.00
-99.00
-99.00
-99.00
-99.00
-99.00
2.90
2.26
-99.00
-99.00
-99.00
-99.00
2.70
3.14
2.58
0.57
-99.00
-99.00
-99.00
-99.00
-99.00
-99.00
0.98
1.82
-99.00
-99.00
0.10
0.04
-99.00
-99.00
-99.00
-99.00
-99.00
-99.00
-99.00
-99.00
-99.00
-99.00
-99.00
-99.00
-99.00
-99.00
-99.00
0.09
0.06
-99.00
-99.00
0.26
-99.00
-99.00
-99.00
-99.00
-99.00
-99.00
-99.00
-99.00
-99.00
-99.00
-99.00
-99.00
-99.00
-99.00
-99.00
-99.00
0.25
0.60
0.13
0.05
-99.00
3.48
-99.00
-99.00
-99.00
-99.00
1.73
0.21
-99.00
-99.00
-99.00
-99.00
0.62
2.15
-99.00
0.22
2.21
2.62
0.53
3.56
1.70
0.78
-99.00
-99.00
-99.00
-99.00
-99.00
-99.00
0.46
0.10
-99.00
-99.00
0.52
1.28
0.04
0.02
-99.00
-99.00
0.08
-99.00
-99.00
-99.00
-99.00
-99.00
-99.00
-99.00
-99.00
-99.00
0.57
0.51
0.23
6.58
2.96
24.25
23.07
6.60
7.54
6.04
-99.00
0.97
-99.00
0.02
-99.00
-99.00
2.39
1.76
1.06
2.24
0.40
0.26
0.02
0.31
0.91
0.12
0.16
4.16
0.53
35.08
7.63
0.98
0.04
1.93
0.03
11.99
22.82
16.23
16.25
10.56
7.65
0.19
0.30
-99.00
0.18
8.55
1.83
2.17
0.95
4.82
4.88
3.65
1.07
3.62
0.31
0.56
3.51
5.61
5.28
1.89
0.37
4.77
3.46
9.86
1.69
17.35
12.63
20.73
13.69
1.67
0.74
4.47
0.72
0.84
15.43
4.33
2.65
2.21
0.07
2.41
24.39
14.48
12.26
2.58
0.96
1.57
8.05
10.32
7.73
24.12
21.11
3.52
2.28
1.39
0.43
0.19
2.17
1.94
6.50
11.84
24.28
3.04
8.19
8.86
5.79
0.71
0.49
-99.00
2.89
18.81
9.39
16.45
3.48
0.18
11.88
4.84
4.30
6.51
13.21
4.60
0.18
3.68
1.21
0.71
1.04
-99.00
-99.00
2.34
11.85
2.59
0.77
3.10
0.55
0.21
0.17
4.13
1.81
-99.00
-99.00
-99.00
-99.00
1.23
15.26
7.17
12.30
0.96
-99.00
-99.00
-99.00
-99.00
-99.00
-99.00
-99.00
0.63
-99.00
-99.00
-99.00
-99.00
-99.00
-99.00
-99.00
-99.00
-99.00
-99.00
-99.00
1.77
6.13
2.36
-99.00
-99.00
-99.00
-99.00
-99.00
-99.00
-99.00
-99.00
-99.00
-99.00
-99.00
-99.00
-99.00
-99.00
-99.00
-99.00
-99.00
-99.00
-99.00
-99.00
-99.00
-99.00
0.05
0.08
-99.00
-99.00
0.15
-99.00
-99.00
-99.00
-99.00
-99.00
-99.00
-99.00
-99.00
-99.00
-99.00
-99.00
-99.00
-99.00
-99.00
-99.00
-99.00
-99.00
-99.00
-99.00
-99.00
-99.00
-99.00
-99.00
-99.00
-99.00
-99.00
-99.00
-99.00
-99.00
-99.00
-99.00
-99.00
-99.00
-99.00
-99.00
-99.00
-99.00
-99.00
-99.00
-99.00
-99.00
0.02
1.71
-99.00
-99.00
6.60
0.21
0.86
-99.00
-99.00
-99.00
-99.00
-99.00
-99.00
-99.00
-99.00
-99.00
-99.00
-99.00
-99.00
-99.00
0.01
0.08
-99.00
-99.00
0.05
-99.00
-99.00
-99.00
0.59
0.30
-99.00
-99.00
-99.00
-99.00
-99.00
-99.00
-99.00
-99.00
-99.00
0.35
0.07
0.02
-99.00
-99.00
-99.00
-99.00
-99.00
-99.00
0.07
2.72
14.03
1.36
0.55
0.13
1.58
0.96
-99.00
2.05
8.27
3.27
-99.00
-99.00
1.06
1.93
0.69
-99.00
-99.00
-99.00
-99.00
-99.00
-99.00
-99.00
-99.00
0.49
-99.00
-99.00
-99.00
-99.00
-99.00
-99.00
-99.00
-99.00
-99.00
-99.00
-99.00
-99.00
-99.00
-99.00
-99.00
-99.00
-99.00
-99.00
-99.00
-99.00
0.27
1.20
-99.00
-99.00
0.06
-99.00
-99.00
-99.00
0.36
1.33
15.90
0.46
0.16
0.14
4.59
16.46
6.72
1.40
5.48
5.36
2.62
-99.00
15.51
14.46
2.95
2.39
4.03
0.38
1.10
31.40
7.56
0.12
1.52
2.98
5.65
5.03
18.56
15.81
10.46
19.93
9.03
1.87
10.86
0.97
2.31
3.67
-99.00
2.48
19.04
7.53
1.08
3.84
0.98
2.63
3.06
0.28
31.50
6.84
0.14
3.03
8.19
0.31
15.90
7.63
40.61
27.00
19.79
2.35
5.57
6.26
34.57
7.19
25.81
2.85
24.38
57.84
25.91
21.81
13.42
8.33
3.00
0.78
2.12
3.76
1.65
2.20
2.44
0.79
1.35
4.98
3.93
3.66
2.16
2.41
1.15
0.69
0.22
1.51
2.53
1.66
5.45
3.16
2.48
7.15
19.74
34.07
41.74
25.91
14.03
4.19
16.74
13.83
0.42
0.67
1.27
5.75
15.64
3.43
2.02
3.76
20.67
16.00
7.30
9.14
1.03
0.48
2.68
8.65
4.20
8.77
9.57
9.15
2.58
0.18
1.29
7.60
2.20
7.14
1.17
4.33
2.01
7.90
11.05
3.99
5.31
5.49
1.25
4.89
8.90
14.38
2.88
2.16
5.86
0.58
2.91
20.54
62.97
55.34
18.01
9.14
1.46
0.35
30.78
27.07
34.33
68.42
9.82
1.35
0.45
2.86
7.14
10.79
13.85
12.47
5.85
1.47
-99.00
-99.00
9.59
1.51
0.06
18.83
9.76
21.71
16.33
2.00
0.18
-99.00
-99.00
-99.00
-99.00
-99.00
-99.00
0.32
2.85
6.23
1.80
0.04
-99.00
1.76
2.28
-99.00
-99.00
-99.00
-99.00
-99.00
-99.00
-99.00
-99.00
2.87
5.96
0.96
2.50
-99.00
0.08
-99.00
-99.00
-99.00
1.50
1.76
1.60
-99.00
-99.00
-99.00
-99.00
-99.00
-99.00
-99.00
-99.00
-99.00
-99.00
-99.00
-99.00
-99.00
-99.00
-99.00
-99.00
-99.00
-99.00
-99.00
6.13
20.05
1.11
-99.00
-99.00
-99.00
-99.00
-99.00
-99.00
-99.00
-99.00
-99.00
-99.00
-99.00
-99.00
-99.00
-99.00
-99.00
-99.00
-99.00
-99.00
-99.00
-99.00
-99.00
-99.00
-99.00
-99.00
-99.00
-99.00
-99.00
-99.00
-99.00
-99.00
-99.00
-99.00
-99.00
-99.00
0.03
1.05
-99.00
-99.00
-99.00
-99.00
-99.00
-99.00
-99.00
-99.00
-99.00
-99.00
-99.00
-99.00
-99.00
-99.00
-99.00
-99.00
-99.00
-99.00
-99.00
-99.00
-99.00
-99.00
-99.00
-99.00
-99.00
-99.00
-99.00
-99.00
0.03
-99.00
-99.00
-99.00
-99.00
-99.00
-99.00
-99.00
-99.00
-99.00
-99.00
-99.00
-99.00
-99.00
-99.00
1.75
-99.00
-99.00
-99.00
-99.00
-99.00
-99.00
-99.00
-99.00
-99.00
-99.00
-99.00
-99.00
-99.00
-99.00
-99.00
-99.00
-99.00
-99.00
-99.00
1.75
-99.00
-99.00
1.75
2.52
3.56
8.60
1.33
-99.00
13.07
17.71
5.14
3.48
1.96
0.32
0.93
0.59
-99.00
-99.00
-99.00
1.68
0.09
1.58
-99.00
8.16
0.07
-99.00
-99.00
6.80
1.98
-99.00
-99.00
-99.00
-99.00
-99.00
-99.00
5.96
-99.00
8.84
0.58
2.95
4.21
1.15
2.27
0.07
-99.00
-99.00
0.81
0.31
0.60
11.69
4.46
4.64
0.63
2.93
4.05
1.47
1.16
7.70
4.42
3.36
0.37
3.90
1.13
0.10
-99.00
-99.00
-99.00
2.24
6.77
2.40
24.12
30.14
0.21
-99.00
3.09
12.20
17.63
4.30
12.28
1.79
0.13
8.06
-99.00
-99.00
-99.00
0.27
0.07
2.46
12.55
10.45
12.77
7.90
1.81
2.20
0.19
6.59
2.78
0.07
0.46
1.19
2.47
1.21
10.72
19.82
3.29
15.63
13.07
10.79
20.47
8.23
16.23
1.16
2.73
6.30
8.23
37.91
38.34
20.10
23.20
13.32
18.35
11.53
14.41
9.43
7.03
4.65
16.25
17.98
31.33
51.87
7.71
1.44
5.03
4.91
0.17
0.08
0.05
42.12
15.66
8.11
0.65
0.86
4.12
1.08
7.74
2.30
1.50
1.10
3.45
5.15
33.22
45.01
39.00
14.71
1.15
4.82
0.69
4.63
3.34
1.22
16.07
7.00
3.22
1.35
2.42
0.78
5.92
5.24
0.10
1.11
1.58
11.23
25.54
5.79
15.72
6.52
3.91
5.54
5.68
0.13
0.33
0.56
0.37
2.37
11.10
10.92
10.96
2.70
1.49
-99.00
6.36
23.40
26.59
21.29
4.50
0.37
1.69
4.79
2.71
0.41
0.62
1.05
-99.00
-99.00
-99.00
-99.00
-99.00
0.04
0.17
0.43
1.70
0.99
0.14
0.18
1.45
11.64
32.96
3.64
21.15
6.30
0.65
-99.00
-99.00
-99.00
-99.00
-99.00
-99.00
-99.00
-99.00
-99.00
-99.00
-99.00
-99.00
-99.00
-99.00
-99.00
-99.00
-99.00
-99.00
-99.00
-99.00
-99.00
-99.00
-99.00
-99.00
-99.00
-99.00
-99.00
-99.00
-99.00
-99.00
0.94
1.67
-99.00
-99.00
-99.00
-99.00
-99.00
-99.00
-99.00
-99.00
-99.00
-99.00
-99.00
-99.00
-99.00
-99.00
-99.00
-99.00
-99.00
-99.00
0.18
0.48
-99.00
-99.00
-99.00
-99.00
-99.00
-99.00
-99.00
-99.00
-99.00
-99.00
-99.00
-99.00
-99.00
-99.00
0.13
0.01
-99.00
-99.00
-99.00
-99.00
-99.00
-99.00
-99.00
-99.00
-99.00
-99.00
-99.00
-99.00
-99.00
-99.00
-99.00
-99.00
-99.00
-99.00
0.07
0.12
4.68
0.47
-99.00
-99.00
-99.00
-99.00
-99.00
-99.00
0.54
0.43
-99.00
-99.00
-99.00
0.12
-99.00
-99.00
-99.00
-99.00
-99.00
-99.00
-99.00
1.34
1.28
0.06
0.61
-99.00
-99.00
-99.00
-99.00
-99.00
0.04
-99.00
-99.00
-99.00
-99.00
-99.00
-99.00
-99.00
-99.00
-99.00
-99.00
3.09
0.91
0.58
0.15
-99.00
-99.00
-99.00
-99.00
-99.00
-99.00
-99.00
-99.00
-99.00
-99.00
-99.00
-99.00
-99.00
-99.00
0.65
3.23
1.14
-99.00
-99.00
-99.00
-99.00
-99.00
-99.00
-99.00
-99.00
-99.00
0.04
-99.00
-99.00
-99.00
-99.00
-99.00
-99.00
-99.00
-99.00
5.97
8.78
5.31
0.02
-99.00
0.04
-99.00
2.96
4.45
0.32
10.22
10.28
10.37
0.78
-99.00
-99.00
0.31
-99.00
-99.00
1.79
1.22
0.24
0.08
0.12
-99.00
0.03
0.15
3.25
5.06
3.17
11.88
1.11
-99.00
0.04
12.86
6.18
1.44
2.96
21.70
5.39
0.22
1.01
2.25
2.23
5.72
1.57
4.66
0.74
0.41
11.40
3.07
-99.00
-99.00
-99.00
3.57
5.75
0.55
-99.00
0.88
0.10
-99.00
0.03
0.06
0.03
9.17
3.48
13.33
16.71
4.27
4.28
0.10
0.08
0.14
0.66
1.21
6.12
8.31
6.40
7.40
18.59
9.32
0.82
3.92
7.20
8.00
9.83
8.02
8.43
1.39
2.64
7.58
13.34
40.57
47.88
53.35
37.25
10.47
10.20
19.00
16.50
4.91
20.49
15.88
20.87
10.38
6.96
4.79
3.64
13.00
0.09
2.47
2.67
10.71
10.63
3.49
2.10
4.26
3.47
4.23
3.97
0.41
1.23
1.15
1.84
3.12
2.45
10.57
11.70
9.77
12.95
1.60
4.14
4.01
14.76
1.16
2.74
14.96
6.97
4.39
0.69
0.11
0.53
3.09
8.78
11.61
6.68
8.41
1.82
1.36
1.86
3.58
9.69
8.33
8.65
20.23
3.60
1.85
5.28
0.08
1.64
0.53
1.21
6.37
3.32
15.46
29.54
2.41
0.94
0.51
0.52
1.93
8.35
21.36
20.63
9.26
0.73
15.01
7.86
2.93
3.21
4.34
4.99
-99.00
0.05
0.74
2.28
4.99
8.21
0.38
0.92
0.01
0.48
0.22
0.86
-99.00
-99.00
-99.00
0.25
3.77
0.02
0.02
-99.00
-99.00
-99.00
-99.00
-99.00
-99.00
-99.00
0.16
0.29
9.66
2.45
0.25
-99.00
-99.00
-99.00
-99.00
-99.00
-99.00
-99.00
-99.00
-99.00
-99.00
-99.00
-99.00
-99.00
-99.00
-99.00
-99.00
-99.00
-99.00
-99.00
-99.00
-99.00
-99.00
-99.00
-99.00
-99.00
-99.00
-99.00
-99.00
-99.00
-99.00
-99.00
-99.00
-99.00
-99.00
-99.00
-99.00
-99.00
-99.00
-99.00
-99.00
-99.00
-99.00
-99.00
-99.00
-99.00
-99.00
-99.00
-99.00
-99.00
-99.00
-99.00
-99.00
-99.00
-99.00
-99.00
-99.00
-99.00
-99.00
-99.00
-99.00
-99.00
-99.00
-99.00
-99.00
-99.00
-99.00
-99.00
-99.00
-99.00
-99.00
-99.00
-99.00
-99.00
-99.00
-99.00
-99.00
-99.00
-99.00
-99.00
0.40
0.33
-99.00
-99.00
5.60
7.85
3.63
-99.00
-99.00
-99.00
-99.00
-99.00
-99.00
-99.00
-99.00
-99.00
-99.00
-99.00
-99.00
-99.00
-99.00
-99.00
-99.00
-99.00
-99.00
-99.00
-99.00
-99.00
-99.00
-99.00
-99.00
-99.00
-99.00
-99.00
-99.00
-99.00
1.19
1.42
0.05
0.03
-99.00
-99.00
0.45
-99.00
-99.00
-99.00
-99.00
-99.00
-99.00
0.69
0.72
2.28
0.11
-99.00
-99.00
-99.00
-99.00
-99.00
-99.00
-99.00
-99.00
0.03
0.97
0.88
0.52
-99.00
-99.00
-99.00
-99.00
-99.00
0.02
-99.00
-99.00
-99.00
-99.00
-99.00
-99.00
-99.00
0.02
-99.00
0.03
1.00
2.99
8.26
1.94
1.90
2.74
2.33
2.52
0.53
4.65
0.42
-99.00
-99.00
-99.00
5.41
1.83
45.31
19.73
7.14
8.28
15.91
3.21
0.03
7.95
4.79
22.21
1.31
2.49
2.63
14.80
1.73
0.71
1.01
1.62
1.31
0.18
6.98
1.05
10.17
10.79
2.10
0.53
0.21
0.02
0.64
22.13
1.73
3.64
13.85
15.88
33.62
22.04
2.47
0.65
23.53
11.12
3.07
2.64
10.23
11.81
2.54
0.02
-99.00
-99.00
-99.00
0.43
1.65
3.96
13.84
23.54
2.53
13.19
5.51
2.59
7.26
6.93
2.04
15.08
3.09
2.84
38.54
55.27
19.43
9.42
6.26
3.19
3.55
1.69
1.32
2.46
2.68
1.58
1.21
0.30
0.60
17.31
12.86
14.84
15.15
7.94
3.59
8.30
1.06
2.85
13.16
44.23
13.54
29.00
8.24
0.52
8.48
0.60
2.64
5.67
11.84
17.05
38.56
56.49
33.08
21.43
1.70
0.31
0.80
0.25
3.51
0.16
1.05
2.13
1.25
1.70
2.69
4.37
6.91
3.26
4.87
5.08
0.66
2.89
1.24
0.24
0.31
3.64
6.19
4.72
9.19
4.29
4.82
6.14
2.20
0.41
13.47
19.99
6.79
6.85
19.54
4.68
0.15
16.62
23.48
26.21
17.68
1.41
1.24
2.48
4.17
1.09
0.17
0.79
10.04
4.17
0.08
-99.00
0.01
-99.00
-99.00
-99.00
-99.00
-99.00
-99.00
-99.00
0.20
4.72
13.99
1.04
-99.00
-99.00
-99.00
-99.00
-99.00
-99.00
-99.00
-99.00
-99.00
-99.00
-99.00
-99.00
-99.00
0.36
0.44
0.46
0.29
-99.00
-99.00
-99.00
-99.00
-99.00
-99.00
-99.00
-99.00
-99.00
-99.00
-99.00
-99.00
-99.00
-99.00
-99.00
-99.00
-99.00
-99.00
0.33
0.98
-99.00
-99.00
-99.00
-99.00
-99.00
-99.00
-99.00
-99.00
-99.00
-99.00
-99.00
-99.00
-99.00
-99.00
-99.00
-99.00
-99.00
-99.00
-99.00
-99.00
-99.00
-99.00
-99.00
-99.00
-99.00
-99.00
-99.00
-99.00
-99.00
-99.00
-99.00
-99.00
-99.00
-99.00
-99.00
-99.00
-99.00
-99.00
-99.00
-99.00
-99.00
-99.00
-99.00
-99.00
-99.00
-99.00
-99.00
-99.00
-99.00
0.04
0.16
-99.00
-99.00
0.60
-99.00
-99.00
-99.00
-99.00
-99.00
0.91
0.34
0.84
-99.00
-99.00
-99.00
0.45
-99.00
0.04
-99.00
-99.00
-99.00
-99.00
-99.00
-99.00
-99.00
-99.00
-99.00
-99.00
-99.00
-99.00
-99.00
-99.00
-99.00
-99.00
-99.00
-99.00
2.27
3.25
2.19
5.65
-99.00
-99.00
-99.00
-99.00
-99.00
-99.00
-99.00
-99.00
-99.00
-99.00
-99.00
-99.00
-99.00
-99.00
-99.00
-99.00
-99.00
-99.00
-99.00
-99.00
-99.00
-99.00
-99.00
-99.00
-99.00
-99.00
-99.00
-99.00
0.02
0.02
-99.00
-99.00
-99.00
-99.00
-99.00
0.11
1.16
0.67
0.36
0.88
0.71
2.94
0.23
9.90
19.97
1.35
-99.00
38.99
11.58
5.01
6.74
2.28
1.21
0.65
1.30
1.83
0.33
0.12
8.72
0.11
15.52
-99.00
4.05
3.16
16.33
9.30
1.59
4.02
9.52
9.00
4.46
0.16
10.94
5.89
2.53
19.50
12.66
1.99
0.18
10.08
0.74
-99.00
0.11
4.32
1.31
0.15
1.08
0.29
6.22
0.11
15.13
9.33
4.88
1.23
2.82
0.60
1.54
2.83
12.47
17.38
0.77
0.02
15.03
9.11
6.12
16.44
14.23
2.33
0.04
6.81
19.49
36.70
23.37
6.53
3.09
29.92
32.63
7.67
57.37
48.20
20.34
25.47
24.36
19.92
1.76
1.34
0.32
0.36
0.22
6.29
5.76
1.94
16.86
15.16
19.71
2.07
6.87
23.75
70.62
26.07
17.69
17.19
4.51
1.55
1.69
0.08
0.46
7.51
11.70
8.27
15.54
36.33
24.29
21.17
8.84
12.24
2.60
3.24
1.03
2.03
5.64
3.09
10.51
1.87
1.63
0.02
1.34
3.47
19.94
15.30
5.11
11.61
11.36
1.17
0.64
10.99
2.93
1.95
3.34
1.28
4.25
6.00
0.55
12.64
5.90
2.83
4.02
6.20
1.79
2.49
0.83
0.03
-99.00
0.70
12.01
21.87
3.82
1.39
6.88
4.43
0.46
1.51
1.42
5.29
2.06
0.18
2.92
2.61
0.25
0.21
0.02
1.70
7.03
2.35
-99.00
1.43
6.86
4.27
30.91
33.29
6.29
8.40
2.63
2.93
0.86
0.36
0.13
-99.00
15.96
4.37
5.28
2.00
4.34
0.83
-99.00
0.03
0.55
-99.00
-99.00
-99.00
-99.00
0.27
0.17
0.18
3.87
0.04
-99.00
0.15
-99.00
-99.00
4.33
1.76
1.41
0.53
-99.00
-99.00
-99.00
-99.00
-99.00
-99.00
-99.00
-99.00
-99.00
-99.00
-99.00
-99.00
-99.00
0.04
0.27
1.15
0.04
0.20
3.76
0.51
-99.00
-99.00
-99.00
-99.00
-99.00
-99.00
-99.00
-99.00
-99.00
-99.00
-99.00
-99.00
-99.00
-99.00
-99.00
-99.00
-99.00
-99.00
-99.00
-99.00
-99.00
-99.00
-99.00
-99.00
-99.00
-99.00
-99.00
-99.00
-99.00
-99.00
12.03
15.13
7.37
0.36
-99.00
-99.00
-99.00
-99.00
-99.00
-99.00
-99.00
-99.00
-99.00
-99.00
-99.00
-99.00
-99.00
-99.00
-99.00
-99.00
-99.00
-99.00
-99.00
-99.00
-99.00
0.43
0.77
-99.00
-99.00
-99.00
-99.00
-99.00
-99.00
-99.00
-99.00
-99.00
0.01
-99.00
0.05
0.74
-99.00
-99.00
9.47
3.01
0.27
-99.00
-99.00
0.29
0.05
-99.00
-99.00
-99.00
0.01
0.60
0.11
1.00
-99.00
-99.00
-99.00
-99.00
-99.00
-99.00
-99.00
-99.00
-99.00
-99.00
-99.00
-99.00
0.09
0.05
-99.00
-99.00
-99.00
-99.00
3.67
3.82
0.17
-99.00
-99.00
-99.00
-99.00
3.30
0.74
0.33
-99.00
4.79
2.43
0.06
0.91
-99.00
-99.00
-99.00
10.98
4.92
0.03
-99.00
0.28
0.26
1.19
0.04
-99.00
-99.00
-99.00
-99.00
-99.00
-99.00
-99.00
1.91
0.10
6.94
1.59
0.36
29.92
4.04
17.03
0.98
0.50
0.05
-99.00
0.30
0.56
-99.00
0.36
6.67
3.59
1.25
0.54
-99.00
1.12
0.80
-99.00
0.99
2.26
4.30
0.36
1.50
6.18
3.66
1.68
0.75
1.18
-99.00
0.86
3.48
0.34
9.52
11.97
10.66
27.14
3.79
4.21
10.94
17.15
2.75
0.57
3.78
1.91
2.07
5.41
16.55
0.60
0.38
3.74
13.22
2.78
5.58
4.59
27.58
40.67
6.12
3.15
0.56
0.17
6.15
2.35
5.12
4.07
4.06
10.97
47.75
47.94
29.40
3.02
0.54
7.72
0.79
2.23
1.08
-99.00
0.02
4.76
2.34
1.96
1.11
2.62
3.77
3.46
2.30
2.84
0.53
15.65
24.24
2.55
10.52
12.63
15.90
7.12
1.23
1.15
0.89
1.61
1.19
3.26
5.83
3.57
0.54
0.28
2.05
2.44
7.75
11.13
6.87
5.69
0.53
2.20
1.69
1.72
2.56
3.15
0.32
6.28
4.70
4.43
1.48
0.10
1.52
0.71
6.04
2.62
2.86
2.33
0.33
1.94
0.71
1.82
0.32
4.87
16.32
17.59
13.33
14.72
1.06
0.33
4.67
1.37
-99.00
25.15
1.78
0.50
4.94
23.86
8.63
13.36
1.79
0.51
1.68
0.43
0.65
1.82
1.58
0.03
0.04
2.92
40.17
80.16
16.98
4.81
14.18
11.05
8.59
7.44
16.23
6.20
2.92
0.71
0.11
0.06
0.16
0.64
-99.00
-99.00
-99.00
-99.00
-99.00
-99.00
4.10
0.62
-99.00
-99.00
-99.00
-99.00
-99.00
-99.00
0.09
0.12
-99.00
0.03
0.05
-99.00
0.02
6.71
2.20
-99.00
-99.00
-99.00
-99.00
-99.00
-99.00
-99.00
-99.00
-99.00
-99.00
-99.00
-99.00
-99.00
-99.00
-99.00
-99.00
-99.00
-99.00
-99.00
-99.00
-99.00
-99.00
-99.00
-99.00
-99.00
-99.00
-99.00
0.01
-99.00
0.27
0.05
-99.00
-99.00
-99.00
-99.00
-99.00
-99.00
-99.00
-99.00
-99.00
-99.00
-99.00
-99.00
-99.00
-99.00
-99.00
-99.00
-99.00
-99.00
-99.00
-99.00
-99.00
-99.00
-99.00
-99.00
-99.00
-99.00
-99.00
-99.00
-99.00
-99.00
-99.00
-99.00
-99.00
-99.00
-99.00
-99.00
-99.00
-99.00
-99.00
-99.00
-99.00
-99.00
-99.00
-99.00
0.39
4.28
1.92
-99.00
0.51
0.40
-99.00
-99.00
-99.00
-99.00
0.30
16.22
2.70
-99.00
5.33
2.13
0.46
-99.00
-99.00
-99.00
5.90
3.98
-99.00
-99.00
-99.00
-99.00
-99.00
-99.00
-99.00
-99.00
-99.00
-99.00
0.30
0.45
-99.00
-99.00
-99.00
-99.00
-99.00
-99.00
-99.00
-99.00
-99.00
-99.00
-99.00
-99.00
-99.00
-99.00
-99.00
2.34
0.69
-99.00
-99.00
-99.00
-99.00
-99.00
-99.00
-99.00
0.10
0.14
-99.00
-99.00
-99.00
-99.00
-99.00
-99.00
0.64
0.42
0.01
-99.00
-99.00
-99.00
-99.00
-99.00
-99.00
-99.00
-99.00
-99.00
0.33
0.41
0.26
0.01
-99.00
-99.00
1.33
2.35
0.26
10.14
4.11
0.23
0.59
0.51
1.48
1.62
0.08
0.69
-99.00
-99.00
-99.00
-99.00
-99.00
1.07
3.38
0.03
-99.00
-99.00
-99.00
-99.00
-99.00
0.17
-99.00
-99.00
-99.00
-99.00
1.16
0.21
-99.00
-99.00
-99.00
0.37
-99.00
-99.00
0.35
0.22
4.54
0.61
0.07
0.89
-99.00
-99.00
0.03
-99.00
-99.00
-99.00
-99.00
-99.00
-99.00
-99.00
0.04
1.57
0.10
0.24
8.99
15.60
13.93
16.74
4.38
1.97
3.95
9.33
10.45
2.68
1.51
0.07
0.01
0.80
0.85
1.35
1.36
0.72
2.21
1.01
10.05
9.92
26.51
3.12
0.22
0.76
7.66
1.90
7.14
3.33
0.97
6.40
9.65
5.61
11.70
7.76
11.36
33.61
38.38
13.38
16.37
4.17
24.45
7.98
41.49
12.22
11.02
11.21
9.24
6.14
4.69
2.17
1.67
0.65
1.30
1.94
5.33
0.31
0.10
5.63
4.72
3.34
0.05
1.08
1.53
2.90
47.89
64.48
18.71
12.95
8.30
21.84
3.22
1.22
3.28
5.42
3.20
0.40
2.71
4.61
1.16
0.92
6.37
2.51
2.57
1.76
9.86
12.44
6.17
2.24
0.44
11.39
10.07
22.41
6.30
20.58
2.41
10.72
1.25
0.59
0.11
0.13
1.57
2.70
-99.00
0.18
8.58
0.68
2.12
-99.00
4.73
23.64
47.59
33.01
1.41
11.25
1.16
0.56
5.03
1.73
0.18
0.11
1.43
13.95
1.53
1.70
0.16
0.59
-99.00
0.08
-99.00
-99.00
-99.00
-99.00
-99.00
-99.00
-99.00
0.84
0.60
-99.00
-99.00
-99.00
-99.00
-99.00
-99.00
-99.00
-99.00
-99.00
-99.00
-99.00
-99.00
-99.00
-99.00
-99.00
-99.00
-99.00
-99.00
-99.00
-99.00
-99.00
-99.00
-99.00
-99.00
-99.00
-99.00
-99.00
-99.00
-99.00
-99.00
-99.00
-99.00
0.97
0.59
12.87
13.84
5.57
0.17
-99.00
-99.00
-99.00
-99.00
-99.00
-99.00
-99.00
-99.00
-99.00
-99.00
-99.00
-99.00
-99.00
0.53
0.63
-99.00
0.13
-99.00
-99.00
-99.00
-99.00
-99.00
-99.00
-99.00
-99.00
-99.00
-99.00
-99.00
0.04
6.59
6.96
2.52
0.01
0.39
-99.00
-99.00
-99.00
-99.00
-99.00
-99.00
0.34
-99.00
-99.00
-99.00
-99.00
-99.00
-99.00
-99.00
-99.00
-99.00
-99.00
-99.00
-99.00
-99.00
-99.00
-99.00
-99.00
-99.00
-99.00
-99.00
-99.00
-99.00
-99.00
2.30
0.62
0.33
-99.00
-99.00
-99.00
-99.00
-99.00
-99.00
-99.00
-99.00
0.23
5.30
1.75
0.11
-99.00
0.72
-99.00
-99.00
-99.00
-99.00
-99.00
-99.00
-99.00
-99.00
0.66
2.92
1.47
-99.00
0.45
-99.00
0.13
0.03
-99.00
1.31
1.84
-99.00
0.03
-99.00
-99.00
0.18
0.65
9.58
-99.00
-99.00
-99.00
-99.00
-99.00
-99.00
-99.00
0.03
5.67
2.60
-99.00
0.29
3.63
0.34
0.10
3.97
-99.00
-99.00
0.27
-99.00
-99.00
-99.00
-99.00
-99.00
0.11
-99.00
0.14
0.05
-99.00
-99.00
-99.00
0.08
2.09
1.72
1.49
0.28
-99.00
-99.00
-99.00
-99.00
0.11
-99.00
0.57
11.57
0.66
1.09
1.10
1.37
20.01
2.88
0.11
11.80
0.98
3.15
24.49
1.46
1.04
1.06
1.61
3.55
12.95
2.61
5.65
1.43
-99.00
8.71
0.21
0.01
5.78
11.14
23.47
17.05
3.54
2.28
11.11
5.74
1.55
1.81
2.29
-99.00
19.38
23.08
17.70
48.16
5.62
9.70
15.21
3.27
0.07
0.26
14.80
5.25
10.97
6.08
12.54
0.50
3.95
2.30
2.45
3.46
0.12
4.74
4.04
0.14
0.13
0.84
5.26
14.21
5.78
2.71
11.78
13.08
8.22
6.65
5.30
1.88
12.17
8.14
13.40
10.14
2.92
9.96
9.57
9.03
13.68
33.53
11.35
2.35
2.78
4.17
2.97
7.41
11.19
3.72
1.24
0.42
5.80
8.83
1.47
4.87
7.08
18.35
10.16
24.93
25.34
10.42
5.66
2.19
1.41
3.16
0.49
1.10
1.68
4.80
2.97
5.69
0.52
10.28
12.01
4.20
3.71
8.81
16.71
2.74
1.20
2.53
0.07
0.54
12.16
26.62
14.81
14.55
1.60
1.02
2.74
0.47
0.80
0.99
9.30
6.17
0.17
7.32
24.44
6.48
8.81
0.38
0.02
0.11
1.52
1.97
0.14
2.76
13.32
0.37
8.77
0.35
1.87
3.12
0.16
0.33
0.76
1.24
0.33
1.62
1.21
2.21
0.74
1.43
-99.00
-99.00
0.71
0.10
0.71
2.06
14.30
24.02
59.38
13.47
0.10
-99.00
-99.00
0.23
5.09
-99.00
-99.00
-99.00
-99.00
-99.00
0.03
0.05
0.02
-99.00
-99.00
-99.00
-99.00
0.11
-99.00
0.04
-99.00
-99.00
-99.00
-99.00
-99.00
-99.00
0.04
0.04
-99.00
0.12
0.04
-99.00
-99.00
-99.00
-99.00
-99.00
-99.00
-99.00
-99.00
-99.00
-99.00
-99.00
-99.00
-99.00
-99.00
-99.00
-99.00
-99.00
-99.00
-99.00
-99.00
-99.00
-99.00
-99.00
-99.00
-99.00
-99.00
-99.00
-99.00
-99.00
-99.00
-99.00
-99.00
-99.00
-99.00
-99.00
-99.00
-99.00
-99.00
-99.00
-99.00
-99.00
-99.00
-99.00
-99.00
-99.00
1.13
5.62
1.09
-99.00
-99.00
9.53
0.95
-99.00
0.18
-99.00
-99.00
-99.00
-99.00
-99.00
-99.00
-99.00
-99.00
-99.00
7.76
1.47
-99.00
-99.00
-99.00
-99.00
3.75
7.54
2.44
-99.00
-99.00
-99.00
-99.00
-99.00
-99.00
3.51
10.46
12.68
0.31
-99.00
-99.00
-99.00
-99.00
-99.00
-99.00
-99.00
-99.00
-99.00
0.11
-99.00
-99.00
-99.00
-99.00
-99.00
-99.00
2.55
-99.00
-99.00
-99.00
-99.00
-99.00
-99.00
-99.00
-99.00
0.01
0.12
0.05
3.89
4.13
2.23
0.13
-99.00
-99.00
-99.00
-99.00
-99.00
0.05
-99.00
0.41
6.39
7.60
1.09
1.47
0.17
0.11
2.03
22.86
1.41
-99.00
1.94
3.14
-99.00
-99.00
-99.00
-99.00
-99.00
-99.00
0.07
17.79
0.52
-99.00
0.77
13.78
33.85
33.28
26.84
2.87
-99.00
-99.00
0.06
1.80
0.74
-99.00
7.69
5.59
15.57
2.42
0.12
0.96
0.59
2.37
2.59
2.41
0.15
0.91
6.55
2.81
0.26
1.24
1.17
15.13
3.47
7.33
9.36
6.55
1.02
0.25
3.00
10.20
1.05
12.61
3.64
30.88
7.86
14.25
44.69
22.47
23.76
8.77
0.52
-99.00
0.06
0.38
28.25
4.83
1.34
0.38
0.17
-99.00
0.04
-99.00
-99.00
0.10
11.78
3.94
7.04
1.29
2.27
4.18
10.46
0.62
3.23
9.72
1.66
5.60
5.81
3.08
24.39
14.33
29.92
36.10
9.30
3.99
0.97
2.90
3.38
10.70
0.60
4.64
2.73
9.30
4.77
19.81
43.54
30.86
24.37
31.90
7.29
2.46
2.69
5.97
3.88
0.67
22.76
9.16
2.32
11.69
19.21
8.10
1.84
3.49
6.30
13.06
5.01
0.32
0.55
4.50
2.16
0.24
6.34
1.20
1.79
4.86
5.59
3.27
0.69
8.34
21.90
5.37
7.21
19.27
20.20
45.24
20.99
3.29
5.54
2.32
10.50
12.37
1.65
9.70
11.67
27.14
13.01
4.46
5.49
8.09
10.20
21.47
9.95
9.29
56.73
5.05
0.43
5.81
-99.00
0.28
9.01
1.97
1.47
1.98
1.31
-99.00
-99.00
2.00
10.64
9.31
2.08
23.12
2.91
0.22
-99.00
-99.00
0.23
-99.00
-99.00
-99.00
-99.00
-99.00
-99.00
-99.00
-99.00
-99.00
0.13
-99.00
-99.00
-99.00
-99.00
-99.00
-99.00
-99.00
-99.00
-99.00
-99.00
-99.00
-99.00
-99.00
-99.00
-99.00
-99.00
-99.00
-99.00
-99.00
0.05
0.98
0.03
-99.00
-99.00
-99.00
-99.00
-99.00
-99.00
-99.00
-99.00
-99.00
-99.00
-99.00
-99.00
-99.00
-99.00
-99.00
-99.00
-99.00
-99.00
-99.00
-99.00
-99.00
-99.00
-99.00
-99.00
-99.00
-99.00
-99.00
-99.00
-99.00
-99.00
-99.00
-99.00
-99.00
6.98
40.08
14.93
1.72
-99.00
-99.00
-99.00
-99.00
-99.00
-99.00
-99.00
-99.00
-99.00
-99.00
-99.00
-99.00
-99.00
-99.00
-99.00
-99.00
-99.00
-99.00
-99.00
-99.00
-99.00
-99.00
-99.00
-99.00
-99.00
-99.00
-99.00
-99.00
-99.00
0.05
-99.00
-99.00
-99.00
-99.00
-99.00
-99.00
-99.00
-99.00
-99.00
-99.00
-99.00
-99.00
0.79
-99.00
-99.00
-99.00
-99.00
-99.00
-99.00
1.40
4.68
0.31
-99.00
0.11
0.19
-99.00
-99.00
-99.00
-99.00
-99.00
-99.00
0.52
0.13
-99.00
-99.00
0.04
0.03
0.73
-99.00
-99.00
-99.00
-99.00
-99.00
-99.00
-99.00
-99.00
-99.00
-99.00
8.60
9.84
0.98
-99.00
10.39
6.21
1.51
-99.00
-99.00
-99.00
0.23
0.73
-99.00
-99.00
-99.00
-99.00
0.31
7.17
1.07
-99.00
-99.00
-99.00
-99.00
0.04
4.20
2.24
0.07
-99.00
-99.00
-99.00
-99.00
-99.00
-99.00
-99.00
-99.00
2.87
10.60
0.86
0.08
-99.00
-99.00
0.47
0.62
3.43
2.28
0.28
0.73
0.95
15.20
2.08
20.08
0.12
0.39
0.03
0.09
4.17
18.39
3.58
1.07
1.70
0.29
0.02
-99.00
-99.00
-99.00
-99.00
-99.00
-99.00
0.83
7.32
1.50
0.65
8.83
1.27
7.80
5.55
0.54
0.35
-99.00
-99.00
-99.00
-99.00
11.53
0.56
0.16
-99.00
-99.00
0.54
9.21
4.76
0.17
0.66
-99.00
2.41
5.82
2.40
0.02
-99.00
0.18
7.71
11.10
16.04
5.00
11.12
3.91
2.80
2.11
0.20
13.08
23.39
4.34
5.98
28.97
10.70
4.63
3.91
3.45
11.78
0.91
0.63
2.88
7.87
0.19
4.91
0.17
0.02
1.62
2.35
3.28
0.11
0.09
1.00
2.96
14.94
2.51
1.51
0.04
0.54
-99.00
1.33
1.35
4.84
2.89
19.81
12.16
14.29
3.48
8.93
14.84
10.46
18.72
2.65
5.01
4.45
17.49
18.20
9.38
12.18
4.33
7.13
7.59
0.91
0.85
3.21
2.42
3.28
1.62
4.10
1.51
1.49
1.82
9.66
2.97
2.47
7.63
22.75
2.73
1.37
1.29
0.91
0.73
13.01
24.50
6.58
1.83
0.75
0.74
9.27
2.26
1.59
1.77
-99.00
1.89
5.75
17.97
6.45
2.80
6.84
1.88
0.22
0.55
2.88
0.50
0.48
-99.00
0.12
0.08
0.68
0.02
-99.00
2.87
10.45
-99.00
-99.00
0.20
-99.00
-99.00
-99.00
-99.00
-99.00
-99.00
-99.00
0.10
-99.00
0.79
-99.00
-99.00
-99.00
-99.00
-99.00
-99.00
-99.00
-99.00
-99.00
0.74
17.28
5.18
0.08
-99.00
-99.00
-99.00
-99.00
-99.00
-99.00
-99.00
-99.00
-99.00
-99.00
-99.00
-99.00
-99.00
-99.00
-99.00
3.63
29.22
6.59
0.27
-99.00
-99.00
-99.00
-99.00
-99.00
-99.00
-99.00
-99.00
-99.00
-99.00
-99.00
-99.00
-99.00
-99.00
-99.00
-99.00
-99.00
-99.00
-99.00
-99.00
-99.00
-99.00
-99.00
-99.00
-99.00
-99.00
-99.00
-99.00
-99.00
-99.00
-99.00
-99.00
-99.00
-99.00
-99.00
-99.00
-99.00
-99.00
-99.00
-99.00
-99.00
0.55
0.02
-99.00
-99.00
-99.00
-99.00
-99.00
-99.00
-99.00
0.01
-99.00
-99.00
-99.00
-99.00
-99.00
-99.00
0.16
-99.00
-99.00
-99.00
-99.00
-99.00
-99.00
0.03
-99.00
-99.00
-99.00
-99.00
-99.00
-99.00
-99.00
-99.00
-99.00
-99.00
-99.00
1.09
0.33
1.52
0.29
-99.00
-99.00
-99.00
-99.00
-99.00
-99.00
-99.00
0.13
0.09
-99.00
-99.00
-99.00
-99.00
-99.00
-99.00
-99.00
0.01
1.58
0.75
-99.00
2.64
1.55
0.25
1.82
3.32
0.41
-99.00
-99.00
-99.00
0.22
6.04
1.16
0.70
1.26
-99.00
-99.00
-99.00
-99.00
-99.00
0.01
-99.00
-99.00
1.63
0.24
-99.00
-99.00
0.77
4.26
4.35
0.31
-99.00
-99.00
-99.00
-99.00
-99.00
0.18
1.24
-99.00
-99.00
-99.00
-99.00
-99.00
-99.00
-99.00
-99.00
-99.00
-99.00
2.31
11.53
0.94
0.94
1.22
2.94
0.47
0.66
3.18
5.77
4.12
0.99
0.01
-99.00
-99.00
-99.00
1.68
1.88
7.69
1.62
0.21
2.87
13.61
7.57
4.36
1.30
3.61
2.15
11.37
3.50
2.73
0.91
3.83
2.02
4.85
5.10
2.45
3.28
7.65
14.23
3.57
4.05
2.21
21.13
11.00
4.66
-99.00
-99.00
-99.00
-99.00
6.68
0.30
0.43
0.25
-99.00
0.87
1.31
0.03
0.62
0.05
1.93
2.31
7.04
1.40
0.19
0.05
0.21
4.61
11.83
3.33
2.42
2.86
2.78
1.57
3.35
0.87
4.75
8.74
7.06
14.74
5.09
7.68
5.63
1.55
4.85
6.30
11.50
7.17
1.28
5.48
7.74
2.84
2.38
0.68
0.34
-99.00
-99.00
0.02
1.50
6.26
3.21
8.71
2.25
14.28
25.39
5.10
12.38
10.36
7.35
48.44
10.86
3.20
1.43
1.40
1.66
7.12
16.39
54.95
64.10
24.88
0.87
0.04
0.85
0.02
5.27
2.79
1.58
1.39
6.83
12.04
1.63
2.18
6.10
5.66
3.77
22.13
41.20
33.25
17.59
4.83
1.60
2.36
3.28
1.22
2.46
5.06
4.03
3.93
4.74
6.40
10.66
11.94
2.82
3.68
19.76
0.74
1.74
1.54
4.24
6.21
11.95
12.49
6.05
2.55
10.05
5.86
17.65
6.78
0.10
1.59
2.66
6.93
-99.00
2.49
7.21
1.13
1.27
13.92
4.04
3.84
3.49
22.36
5.75
62.90
44.42
5.13
25.20
3.26
3.22
5.63
0.73
-99.00
-99.00
0.10
-99.00
1.12
0.02
0.34
0.25
0.47
-99.00
-99.00
-99.00
-99.00
-99.00
-99.00
-99.00
-99.00
-99.00
-99.00
-99.00
-99.00
-99.00
-99.00
-99.00
-99.00
-99.00
-99.00
-99.00
-99.00
-99.00
-99.00
-99.00
-99.00
-99.00
-99.00
-99.00
-99.00
-99.00
0.09
-99.00
-99.00
-99.00
-99.00
-99.00
-99.00
-99.00
-99.00
-99.00
-99.00
-99.00
-99.00
-99.00
-99.00
0.39
-99.00
-99.00
-99.00
-99.00
-99.00
-99.00
-99.00
-99.00
0.04
-99.00
-99.00
-99.00
-99.00
-99.00
-99.00
1.90
8.31
6.87
0.21
-99.00
-99.00
-99.00
0.09
0.31
0.04
-99.00
-99.00
-99.00
-99.00
-99.00
-99.00
-99.00
-99.00
-99.00
-99.00
-99.00
0.64
17.07
5.57
-99.00
-99.00
-99.00
-99.00
3.77
2.34
-99.00
-99.00
-99.00
-99.00
-99.00
-99.00
-99.00
-99.00
-99.00
-99.00
-99.00
0.02
0.01
-99.00
-99.00
0.02
-99.00
-99.00
-99.00
-99.00
-99.00
-99.00
-99.00
-99.00
-99.00
-99.00
-99.00
0.34
0.89
0.48
-99.00
-99.00
-99.00
-99.00
-99.00
-99.00
-99.00
-99.00
-99.00
-99.00
-99.00
-99.00
-99.00
-99.00
-99.00
-99.00
-99.00
-99.00
-99.00
-99.00
-99.00
-99.00
-99.00
-99.00
-99.00
-99.00
-99.00
-99.00
-99.00
-99.00
-99.00
0.52
0.16
1.44
-99.00
-99.00
-99.00
-99.00
0.02
-99.00
-99.00
-99.00
-99.00
2.34
3.15
1.73
3.41
1.09
-99.00
-99.00
-99.00
-99.00
-99.00
-99.00
-99.00
-99.00
4.59
4.59
-99.00
0.19
-99.00
-99.00
-99.00
0.12
0.28
0.41
3.77
4.07
3.29
0.08
-99.00
0.28
3.99
1.57
3.33
7.88
21.08
16.22
3.00
1.13
4.76
1.41
2.10
0.13
0.18
-99.00
2.37
0.52
2.64
0.08
0.48
3.00
7.39
5.97
4.66
0.46
6.04
0.41
0.32
0.03
0.38
14.00
47.49
74.16
19.72
11.07
5.61
1.43
0.27
1.04
0.54
1.77
13.88
26.96
18.28
10.91
1.66
0.90
4.00
2.30
16.42
9.04
18.10
29.15
5.13
1.16
2.11
0.93
2.67
10.17
2.90
0.56
0.45
7.03
3.08
11.28
15.81
17.22
16.75
12.57
8.12
5.23
7.78
12.37
6.17
13.04
9.42
1.84
2.73
3.21
10.45
17.29
6.08
5.34
14.15
7.28
6.37
1.49
6.73
2.99
6.99
8.29
9.97
4.41
9.67
11.48
1.32
5.21
7.54
6.01
3.85
0.59
4.40
17.13
8.88
11.22
9.18
2.97
4.13
19.80
6.92
5.05
1.44
9.53
2.96
4.91
8.78
5.32
18.35
7.29
6.16
3.97
12.90
11.16
7.54
50.55
38.39
10.66
1.87
2.24
6.76
6.14
3.01
0.42
0.15
15.66
13.65
15.38
11.57
19.29
1.65
0.25
0.22
-99.00
-99.00
-99.00
-99.00
-99.00
-99.00
-99.00
-99.00
0.35
4.60
38.62
17.19
0.37
8.70
0.83
1.92
-99.00
0.08
-99.00
0.13
21.62
15.04
7.02
0.35
-99.00
-99.00
-99.00
0.03
0.11
0.85
-99.00
-99.00
-99.00
-99.00
-99.00
-99.00
-99.00
-99.00
-99.00
-99.00
-99.00
-99.00
-99.00
-99.00
-99.00
-99.00
-99.00
-99.00
-99.00
-99.00
-99.00
-99.00
-99.00
0.89
-99.00
-99.00
-99.00
-99.00
-99.00
-99.00
-99.00
-99.00
-99.00
-99.00
-99.00
-99.00
-99.00
-99.00
-99.00
-99.00
-99.00
-99.00
-99.00
-99.00
-99.00
-99.00
-99.00
-99.00
-99.00
-99.00
-99.00
0.05
0.22
-99.00
-99.00
-99.00
-99.00
-99.00
-99.00
-99.00
-99.00
-99.00
-99.00
-99.00
-99.00
-99.00
-99.00
-99.00
-99.00
-99.00
0.55
0.02
0.22
-99.00
-99.00
1.87
0.10
-99.00
-99.00
-99.00
-99.00
-99.00
-99.00
-99.00
0.89
0.39
-99.00
-99.00
-99.00
-99.00
0.10
-99.00
0.17
-99.00
-99.00
-99.00
-99.00
-99.00
0.09
-99.00
-99.00
-99.00
-99.00
-99.00
-99.00
0.73
0.07
-99.00
-99.00
-99.00
-99.00
-99.00
-99.00
0.07
1.51
3.69
0.03
-99.00
-99.00
-99.00
-99.00
-99.00
-99.00
-99.00
-99.00
-99.00
-99.00
0.04
-99.00
-99.00
-99.00
-99.00
-99.00
-99.00
-99.00
-99.00
-99.00
-99.00
-99.00
-99.00
-99.00
-99.00
-99.00
-99.00
-99.00
-99.00
-99.00
0.10
-99.00
-99.00
-99.00
0.14
3.24
5.13
0.57
0.77
1.27
-99.00
0.74
1.60
-99.00
-99.00
1.95
-99.00
-99.00
0.11
1.46
0.45
-99.00
0.03
-99.00
-99.00
-99.00
-99.00
1.06
0.43
0.07
-99.00
2.63
-99.00
1.07
0.27
0.21
-99.00
0.13
0.63
13.89
1.05
12.88
0.63
-99.00
15.70
3.13
4.84
5.04
8.09
5.68
1.99
1.07
7.03
13.08
16.18
0.35
6.96
1.93
0.50
7.83
0.14
0.44
14.42
6.34
0.98
2.93
0.61
0.25
2.98
12.80
8.54
2.40
-99.00
1.05
8.31
2.06
2.57
2.69
6.63
5.90
10.56
-99.00
19.92
18.90
4.25
1.09
3.13
1.07
12.51
5.37
1.21
1.84
5.24
1.48
0.09
11.32
1.28
1.52
3.90
7.03
13.38
10.93
21.03
8.50
6.72
1.13
2.08
8.14
14.60
15.27
10.27
7.80
7.93
12.11
4.75
2.67
2.48
1.64
3.83
5.05
9.21
7.01
3.85
2.38
7.66
2.67
3.24
36.44
20.70
3.28
3.36
5.04
19.02
0.17
2.08
7.91
6.49
1.47
8.26
3.18
5.75
5.69
3.53
1.60
0.76
0.64
1.61
3.47
5.77
6.43
0.93
2.09
5.44
2.48
14.87
11.86
17.66
5.72
5.44
24.76
27.32
1.70
3.24
2.26
0.85
0.92
13.12
4.15
12.96
16.35
7.08
2.33
20.41
1.18
5.02
16.42
5.08
1.58
0.78
4.69
7.87
20.21
2.76
0.02
0.27
12.63
2.17
4.14
3.89
5.67
2.57
1.95
2.34
2.67
5.60
8.68
3.70
4.59
3.23
-99.00
-99.00
-99.00
-99.00
0.79
0.70
0.05
0.22
2.35
0.39
-99.00
6.00
30.28
29.80
1.90
-99.00
-99.00
-99.00
-99.00
-99.00
-99.00
-99.00
-99.00
-99.00
-99.00
-99.00
-99.00
-99.00
-99.00
-99.00
-99.00
-99.00
-99.00
-99.00
0.08
0.03
-99.00
-99.00
-99.00
-99.00
-99.00
-99.00
1.13
-99.00
-99.00
-99.00
0.07
-99.00
-99.00
-99.00
-99.00
-99.00
-99.00
-99.00
-99.00
-99.00
-99.00
-99.00
-99.00
-99.00
-99.00
-99.00
-99.00
-99.00
0.37
-99.00
-99.00
-99.00
-99.00
-99.00
-99.00
3.82
-99.00
-99.00
-99.00
-99.00
-99.00
-99.00
-99.00
-99.00
-99.00
-99.00
-99.00
-99.00
0.22
0.47
-99.00
-99.00
-99.00
-99.00
-99.00
-99.00
-99.00
-99.00
-99.00
-99.00
-99.00
-99.00
-99.00
-99.00
-99.00
-99.00
-99.00
1.74
1.56
-99.00
-99.00
-99.00
-99.00
-99.00
-99.00
-99.00
-99.00
-99.00
-99.00
0.08
-99.00
-99.00
-99.00
-99.00
0.02
-99.00
-99.00
-99.00
-99.00
-99.00
0.39
-99.00
-99.00
-99.00
0.42
0.28
0.81
4.85
0.21
-99.00
-99.00
-99.00
-99.00
-99.00
-99.00
-99.00
-99.00
-99.00
-99.00
-99.00
-99.00
-99.00
-99.00
4.91
-99.00
-99.00
0.02
-99.00
-99.00
-99.00
-99.00
-99.00
-99.00
-99.00
-99.00
-99.00
1.11
0.32
-99.00
-99.00
-99.00
-99.00
-99.00
-99.00
-99.00
-99.00
1.16
0.19
-99.00
-99.00
-99.00
0.15
0.79
1.89
0.46
8.13
14.03
6.47
0.02
0.62
7.02
-99.00
0.73
0.31
2.29
3.14
0.33
-99.00
-99.00
0.04
0.09
1.57
11.04
5.84
0.07
0.54
2.49
5.14
3.23
4.52
5.54
7.02
3.12
1.17
1.96
8.94
4.06
1.50
6.07
0.99
0.04
-99.00
0.82
1.44
5.41
4.40
5.20
11.91
3.34
6.83
3.56
9.78
8.41
6.90
0.52
0.80
-99.00
1.90
1.95
4.23
5.55
-99.00
0.03
0.02
-99.00
4.83
0.18
-99.00
-99.00
0.27
9.81
-99.00
6.63
5.22
12.31
0.82
5.42
6.51
3.42
5.60
16.84
2.91
1.92
4.14
7.40
2.61
1.39
1.20
7.21
23.23
10.44
7.90
17.32
42.44
24.84
5.06
3.25
5.73
9.94
6.82
12.54
8.49
1.69
7.38
4.11
3.31
1.60
1.46
0.87
0.69
0.97
3.21
1.57
2.92
2.52
33.29
5.76
9.36
3.83
18.07
16.66
14.56
2.12
1.16
0.62
5.65
28.37
12.56
8.84
11.63
7.43
0.81
0.43
3.91
1.02
0.75
0.56
1.44
10.04
6.16
0.30
0.26
5.02
2.05
7.75
3.91
24.33
6.75
3.88
16.08
0.51
1.55
0.26
0.22
1.78
6.46
0.56
0.28
2.07
1.42
0.23
7.54
1.53
9.67
34.17
7.65
12.84
11.86
13.42
10.11
7.81
10.09
5.53
2.37
-99.00
0.03
0.20
2.19
3.95
10.26
22.14
79.88
44.55
46.69
24.65
6.78
11.85
2.51
2.89
2.86
23.02
30.01
35.54
17.71
0.39
0.11
0.08
0.44
3.19
5.60
4.40
3.78
0.72
0.11
3.70
-99.00
-99.00
-99.00
-99.00
-99.00
-99.00
-99.00
-99.00
-99.00
-99.00
-99.00
-99.00
-99.00
0.30
0.59
0.03
3.23
1.69
0.50
16.33
10.91
4.01
1.75
-99.00
-99.00
-99.00
-99.00
-99.00
0.10
0.37
-99.00
-99.00
0.08
-99.00
-99.00
-99.00
-99.00
-99.00
-99.00
-99.00
-99.00
-99.00
-99.00
-99.00
-99.00
-99.00
-99.00
-99.00
-99.00
-99.00
-99.00
-99.00
-99.00
-99.00
1.57
10.10
0.09
-99.00
0.14
0.29
0.23
-99.00
-99.00
-99.00
-99.00
-99.00
-99.00
-99.00
-99.00
0.24
0.03
-99.00
-99.00
-99.00
-99.00
-99.00
-99.00
-99.00
-99.00
-99.00
-99.00
-99.00
-99.00
0.38
0.22
-99.00
-99.00
-99.00
-99.00
-99.00
-99.00
-99.00
-99.00
-99.00
-99.00
-99.00
-99.00
-99.00
-99.00
-99.00
-99.00
-99.00
-99.00
-99.00
-99.00
-99.00
-99.00
0.36
0.25
0.35
-99.00
0.35
-99.00
0.09
-99.00
-99.00
-99.00
-99.00
-99.00
-99.00
-99.00
-99.00
-99.00
-99.00
-99.00
-99.00
-99.00
-99.00
-99.00
0.01
1.53
0.39
0.06
0.49
0.29
1.12
0.50
-99.00
-99.00
0.66
1.99
3.60
1.54
3.36
0.97
2.84
0.30
-99.00
-99.00
-99.00
-99.00
0.35
-99.00
-99.00
-99.00
-99.00
-99.00
-99.00
-99.00
-99.00
0.10
-99.00
0.11
-99.00
-99.00
0.05
-99.00
-99.00
-99.00
-99.00
-99.00
5.61
5.40
1.02
-99.00
0.12
0.05
-99.00
-99.00
1.49
0.27
1.01
0.16
-99.00
7.56
10.38
8.37
12.50
4.76
10.85
0.11
-99.00
18.31
5.91
15.76
12.71
1.98
1.14
1.06
0.17
0.16
0.13
0.20
-99.00
-99.00
-99.00
-99.00
-99.00
-99.00
-99.00
-99.00
0.21
-99.00
0.30
3.00
-99.00
6.55
4.06
0.66
-99.00
15.32
0.59
0.27
0.08
0.51
0.58
0.03
2.83
2.19
3.46
17.08
8.60
16.34
0.61
15.55
-99.00
0.02
0.41
-99.00
2.28
-99.00
1.16
0.55
4.45
16.36
25.16
7.30
1.92
0.06
0.14
0.25
-99.00
0.03
1.53
11.21
20.61
0.29
1.63
3.35
17.85
14.60
7.05
13.32
5.38
8.38
7.63
8.04
3.46
5.22
4.12
5.49
2.77
2.24
4.43
3.15
3.57
9.96
21.66
23.74
31.62
10.85
25.80
8.05
30.41
55.10
23.67
46.92
2.92
0.56
1.84
0.33
0.76
0.05
0.03
0.85
17.22
9.57
3.37
2.26
5.29
0.80
4.87
-99.00
8.00
36.05
42.80
9.57
0.77
1.60
38.43
44.89
72.38
18.47
6.44
1.15
5.67
0.49
19.62
4.04
8.19
14.74
2.45
13.20
5.11
2.16
5.04
22.50
12.04
4.35
4.58
0.57
0.29
-99.00
0.30
0.31
1.39
4.48
5.96
10.23
14.68
17.24
4.20
3.49
10.47
-99.00
2.48
2.61
-99.00
-99.00
-99.00
0.06
0.54
0.02
2.29
1.99
0.11
0.03
-99.00
0.40
0.14
-99.00
3.95
3.04
0.46
8.30
5.72
-99.00
-99.00
-99.00
-99.00
-99.00
-99.00
-99.00
-99.00
0.09
-99.00
-99.00
-99.00
-99.00
0.10
0.14
-99.00
-99.00
-99.00
-99.00
-99.00
-99.00
-99.00
0.06
0.03
1.95
2.93
0.68
-99.00
-99.00
-99.00
-99.00
-99.00
-99.00
-99.00
-99.00
-99.00
-99.00
-99.00
-99.00
-99.00
-99.00
-99.00
-99.00
-99.00
-99.00
-99.00
-99.00
-99.00
-99.00
-99.00
-99.00
-99.00
2.42
3.66
-99.00
-99.00
-99.00
-99.00
-99.00
-99.00
-99.00
-99.00
-99.00
0.07
-99.00
-99.00
-99.00
-99.00
-99.00
-99.00
-99.00
-99.00
-99.00
-99.00
-99.00
-99.00
0.07
-99.00
-99.00
-99.00
-99.00
-99.00
-99.00
-99.00
0.24
0.40
-99.00
-99.00
-99.00
-99.00
-99.00
-99.00
-99.00
-99.00
-99.00
-99.00
-99.00
-99.00
-99.00
-99.00
-99.00
-99.00
-99.00
0.05
-99.00
-99.00
-99.00
-99.00
-99.00
-99.00
-99.00
-99.00
-99.00
-99.00
-99.00
-99.00
0.16
0.58
2.18
0.21
-99.00
-99.00
-99.00
-99.00
7.91
15.59
2.39
-99.00
-99.00
-99.00
0.54
0.10
1.87
0.77
-99.00
-99.00
-99.00
-99.00
1.26
0.02
3.84
-99.00
5.38
2.98
2.23
2.20
0.16
-99.00
-99.00
5.92
16.06
4.38
-99.00
-99.00
-99.00
-99.00
-99.00
-99.00
1.62
2.11
-99.00
-99.00
-99.00
-99.00
-99.00
-99.00
-99.00
-99.00
-99.00
-99.00
-99.00
-99.00
-99.00
-99.00
-99.00
-99.00
-99.00
14.12
0.41
0.12
2.87
0.03
9.96
3.90
9.87
0.53
0.33
1.95
1.45
0.01
7.47
2.41
-99.00
-99.00
-99.00
19.28
0.63
2.26
4.63
2.73
0.12
8.18
1.95
0.07
9.12
10.96
4.82
3.57
13.11
0.55
0.06
0.22
3.17
16.30
6.56
4.20
3.70
5.82
1.90
0.85
10.14
12.11
15.48
2.21
-99.00
1.59
-99.00
0.09
-99.00
0.03
0.02
5.44
3.80
2.89
24.77
41.52
55.16
25.81
17.07
5.28
36.85
18.42
7.94
0.46
6.32
9.63
56.30
3.10
1.01
2.01
1.53
13.20
6.37
1.35
4.22
6.85
33.94
34.53
53.93
13.78
19.13
8.35
2.01
10.43
19.40
3.01
1.45
5.93
1.04
0.55
2.99
6.68
1.67
2.85
4.48
2.05
1.29
4.10
10.52
10.38
4.60
6.55
1.39
0.30
1.05
1.82
4.66
3.71
4.19
4.48
2.99
1.78
3.39
2.70
18.85
20.74
19.06
5.69
24.91
7.27
0.02
4.75
3.42
3.57
0.78
3.74
3.25
6.47
6.72
12.36
26.63
17.48
20.57
16.58
1.20
0.01
0.01
2.48
5.17
2.79
23.59
20.16
10.46
17.80
9.86
0.71
1.90
2.61
3.20
0.16
1.21
7.41
3.44
1.47
0.44
0.69
0.33
3.40
2.23
0.04
0.06
-99.00
2.87
3.59
1.00
0.18
22.58
13.69
3.03
16.11
11.16
5.02
-99.00
-99.00
-99.00
-99.00
-99.00
0.43
0.17
-99.00
-99.00
-99.00
-99.00
1.79
2.70
0.09
-99.00
-99.00
-99.00
-99.00
-99.00
-99.00
-99.00
-99.00
-99.00
-99.00
-99.00
-99.00
-99.00
-99.00
0.33
-99.00
0.17
-99.00
-99.00
-99.00
-99.00
-99.00
-99.00
-99.00
-99.00
-99.00
-99.00
-99.00
-99.00
-99.00
-99.00
-99.00
-99.00
-99.00
-99.00
-99.00
-99.00
0.67
16.65
22.71
5.61
0.37
-99.00
-99.00
-99.00
-99.00
-99.00
-99.00
-99.00
-99.00
-99.00
-99.00
-99.00
-99.00
-99.00
-99.00
-99.00
-99.00
-99.00
-99.00
-99.00
-99.00
-99.00
-99.00
-99.00
-99.00
-99.00
0.13
-99.00
-99.00
-99.00
-99.00
-99.00
-99.00
1.20
0.06
-99.00
-99.00
-99.00
0.13
0.07
-99.00
-99.00
-99.00
-99.00
-99.00
-99.00
-99.00
-99.00
-99.00
-99.00
-99.00
-99.00
-99.00
-99.00
-99.00
-99.00
-99.00
-99.00
-99.00
-99.00
-99.00
-99.00
-99.00
-99.00
-99.00
-99.00
-99.00
-99.00
-99.00
-99.00
-99.00
-99.00
-99.00
-99.00
-99.00
0.08
-99.00
-99.00
-99.00
10.55
4.31
-99.00
-99.00
0.04
-99.00
-99.00
-99.00
-99.00
-99.00
-99.00
-99.00
-99.00
-99.00
-99.00
-99.00
-99.00
-99.00
-99.00
-99.00
-99.00
1.59
0.03
0.28
0.18
0.16
0.02
-99.00
-99.00
-99.00
-99.00
-99.00
-99.00
-99.00
-99.00
-99.00
-99.00
-99.00
-99.00
0.46
0.19
-99.00
-99.00
-99.00
-99.00
-99.00
-99.00
-99.00
-99.00
-99.00
-99.00
-99.00
-99.00
-99.00
-99.00
-99.00
-99.00
-99.00
0.13
-99.00
-99.00
-99.00
-99.00
-99.00
-99.00
-99.00
-99.00
0.84
1.69
0.85
1.14
0.48
2.75
-99.00
0.17
-99.00
-99.00
-99.00
-99.00
-99.00
-99.00
-99.00
0.13
0.22
11.88
2.67
5.54
35.68
33.01
2.28
0.22
0.26
0.20
0.31
1.34
1.87
9.48
15.11
32.78
11.53
0.63
9.17
1.45
9.21
2.12
9.10
3.81
2.57
6.89
5.07
0.10
-99.00
1.62
0.58
3.53
10.66
30.17
16.10
2.87
5.02
1.81
1.20
4.81
3.98
9.91
0.72
2.17
0.53
0.49
1.11
0.89
1.72
5.69
23.43
31.68
37.88
11.29
6.53
20.57
8.15
5.35
2.45
7.15
37.19
12.08
29.68
12.46
3.74
8.35
0.13
7.89
11.35
12.20
0.62
0.71
-99.00
0.54
1.02
-99.00
5.36
42.34
20.86
4.15
10.58
7.86
4.52
1.52
3.52
5.91
3.87
1.63
11.65
2.31
1.06
0.91
1.97
1.41
1.23
2.45
1.03
3.74
1.55
0.37
-99.00
7.00
4.32
4.35
2.89
0.28
0.37
0.35
0.31
0.17
6.39
3.18
1.11
1.81
5.82
10.74
13.50
0.66
0.07
0.26
3.94
3.16
6.87
10.97
22.82
5.86
2.07
0.98
0.09
4.21
6.85
9.65
15.87
3.70
0.27
5.54
6.64
16.24
16.96
20.24
6.45
4.54
0.06
0.32
0.11
1.25
-99.00
2.50
12.28
4.14
3.37
1.86
11.41
-99.00
-99.00
-99.00
-99.00
5.74
7.63
1.95
2.30
1.14
-99.00
0.01
1.60
2.12
0.03
-99.00
-99.00
-99.00
-99.00
-99.00
-99.00
-99.00
-99.00
0.03
-99.00
-99.00
-99.00
-99.00
-99.00
-99.00
-99.00
0.03
-99.00
-99.00
-99.00
-99.00
-99.00
-99.00
-99.00
-99.00
-99.00
-99.00
-99.00
-99.00
-99.00
-99.00
-99.00
-99.00
0.04
-99.00
-99.00
-99.00
-99.00
-99.00
-99.00
-99.00
-99.00
-99.00
-99.00
-99.00
-99.00
-99.00
-99.00
-99.00
-99.00
-99.00
-99.00
-99.00
-99.00
-99.00
-99.00
-99.00
-99.00
-99.00
0.38
1.02
5.71
0.12
-99.00
-99.00
-99.00
-99.00
-99.00
-99.00
-99.00
-99.00
-99.00
-99.00
-99.00
-99.00
-99.00
-99.00
-99.00
-99.00
-99.00
-99.00
-99.00
-99.00
-99.00
-99.00
-99.00
-99.00
-99.00
-99.00
-99.00
-99.00
-99.00
-99.00
-99.00
-99.00
-99.00
-99.00
-99.00
-99.00
-99.00
-99.00
-99.00
-99.00
-99.00
-99.00
-99.00
-99.00
0.01
0.42
0.17
0.06
4.12
1.76
0.57
0.03
4.70
4.41
1.79
1.68
0.03
0.67
0.15
6.98
4.08
0.01
2.25
1.63
0.80
0.05
-99.00
-99.00
0.21
0.07
-99.00
6.37
1.39
0.21
2.86
1.90
-99.00
-99.00
-99.00
-99.00
-99.00
-99.00
-99.00
-99.00
-99.00
5.12
7.43
4.01
-99.00
0.55
0.67
2.07
1.12
7.27
8.24
0.18
1.08
3.71
2.68
2.01
1.85
1.62
-99.00
-99.00
-99.00
-99.00
-99.00
0.58
-99.00
-99.00
0.10
-99.00
7.37
0.80
-99.00
-99.00
0.80
6.20
4.67
0.78
0.54
6.30
2.96
5.28
0.67
0.75
0.56
16.05
4.45
-99.00
3.64
0.23
3.55
9.46
3.33
5.26
21.36
8.34
3.88
-99.00
-99.00
0.49
30.32
10.33
1.33
2.47
0.27
26.61
8.86
6.40
1.32
1.86
1.69
0.53
0.52
18.91
5.50
0.24
0.83
32.98
3.04
2.15
15.31
13.07
5.81
2.62
8.09
1.85
2.23
0.66
1.62
1.88
1.16
3.02
13.03
14.39
7.50
17.34
7.00
0.98
3.98
16.38
4.95
3.87
27.68
8.47
13.32
34.64
38.12
16.65
21.02
14.20
25.22
11.35
6.66
4.78
5.88
3.56
23.74
10.24
5.29
2.95
3.00
9.73
23.18
4.62
3.43
3.30
1.12
4.27
0.83
15.61
11.66
19.82
4.35
5.52
15.95
25.65
12.82
2.85
8.01
5.59
4.21
0.36
0.58
2.09
5.65
12.92
6.11
1.62
7.57
3.77
1.65
0.47
1.17
0.18
3.08
7.64
0.80
19.87
6.40
8.26
1.61
3.31
0.60
0.02
-99.00
11.92
8.14
3.91
2.19
6.21
1.66
1.30
0.03
5.61
22.12
2.89
2.50
7.23
3.67
2.12
1.28
1.93
7.04
10.21
5.47
4.35
4.19
5.04
2.11
25.19
17.72
8.12
14.36
10.81
13.22
7.03
18.85
14.53
3.69
2.86
0.96
3.69
20.69
5.62
1.19
2.28
4.28
6.57
1.82
3.10
0.08
0.39
-99.00
-99.00
-99.00
-99.00
-99.00
-99.00
-99.00
-99.00
-99.00
-99.00
-99.00
-99.00
-99.00
-99.00
-99.00
-99.00
2.85
3.47
5.28
0.68
0.16
-99.00
0.05
0.28
7.19
-99.00
-99.00
-99.00
1.94
-99.00
-99.00
-99.00
-99.00
-99.00
-99.00
-99.00
-99.00
-99.00
-99.00
-99.00
-99.00
-99.00
-99.00
-99.00
-99.00
-99.00
-99.00
-99.00
-99.00
-99.00
-99.00
-99.00
-99.00
-99.00
-99.00
-99.00
-99.00
-99.00
-99.00
-99.00
0.41
0.07
-99.00
-99.00
-99.00
-99.00
-99.00
-99.00
-99.00
-99.00
-99.00
-99.00
-99.00
-99.00
-99.00
0.69
2.94
1.99
-99.00
-99.00
-99.00
-99.00
-99.00
-99.00
0.02
0.23
1.71
0.69
-99.00
-99.00
-99.00
-99.00
-99.00
-99.00
-99.00
-99.00
-99.00
-99.00
-99.00
-99.00
-99.00
-99.00
-99.00
-99.00
-99.00
-99.00
0.71
-99.00
2.67
0.70
0.48
-99.00
-99.00
-99.00
-99.00
-99.00
-99.00
-99.00
-99.00
-99.00
-99.00
-99.00
-99.00
-99.00
-99.00
-99.00
-99.00
-99.00
-99.00
-99.00
-99.00
0.89
0.16
5.00
1.32
-99.00
-99.00
-99.00
0.80
0.56
-99.00
-99.00
-99.00
-99.00
-99.00
0.09
1.78
0.37
0.02
-99.00
-99.00
-99.00
-99.00
-99.00
-99.00
0.08
0.78
5.59
0.89
-99.00
0.13
0.91
0.08
-99.00
0.62
0.31
-99.00
-99.00
-99.00
-99.00
-99.00
3.21
0.20
2.91
1.25
1.04
-99.00
8.94
7.41
0.04
-99.00
-99.00
-99.00
-99.00
-99.00
-99.00
0.07
6.44
2.46
0.85
-99.00
-99.00
0.43
0.67
0.02
0.40
-99.00
7.99
1.60
7.47
3.18
-99.00
1.67
1.49
0.12
0.76
1.21
2.73
0.30
6.34
5.68
0.96
10.95
7.84
1.64
11.73
17.50
4.27
4.85
0.79
18.32
0.94
5.95
4.37
7.74
9.50
2.79
0.59
9.06
9.47
14.90
15.51
9.24
0.14
10.36
6.12
10.95
10.89
5.79
22.22
33.31
6.41
16.84
20.84
3.82
1.22
0.95
3.54
2.02
1.38
1.44
2.70
8.87
4.21
2.58
4.55
13.08
8.72
9.59
29.28
14.23
12.09
12.41
5.74
0.60
0.89
1.40
0.85
2.30
1.87
0.66
5.58
9.79
25.39
14.34
1.88
9.47
22.57
13.31
0.89
0.33
3.12
0.25
0.60
4.87
2.53
0.70
2.30
12.50
9.57
18.35
5.51
5.64
6.64
3.67
0.13
0.09
0.10
0.92
1.35
3.03
1.69
7.82
7.25
2.32
0.27
2.34
7.92
4.46
7.78
3.56
2.80
3.66
3.49
5.47
2.55
2.70
2.42
2.58
17.39
8.44
23.34
11.65
29.46
29.50
24.35
19.64
2.40
3.54
0.43
3.18
14.70
9.43
15.35
5.40
3.20
3.27
2.87
11.19
1.71
25.79
35.65
60.18
8.87
0.89
1.44
2.25
-99.00
1.99
-99.00
10.71
14.02
18.21
3.01
0.14
0.81
-99.00
7.12
5.51
14.07
17.26
6.37
0.71
-99.00
-99.00
-99.00
-99.00
-99.00
-99.00
-99.00
-99.00
-99.00
-99.00
-99.00
-99.00
-99.00
0.53
5.21
1.40
-99.00
-99.00
-99.00
-99.00
-99.00
3.62
-99.00
-99.00
-99.00
-99.00
-99.00
-99.00
-99.00
-99.00
-99.00
-99.00
-99.00
-99.00
-99.00
-99.00
-99.00
-99.00
-99.00
-99.00
-99.00
-99.00
-99.00
-99.00
-99.00
-99.00
-99.00
-99.00
-99.00
-99.00
-99.00
-99.00
-99.00
-99.00
-99.00
-99.00
-99.00
-99.00
-99.00
-99.00
-99.00
-99.00
-99.00
-99.00
-99.00
-99.00
-99.00
0.99
0.93
28.17
30.08
7.86
0.22
-99.00
-99.00
-99.00
-99.00
0.72
0.01
-99.00
-99.00
-99.00
-99.00
-99.00
-99.00
-99.00
-99.00
0.05
0.40
-99.00
-99.00
0.36
-99.00
-99.00
-99.00
-99.00
-99.00
0.75
0.42
-99.00
-99.00
-99.00
-99.00
-99.00
-99.00
-99.00
-99.00
3.72
1.76
-99.00
-99.00
-99.00
0.24
-99.00
16.90
2.42
0.09
-99.00
-99.00
-99.00
-99.00
0.33
-99.00
-99.00
0.11
-99.00
-99.00
0.16
0.28
0.54
1.78
0.11
-99.00
-99.00
-99.00
-99.00
-99.00
-99.00
-99.00
-99.00
-99.00
-99.00
-99.00
-99.00
-99.00
-99.00
-99.00
-99.00
-99.00
-99.00
-99.00
-99.00
-99.00
-99.00
-99.00
-99.00
0.01
0.31
-99.00
-99.00
-99.00
-99.00
-99.00
-99.00
-99.00
-99.00
-99.00
-99.00
-99.00
-99.00
-99.00
-99.00
-99.00
-99.00
-99.00
-99.00
-99.00
-99.00
-99.00
-99.00
-99.00
-99.00
0.72
0.04
-99.00
-99.00
-99.00
-99.00
-99.00
-99.00
-99.00
0.24
0.08
2.48
4.91
0.94
-99.00
3.86
10.59
11.04
2.03
1.65
0.12
0.07
0.36
-99.00
-99.00
-99.00
-99.00
-99.00
-99.00
11.22
1.10
10.50
0.42
0.53
8.45
4.35
8.75
1.78
-99.00
-99.00
5.07
10.86
0.31
-99.00
5.47
0.98
-99.00
0.08
0.19
-99.00
-99.00
-99.00
0.26
2.15
1.61
0.14
3.12
1.08
12.22
8.08
2.41
-99.00
0.73
4.72
4.04
8.27
2.47
1.59
1.30
14.85
10.92
2.63
2.84
3.86
6.70
5.47
1.90
1.67
6.13
1.26
10.51
7.11
2.42
31.57
1.32
7.30
9.16
23.17
6.48
0.40
0.90
3.41
15.64
19.88
11.78
18.92
21.23
5.61
2.23
2.39
4.32
13.07
4.94
8.46
5.07
1.39
2.20
8.95
2.69
4.57
9.05
4.09
2.51
25.93
15.20
10.05
1.59
0.07
0.72
0.49
0.30
2.08
3.62
2.05
3.31
5.19
1.35
1.22
1.21
0.07
2.36
0.60
22.31
20.96
25.19
3.85
0.42
-99.00
-99.00
0.81
0.61
2.02
1.13
1.97
0.33
0.15
0.25
0.06
4.59
5.16
23.55
3.22
0.04
0.15
1.69
0.04
-99.00
-99.00
-99.00
-99.00
-99.00
0.94
3.79
3.24
41.36
40.52
7.41
-99.00
-99.00
0.39
0.27
-99.00
1.55
2.88
6.34
1.09
0.11
0.89
9.12
3.89
0.80
4.98
6.28
0.32
0.18
-99.00
-99.00
-99.00
2.10
1.86
0.08
-99.00
-99.00
-99.00
-99.00
-99.00
-99.00
-99.00
-99.00
-99.00
-99.00
-99.00
-99.00
-99.00
-99.00
-99.00
-99.00
-99.00
-99.00
-99.00
0.12
0.14
-99.00
-99.00
-99.00
-99.00
-99.00
-99.00
-99.00
-99.00
-99.00
-99.00
1.95
3.23
0.19
-99.00
-99.00
-99.00
-99.00
-99.00
-99.00
0.05
0.08
0.26
-99.00
-99.00
-99.00
-99.00
-99.00
-99.00
-99.00
-99.00
-99.00
-99.00
-99.00
-99.00
-99.00
-99.00
-99.00
-99.00
-99.00
-99.00
-99.00
-99.00
-99.00
-99.00
-99.00
-99.00
-99.00
-99.00
-99.00
-99.00
-99.00
-99.00
-99.00
-99.00
-99.00
0.50
1.01
1.27
-99.00
-99.00
-99.00
-99.00
-99.00
-99.00
-99.00
-99.00
-99.00
-99.00
-99.00
-99.00
-99.00
-99.00
-99.00
-99.00
-99.00
-99.00
-99.00
-99.00
-99.00
1.86
0.30
0.01
-99.00
-99.00
-99.00
-99.00
-99.00
-99.00
-99.00
-99.00
-99.00
-99.00
-99.00
-99.00
-99.00
-99.00
-99.00
1.82
3.67
0.39
0.91
-99.00
-99.00
-99.00
-99.00
-99.00
-99.00
0.02
0.28
-99.00
-99.00
-99.00
-99.00
-99.00
-99.00
-99.00
-99.00
-99.00
-99.00
-99.00
-99.00
0.95
-99.00
-99.00
-99.00
-99.00
-99.00
-99.00
-99.00
1.65
0.29
3.19
13.83
19.60
3.88
-99.00
-99.00
-99.00
-99.00
-99.00
0.76
-99.00
-99.00
-99.00
-99.00
-99.00
4.75
3.14
3.78
8.81
16.20
4.58
4.33
2.34
0.35
-99.00
-99.00
-99.00
1.88
-99.00
0.42
5.46
2.14
0.91
0.04
0.04
16.11
0.76
2.54
4.20
0.21
8.60
0.31
3.67
1.41
3.19
0.02
1.11
0.81
2.68
1.01
2.98
3.04
5.67
4.39
2.25
11.97
1.92
8.11
5.29
-99.00
-99.00
0.03
0.79
-99.00
0.17
1.91
4.59
5.84
2.79
13.17
7.50
12.72
1.50
2.05
6.17
7.79
28.63
6.28
0.17
6.91
5.24
-99.00
-99.00
1.36
17.50
26.14
51.31
24.80
10.17
24.17
14.47
7.28
2.56
20.77
11.69
3.37
13.01
20.70
9.63
5.69
11.85
5.64
0.33
1.26
4.65
4.17
0.25
10.51
12.79
4.79
-99.00
1.91
2.77
7.89
21.00
5.00
1.07
2.36
10.35
13.06
56.71
27.95
11.63
9.57
1.16
1.07
0.48
0.91
0.19
1.30
2.80
5.84
7.01
6.27
6.96
5.78
0.72
2.12
3.85
3.82
5.80
10.21
6.36
0.23
0.83
2.00
1.16
1.59
6.89
3.46
10.91
9.08
30.09
9.27
2.53
5.15
0.53
2.40
25.33
9.39
2.36
45.26
27.75
34.32
8.47
1.42
2.20
4.11
6.39
5.10
4.48
0.13
23.11
37.40
15.46
5.94
5.04
3.75
-99.00
4.07
4.87
0.43
10.30
13.55
7.96
6.46
10.60
29.30
10.75
3.82
2.22
3.44
3.70
4.01
0.43
0.49
0.97
0.14
0.30
-99.00
0.09
0.19
15.35
31.47
12.87
8.36
1.86
9.81
5.60
0.60
3.12
1.40
-99.00
-99.00
-99.00
-99.00
-99.00
-99.00
-99.00
-99.00
0.19
0.06
1.75
0.18
19.91
3.01
-99.00
-99.00
-99.00
1.04
-99.00
-99.00
-99.00
-99.00
-99.00
-99.00
-99.00
-99.00
-99.00
-99.00
-99.00
-99.00
-99.00
-99.00
-99.00
-99.00
-99.00
-99.00
-99.00
-99.00
-99.00
-99.00
-99.00
-99.00
-99.00
-99.00
-99.00
-99.00
-99.00
-99.00
-99.00
-99.00
-99.00
-99.00
-99.00
-99.00
-99.00
-99.00
-99.00
-99.00
-99.00
-99.00
-99.00
-99.00
-99.00
-99.00
-99.00
-99.00
-99.00
-99.00
-99.00
-99.00
-99.00
-99.00
-99.00
-99.00
-99.00
-99.00
-99.00
-99.00
-99.00
-99.00
-99.00
-99.00
-99.00
-99.00
-99.00
7.20
5.78
-99.00
-99.00
-99.00
-99.00
-99.00
-99.00
-99.00
-99.00
-99.00
-99.00
-99.00
-99.00
-99.00
7.18
4.10
5.75
5.99
0.36
-99.00
3.59
0.17
-99.00
-99.00
1.48
0.33
-99.00
-99.00
-99.00
0.03
0.06
0.31
-99.00
-99.00
-99.00
-99.00
6.68
11.20
1.12
-99.00
-99.00
-99.00
-99.00
-99.00
-99.00
-99.00
-99.00
-99.00
-99.00
-99.00
-99.00
-99.00
-99.00
-99.00
-99.00
-99.00
7.30
-99.00
-99.00
-99.00
-99.00
2.09
-99.00
-99.00
-99.00
-99.00
-99.00
-99.00
-99.00
2.16
3.23
-99.00
0.71
0.17
-99.00
1.96
14.62
2.12
0.03
0.05
-99.00
0.54
-99.00
-99.00
-99.00
-99.00
-99.00
-99.00
-99.00
-99.00
0.09
2.90
1.17
2.10
-99.00
2.62
3.37
0.37
0.65
0.18
-99.00
-99.00
0.03
3.50
6.88
-99.00
1.08
-99.00
0.08
0.13
0.03
0.37
9.49
3.36
1.09
0.06
0.77
3.14
2.02
5.60
2.37
15.83
16.63
0.44
10.91
-99.00
-99.00
2.08
3.44
9.97
0.33
-99.00
2.39
0.18
0.46
1.01
0.39
0.28
1.87
5.00
22.96
7.19
4.91
7.08
0.10
18.67
18.73
15.50
8.65
12.13
8.21
7.24
10.64
9.50
5.26
7.74
3.07
1.44
3.29
2.62
1.54
0.78
6.87
19.00
21.22
15.55
11.12
8.13
5.84
5.87
0.74
4.39
17.23
4.79
0.98
0.53
0.32
0.90
0.23
1.56
0.42
0.73
1.01
3.18
1.18
4.51
8.72
15.77
2.03
2.72
4.11
5.74
6.65
2.28
11.69
2.48
1.50
0.10
2.38
1.97
3.69
2.46
2.64
2.02
1.85
1.45
8.55
11.07
4.24
6.92
31.88
15.29
0.86
0.40
3.48
2.03
0.61
1.05
2.31
11.70
22.88
17.69
8.09
9.81
3.06
3.20
0.88
3.15
3.40
1.00
0.43
4.22
1.27
9.24
0.03
2.37
15.68
0.55
6.35
13.72
8.61
5.68
1.62
4.23
2.08
7.13
6.48
11.63
3.93
5.49
3.85
0.03
-99.00
-99.00
-99.00
-99.00
-99.00
-99.00
-99.00
0.15
1.08
0.94
6.47
16.68
26.53
10.85
31.04
2.49
-99.00
-99.00
-99.00
-99.00
-99.00
-99.00
-99.00
-99.00
-99.00
-99.00
-99.00
-99.00
-99.00
-99.00
-99.00
-99.00
-99.00
0.07
-99.00
0.06
-99.00
-99.00
0.03
0.02
0.03
-99.00
-99.00
-99.00
-99.00
-99.00
-99.00
-99.00
-99.00
5.87
0.73
-99.00
-99.00
-99.00
-99.00
-99.00
-99.00
-99.00
0.03
0.45
0.27
0.03
-99.00
-99.00
-99.00
-99.00
-99.00
-99.00
-99.00
-99.00
-99.00
-99.00
-99.00
-99.00
-99.00
-99.00
-99.00
-99.00
-99.00
-99.00
-99.00
-99.00
-99.00
-99.00
-99.00
-99.00
-99.00
-99.00
-99.00
-99.00
-99.00
-99.00
-99.00
-99.00
-99.00
-99.00
-99.00
-99.00
-99.00
-99.00
-99.00
-99.00
-99.00
-99.00
0.13
2.47
8.03
1.38
-99.00
-99.00
0.52
0.45
-99.00
-99.00
0.45
0.05
-99.00
-99.00
-99.00
-99.00
-99.00
-99.00
-99.00
-99.00
-99.00
-99.00
-99.00
-99.00
-99.00
-99.00
-99.00
-99.00
0.34
1.12
0.55
-99.00
-99.00
-99.00
0.04
-99.00
-99.00
-99.00
-99.00
3.82
1.49
-99.00
1.98
0.34
-99.00
-99.00
-99.00
13.18
-99.00
-99.00
-99.00
0.07
0.07
-99.00
-99.00
1.35
-99.00
-99.00
-99.00
0.07
0.31
-99.00
-99.00
-99.00
-99.00
-99.00
-99.00
-99.00
-99.00
-99.00
-99.00
-99.00
-99.00
-99.00
-99.00
-99.00
-99.00
-99.00
-99.00
3.14
0.84
0.47
1.38
-99.00
-99.00
-99.00
-99.00
-99.00
-99.00
-99.00
0.03
-99.00
0.46
0.08
0.31
3.27
-99.00
-99.00
2.42
-99.00
0.37
-99.00
-99.00
-99.00
-99.00
-99.00
-99.00
-99.00
0.06
-99.00
0.30
0.31
-99.00
0.12
-99.00
0.13
0.33
-99.00
0.15
0.21
0.09
10.41
4.13
3.94
0.85
7.08
1.33
4.91
8.12
17.46
6.52
-99.00
-99.00
0.61
3.39
0.66
1.02
-99.00
-99.00
0.10
-99.00
-99.00
-99.00
-99.00
-99.00
-99.00
0.11
0.96
3.06
21.91
1.54
3.92
12.07
1.81
4.27
7.50
2.03
1.32
-99.00
0.28
4.49
20.92
26.00
34.84
28.11
16.44
8.67
9.37
6.73
7.33
2.57
2.97
0.72
2.74
0.38
2.30
7.73
17.11
18.61
26.23
6.26
13.48
0.20
13.68
18.55
1.29
2.06
1.92
5.69
2.63
5.83
9.85
6.22
9.09
2.57
3.12
7.54
9.15
5.51
1.10
3.15
20.19
4.79
3.84
9.44
9.79
8.90
1.11
15.79
20.18
9.12
6.74
0.14
2.88
1.88
1.74
11.32
32.52
24.86
24.90
9.75
3.80
5.04
7.62
13.98
7.33
19.59
12.47
7.12
2.61
0.96
0.32
0.24
0.28
3.37
2.10
0.01
1.80
20.70
7.87
15.64
24.50
8.56
7.27
0.69
0.06
0.40
5.89
0.47
0.07
0.59
3.54
12.61
30.04
13.40
9.93
1.32
2.32
10.51
11.59
12.13
5.50
20.48
59.85
56.17
13.42
0.48
-99.00
1.83
-99.00
0.34
0.10
-99.00
0.27
2.07
0.30
0.03
0.98
0.01
-99.00
-99.00
-99.00
1.63
3.54
0.20
-99.00
2.81
4.11
0.05
-99.00
-99.00
-99.00
-99.00
-99.00
-99.00
0.02
0.13
0.95
0.79
-99.00
-99.00
-99.00
-99.00
-99.00
-99.00
0.43
35.40
19.04
0.79
-99.00
-99.00
-99.00
-99.00
-99.00
0.47
0.08
1.86
0.10
-99.00
-99.00
-99.00
0.64
0.52
-99.00
0.02
-99.00
-99.00
-99.00
-99.00
-99.00
-99.00
-99.00
-99.00
-99.00
-99.00
-99.00
-99.00
-99.00
-99.00
-99.00
-99.00
-99.00
-99.00
-99.00
-99.00
-99.00
-99.00
-99.00
-99.00
-99.00
0.48
0.74
0.37
1.05
-99.00
-99.00
-99.00
-99.00
-99.00
-99.00
0.03
-99.00
0.02
-99.00
-99.00
0.03
-99.00
-99.00
-99.00
-99.00
-99.00
-99.00
-99.00
0.20
2.95
0.74
-99.00
-99.00
-99.00
-99.00
-99.00
-99.00
-99.00
-99.00
-99.00
-99.00
-99.00
-99.00
-99.00
-99.00
-99.00
-99.00
-99.00
-99.00
-99.00
-99.00
-99.00
-99.00
-99.00
-99.00
0.39
0.05
-99.00
-99.00
-99.00
-99.00
-99.00
-99.00
-99.00
1.46
1.44
0.02
0.30
4.37
3.05
7.42
2.02
-99.00
-99.00
-99.00
-99.00
-99.00
-99.00
-99.00
-99.00
-99.00
-99.00
-99.00
-99.00
-99.00
-99.00
-99.00
-99.00
-99.00
-99.00
-99.00
-99.00
-99.00
-99.00
-99.00
4.02
3.37
-99.00
-99.00
0.94
0.06
-99.00
-99.00
-99.00
-99.00
-99.00
-99.00
-99.00
-99.00
-99.00
-99.00
-99.00
-99.00
-99.00
-99.00
0.46
-99.00
-99.00
-99.00
-99.00
-99.00
-99.00
0.55
-99.00
-99.00
-99.00
0.55
9.36
11.23
11.64
6.25
3.10
28.23
0.51
0.29
10.04
2.84
0.09
-99.00
-99.00
-99.00
2.07
0.02
0.69
-99.00
17.17
9.11
0.81
0.53
0.98
1.84
1.47
0.28
0.31
-99.00
-99.00
1.21
-99.00
-99.00
0.55
1.11
0.84
1.20
13.35
21.85
2.99
3.44
6.25
3.54
22.71
1.86
0.36
17.88
1.86
0.16
0.25
0.67
2.56
0.04
-99.00
-99.00
0.22
-99.00
2.20
34.19
26.00
23.92
10.14
5.56
6.16
13.80
6.64
5.17
6.57
12.32
10.55
13.78
2.44
3.93
9.86
7.79
8.96
4.05
4.21
0.85
10.95
6.64
1.70
1.19
7.90
2.20
6.56
0.46
0.71
0.82
1.39
1.92
2.95
3.73
4.08
3.13
9.58
6.02
1.10
2.67
2.13
7.27
3.39
5.37
21.77
15.71
4.37
12.80
24.45
6.27
10.07
3.70
2.21
4.68
3.65
4.99
5.75
12.59
19.61
26.68
12.18
10.10
9.60
14.48
3.40
0.03
0.92
3.94
0.24
4.22
3.48
6.60
5.95
23.53
7.96
2.86
6.62
2.02
4.33
2.89
1.07
1.69
2.78
1.05
3.33
1.29
-99.00
0.37
0.73
10.75
12.22
2.48
1.21
1.59
3.86
1.93
13.52
16.81
16.76
26.26
39.29
5.80
0.18
-99.00
1.05
4.95
6.19
16.57
6.21
-99.00
-99.00
-99.00
-99.00
-99.00
-99.00
-99.00
-99.00
-99.00
-99.00
-99.00
-99.00
-99.00
-99.00
-99.00
3.65
-99.00
-99.00
-99.00
-99.00
17.43
58.30
17.40
0.02
-99.00
-99.00
-99.00
-99.00
0.14
0.08
-99.00
-99.00
-99.00
-99.00
-99.00
-99.00
-99.00
-99.00
5.48
-99.00
-99.00
-99.00
-99.00
-99.00
-99.00
-99.00
-99.00
-99.00
-99.00
-99.00
-99.00
-99.00
-99.00
-99.00
-99.00
-99.00
-99.00
-99.00
-99.00
-99.00
-99.00
-99.00
-99.00
-99.00
-99.00
-99.00
-99.00
-99.00
-99.00
-99.00
-99.00
-99.00
-99.00
-99.00
-99.00
-99.00
-99.00
-99.00
-99.00
-99.00
-99.00
-99.00
-99.00
-99.00
-99.00
-99.00
-99.00
-99.00
-99.00
-99.00
-99.00
-99.00
-99.00
-99.00
-99.00
-99.00
-99.00
-99.00
-99.00
-99.00
-99.00
0.43
-99.00
-99.00
-99.00
3.95
1.57
-99.00
-99.00
-99.00
-99.00
-99.00
-99.00
-99.00
-99.00
-99.00
0.27
-99.00
-99.00
1.68
1.17
0.14
-99.00
-99.00
-99.00
-99.00
0.05
0.04
-99.00
-99.00
-99.00
-99.00
-99.00
-99.00
-99.00
7.24
2.72
-99.00
-99.00
-99.00
-99.00
-99.00
9.47
3.00
0.02
-99.00
-99.00
-99.00
-99.00
-99.00
-99.00
-99.00
-99.00
-99.00
-99.00
-99.00
-99.00
-99.00
1.97
0.72
-99.00
-99.00
-99.00
-99.00
-99.00
-99.00
5.17
0.36
3.76
-99.00
6.51
0.84
0.09
0.72
1.92
0.58
5.73
6.09
5.14
0.17
0.10
-99.00
0.75
0.06
-99.00
2.15
1.63
0.86
-99.00
0.44
9.30
0.56
0.69
-99.00
-99.00
-99.00
0.14
1.13
3.19
0.03
9.40
3.91
12.22
8.89
0.75
2.65
0.38
-99.00
0.32
0.47
-99.00
-99.00
0.88
4.78
0.56
-99.00
-99.00
-99.00
0.16
1.42
2.15
9.38
4.40
-99.00
0.02
5.20
1.95
0.15
4.01
9.39
9.20
2.30
1.86
14.20
13.25
2.80
0.05
0.81
8.29
1.32
2.51
0.10
1.41
12.59
7.19
12.66
3.13
2.06
17.37
6.97
0.32
0.02
1.04
6.20
2.02
4.03
1.55
4.93
3.90
0.66
0.52
23.75
4.04
11.38
23.04
16.29
7.25
13.98
36.25
25.09
3.01
11.12
3.67
5.04
23.57
73.53
51.29
16.13
47.09
20.37
14.82
3.92
0.14
0.97
0.04
7.37
16.99
31.66
12.41
2.79
0.03
0.31
0.74
20.85
6.41
1.55
4.73
4.81
6.13
6.04
2.53
39.37
9.34
2.62
2.73
3.61
3.12
4.21
12.41
23.31
22.85
15.32
16.28
2.49
1.74
0.16
2.98
5.32
3.24
11.78
26.62
1.47
0.78
-99.00
6.40
8.63
57.07
46.90
9.04
3.82
3.78
0.46
0.36
18.52
17.20
6.27
2.31
5.35
6.24
0.41
1.20
30.33
22.84
6.94
4.35
12.54
4.08
26.68
25.71
0.47
13.00
18.06
10.15
26.77
17.86
1.14
0.27
4.53
2.18
5.40
0.64
2.08
-99.00
-99.00
-99.00
-99.00
-99.00
6.97
0.26
-99.00
1.76
0.95
0.36
-99.00
-99.00
-99.00
-99.00
-99.00
-99.00
-99.00
-99.00
0.35
0.52
-99.00
-99.00
-99.00
-99.00
-99.00
0.04
0.05
-99.00
-99.00
-99.00
-99.00
-99.00
-99.00
-99.00
-99.00
0.66
3.60
-99.00
-99.00
18.72
0.05
-99.00
-99.00
-99.00
-99.00
-99.00
0.05
-99.00
-99.00
-99.00
-99.00
-99.00
1.45
0.87
-99.00
-99.00
0.40
1.13
0.18
-99.00
-99.00
-99.00
-99.00
-99.00
-99.00
7.05
10.32
1.04
-99.00
0.08
0.04
-99.00
-99.00
-99.00
-99.00
-99.00
-99.00
-99.00
-99.00
-99.00
-99.00
-99.00
-99.00
-99.00
-99.00
-99.00
-99.00
0.17
-99.00
-99.00
-99.00
-99.00
-99.00
-99.00
-99.00
-99.00
-99.00
-99.00
-99.00
-99.00
-99.00
-99.00
-99.00
-99.00
0.26
0.91
0.15
4.03
7.32
0.87
-99.00
0.12
0.20
0.44
1.29
4.37
1.66
0.14
-99.00
-99.00
-99.00
-99.00
2.13
0.13
-99.00
-99.00
-99.00
-99.00
-99.00
-99.00
-99.00
-99.00
-99.00
-99.00
-99.00
0.83
0.56
0.01
-99.00
-99.00
0.02
0.03
0.12
3.55
2.91
1.14
-99.00
-99.00
-99.00
-99.00
0.01
-99.00
1.14
4.27
1.18
-99.00
-99.00
-99.00
0.02
2.31
0.21
-99.00
-99.00
-99.00
0.49
-99.00
-99.00
-99.00
0.75
7.12
2.20
1.50
-99.00
-99.00
-99.00
8.61
22.97
8.02
-99.00
-99.00
-99.00
-99.00
0.22
3.10
0.27
9.98
5.85
3.39
0.14
-99.00
0.01
-99.00
-99.00
1.81
0.25
0.29
0.92
4.26
0.18
0.80
10.36
2.03
3.11
6.44
1.55
3.31
-99.00
0.05
4.91
2.46
8.91
3.37
12.93
3.25
5.06
5.77
1.65
0.73
0.14
0.12
0.16
-99.00
7.76
5.24
1.32
-99.00
-99.00
-99.00
5.29
0.01
0.72
0.62
4.84
36.90
11.57
13.63
1.05
5.46
4.70
0.84
0.11
0.77
0.33
0.15
0.14
-99.00
-99.00
-99.00
0.52
-99.00
2.62
10.50
4.57
1.28
0.83
0.10
5.33
1.72
5.67
16.40
9.04
3.20
5.37
2.98
3.21
2.89
6.97
2.66
0.97
1.26
1.66
2.98
11.60
12.12
17.51
18.84
21.84
11.28
2.98
5.98
59.68
57.42
28.44
23.68
13.21
14.01
12.97
20.58
12.20
6.08
15.80
14.09
3.32
2.22
0.33
1.74
2.66
2.41
2.27
2.20
7.00
2.96
31.24
10.74
6.19
16.42
10.16
2.65
1.46
1.83
3.61
3.97
28.22
15.57
6.60
6.51
10.25
12.45
10.29
3.94
5.16
0.20
0.18
16.65
0.26
0.76
3.04
5.73
8.98
15.18
15.82
11.85
8.42
7.08
4.58
8.96
14.18
3.23
10.02
8.85
31.20
27.00
13.51
4.42
1.77
0.02
4.79
28.61
2.91
0.31
2.14
7.12
0.16
0.27
-99.00
0.02
0.02
0.03
9.89
3.37
0.16
9.59
14.25
15.75
6.55
2.33
0.50
0.02
-99.00
0.14
2.90
2.17
0.04
-99.00
0.17
0.91
0.13
4.26
0.98
5.95
18.59
10.83
8.80
17.94
4.96
0.21
-99.00
-99.00
-99.00
0.03
7.28
4.74
2.81
0.09
-99.00
-99.00
-99.00
-99.00
-99.00
-99.00
-99.00
11.61
2.66
0.07
-99.00
-99.00
-99.00
0.01
0.95
-99.00
-99.00
-99.00
0.50
11.05
5.41
-99.00
-99.00
-99.00
-99.00
-99.00
-99.00
-99.00
-99.00
-99.00
-99.00
-99.00
-99.00
-99.00
-99.00
-99.00
-99.00
-99.00
-99.00
-99.00
-99.00
-99.00
-99.00
-99.00
-99.00
-99.00
-99.00
-99.00
-99.00
-99.00
-99.00
-99.00
-99.00
-99.00
-99.00
-99.00
-99.00
-99.00
-99.00
-99.00
-99.00
-99.00
-99.00
-99.00
-99.00
-99.00
-99.00
-99.00
-99.00
-99.00
-99.00
-99.00
-99.00
-99.00
-99.00
-99.00
-99.00
-99.00
-99.00
-99.00
-99.00
-99.00
-99.00
-99.00
-99.00
-99.00
-99.00
-99.00
-99.00
-99.00
-99.00
-99.00
-99.00
-99.00
-99.00
-99.00
-99.00
-99.00
-99.00
-99.00
-99.00
-99.00
-99.00
-99.00
-99.00
-99.00
-99.00
-99.00
-99.00
-99.00
-99.00
-99.00
-99.00
-99.00
-99.00
-99.00
-99.00
-99.00
0.05
-99.00
-99.00
-99.00
-99.00
-99.00
-99.00
-99.00
-99.00
-99.00
-99.00
-99.00
-99.00
-99.00
-99.00
-99.00
-99.00
-99.00
-99.00
-99.00
-99.00
-99.00
-99.00
-99.00
-99.00
-99.00
-99.00
-99.00
-99.00
-99.00
-99.00
-99.00
-99.00
-99.00
-99.00
-99.00
-99.00
0.01
0.83
5.70
0.50
-99.00
0.03
0.16
-99.00
-99.00
-99.00
-99.00
0.07
0.13
-99.00
-99.00
-99.00
-99.00
-99.00
-99.00
-99.00
-99.00
-99.00
-99.00
-99.00
-99.00
0.11
-99.00
0.63
1.46
2.60
0.18
8.20
7.86
3.85
4.11
3.11
7.89
22.47
4.97
0.51
0.59
-99.00
-99.00
2.47
0.53
1.82
6.24
1.86
8.11
0.63
13.62
9.99
19.66
1.26
-99.00
1.48
0.22
-99.00
0.79
-99.00
-99.00
0.50
0.50
6.18
7.76
14.97
3.38
0.87
9.45
0.84
1.77
1.25
3.36
0.72
0.46
29.79
57.64
49.31
15.00
17.87
28.73
28.40
9.81
1.82
21.09
37.95
13.27
18.31
2.39
0.67
1.45
3.28
1.68
15.97
27.39
16.03
34.24
7.97
5.02
3.41
0.21
0.86
13.71
19.60
56.82
12.65
9.63
1.58
1.74
0.23
6.45
8.68
14.03
6.09
1.90
1.57
1.42
3.76
9.47
0.92
2.58
4.62
2.84
6.22
6.59
20.49
0.85
39.18
14.18
35.51
12.61
8.03
1.40
0.72
8.24
2.54
4.87
5.24
5.97
15.20
26.16
10.14
19.54
3.91
7.80
22.98
7.22
6.38
2.59
2.30
2.75
3.93
1.75
0.03
20.57
0.47
6.29
10.23
19.94
18.09
14.59
10.41
3.07
8.61
5.32
4.45
18.35
31.89
14.79
28.37
45.17
81.45
16.59
0.69
3.65
0.88
4.26
9.80
0.28
1.63
7.93
5.02
3.64
3.37
4.94
0.05
-99.00
0.06
0.11
0.05
17.47
0.62
0.32
39.71
25.42
19.74
3.47
0.12
0.85
-99.00
0.02
-99.00
-99.00
0.06
0.02
0.47
0.77
-99.00
0.91
1.40
0.01
0.52
-99.00
-99.00
-99.00
-99.00
-99.00
-99.00
-99.00
-99.00
-99.00
-99.00
-99.00
-99.00
-99.00
-99.00
-99.00
-99.00
-99.00
-99.00
-99.00
-99.00
-99.00
-99.00
-99.00
-99.00
-99.00
-99.00
-99.00
-99.00
-99.00
-99.00
-99.00
-99.00
-99.00
-99.00
-99.00
-99.00
-99.00
-99.00
-99.00
-99.00
-99.00
-99.00
-99.00
-99.00
-99.00
-99.00
-99.00
-99.00
-99.00
-99.00
-99.00
-99.00
-99.00
-99.00
-99.00
-99.00
-99.00
-99.00
-99.00
-99.00
-99.00
-99.00
-99.00
-99.00
-99.00
-99.00
-99.00
-99.00
-99.00
-99.00
-99.00
1.88
0.03
-99.00
-99.00
-99.00
-99.00
-99.00
0.21
1.33
-99.00
-99.00
-99.00
-99.00
1.26
0.09
-99.00
-99.00
0.52
4.16
0.29
0.92
20.88
5.88
2.55
-99.00
0.03
-99.00
0.84
4.93
0.42
-99.00
-99.00
-99.00
0.03
-99.00
-99.00
-99.00
-99.00
0.03
-99.00
-99.00
-99.00
-99.00
-99.00
-99.00
-99.00
-99.00
-99.00
-99.00
0.94
0.03
0.02
1.29
6.63
0.27
-99.00
-99.00
7.31
2.19
0.93
-99.00
-99.00
-99.00
0.11
1.04
0.05
-99.00
-99.00
0.84
0.04
-99.00
-99.00
-99.00
-99.00
-99.00
-99.00
-99.00
-99.00
-99.00
-99.00
-99.00
-99.00
-99.00
-99.00
-99.00
-99.00
-99.00
9.90
1.85
0.18
0.38
15.84
0.84
5.13
0.06
0.44
14.87
11.47
5.79
0.52
0.89
18.01
18.82
0.06
5.76
0.94
0.54
18.25
5.90
0.85
-99.00
-99.00
-99.00
0.23
2.42
4.11
3.11
0.16
0.02
5.12
3.05
0.61
2.40
6.74
1.10
5.58
18.31
18.35
38.63
31.93
0.20
1.09
5.89
3.97
10.74
6.34
1.24
1.11
0.23
0.88
0.15
14.39
2.87
9.56
9.42
3.11
6.16
10.90
10.23
3.61
0.84
9.02
4.15
9.71
2.35
4.51
6.34
4.04
7.95
4.73
13.76
9.08
9.67
18.44
1.02
0.05
0.46
0.99
4.40
-99.00
-99.00
-99.00
-99.00
1.60
0.44
1.17
5.61
8.31
2.19
7.19
6.99
9.84
14.23
3.66
1.68
11.76
6.44
3.44
12.88
13.12
28.03
22.48
6.27
4.07
3.24
0.45
2.01
0.15
3.98
32.40
20.21
2.39
0.80
6.25
1.70
1.47
1.27
5.19
3.09
8.45
6.53
2.05
3.52
13.93
1.59
8.36
8.98
2.74
0.90
2.31
0.10
0.56
0.04
6.30
1.98
1.76
0.36
2.85
10.49
62.20
32.41
11.76
1.57
6.77
15.13
1.39
8.51
11.93
9.10
2.62
0.62
-99.00
5.24
10.83
10.95
2.97
9.18
83.64
123.79
52.82
16.37
12.86
18.76
0.19
1.04
0.03
0.31
0.05
-99.00
0.77
7.18
4.00
1.00
1.02
3.57
-99.00
0.14
0.14
1.95
1.55
1.68
1.05
-99.00
-99.00
-99.00
1.89
1.11
2.88
-99.00
8.65
0.56
2.30
-99.00
0.15
-99.00
0.42
23.20
12.42
1.20
-99.00
-99.00
-99.00
-99.00
-99.00
-99.00
-99.00
-99.00
-99.00
-99.00
-99.00
-99.00
-99.00
-99.00
-99.00
-99.00
-99.00
-99.00
-99.00
-99.00
-99.00
-99.00
-99.00
-99.00
-99.00
-99.00
-99.00
-99.00
-99.00
-99.00
-99.00
-99.00
-99.00
-99.00
-99.00
-99.00
-99.00
-99.00
-99.00
-99.00
-99.00
-99.00
-99.00
-99.00
-99.00
-99.00
-99.00
-99.00
-99.00
-99.00
-99.00
-99.00
-99.00
-99.00
-99.00
-99.00
-99.00
-99.00
-99.00
-99.00
-99.00
-99.00
0.12
-99.00
0.03
-99.00
-99.00
-99.00
-99.00
-99.00
-99.00
-99.00
-99.00
-99.00
-99.00
-99.00
-99.00
-99.00
-99.00
-99.00
-99.00
-99.00
-99.00
-99.00
-99.00
0.02
-99.00
-99.00
-99.00
-99.00
-99.00
-99.00
-99.00
-99.00
-99.00
-99.00
-99.00
-99.00
-99.00
-99.00
-99.00
-99.00
-99.00
-99.00
-99.00
-99.00
-99.00
-99.00
-99.00
-99.00
-99.00
-99.00
-99.00
-99.00
0.30
-99.00
-99.00
-99.00
-99.00
-99.00
0.20
0.58
1.00
-99.00
-99.00
-99.00
0.03
0.07
-99.00
-99.00
-99.00
-99.00
-99.00
-99.00
-99.00
0.40
-99.00
-99.00
-99.00
-99.00
-99.00
-99.00
-99.00
5.55
0.93
-99.00
-99.00
-99.00
-99.00
-99.00
0.78
1.85
0.09
3.06
0.03
0.03
-99.00
-99.00
0.15
-99.00
0.03
-99.00
-99.00
-99.00
-99.00
3.04
2.44
8.56
3.97
2.89
0.30
0.02
-99.00
-99.00
-99.00
-99.00
-99.00
-99.00
-99.00
-99.00
1.27
0.43
6.07
1.46
7.56
15.28
2.90
12.08
3.15
26.45
3.65
4.20
12.21
5.57
-99.00
-99.00
-99.00
-99.00
0.01
0.21
2.56
4.57
9.76
7.79
0.11
17.83
5.23
14.69
2.24
6.26
3.77
1.89
6.47
4.87
4.67
4.41
39.88
14.83
8.02
0.95
7.06
1.19
0.16
0.31
0.99
1.10
1.23
12.44
18.12
25.56
14.38
33.42
35.62
23.74
7.61
1.98
3.33
6.16
1.15
1.19
3.42
0.37
2.15
9.98
7.10
1.77
1.70
0.07
1.87
0.77
0.40
0.32
8.13
7.06
6.46
7.15
0.65
22.67
3.72
12.51
7.27
2.22
11.91
6.15
10.27
8.76
6.36
0.56
1.15
10.16
3.41
10.33
22.30
10.57
5.70
19.92
9.67
1.13
0.40
2.36
2.63
6.48
2.42
3.67
1.53
0.07
0.04
3.40
3.40
10.38
0.70
0.34
0.59
0.26
0.07
1.32
0.43
4.61
3.95
5.64
4.97
15.61
4.00
2.40
21.65
7.27
5.53
2.57
0.23
9.10
1.94
9.76
33.33
16.54
21.50
17.60
6.10
11.10
3.31
1.36
0.10
3.53
6.87
5.39
1.26
-99.00
-99.00
-99.00
0.03
1.74
0.12
0.09
5.56
3.77
0.07
1.90
8.15
18.12
37.90
12.60
8.13
4.09
0.58
2.37
2.00
-99.00
-99.00
0.31
1.46
2.24
0.08
9.76
8.87
10.35
0.08
-99.00
-99.00
-99.00
-99.00
-99.00
-99.00
-99.00
-99.00
0.06
-99.00
4.94
0.27
0.06
0.26
0.77
-99.00
-99.00
0.59
0.83
0.26
-99.00
0.22
0.17
0.10
-99.00
-99.00
-99.00
-99.00
-99.00
1.13
0.94
-99.00
-99.00
-99.00
-99.00
-99.00
-99.00
-99.00
-99.00
-99.00
-99.00
0.13
0.07
-99.00
0.08
-99.00
-99.00
-99.00
-99.00
-99.00
-99.00
-99.00
-99.00
-99.00
-99.00
-99.00
-99.00
-99.00
-99.00
-99.00
-99.00
-99.00
-99.00
-99.00
-99.00
-99.00
-99.00
-99.00
-99.00
-99.00
-99.00
-99.00
-99.00
-99.00
-99.00
-99.00
-99.00
-99.00
-99.00
-99.00
-99.00
-99.00
-99.00
-99.00
-99.00
-99.00
-99.00
-99.00
-99.00
0.01
-99.00
-99.00
0.02
-99.00
1.02
1.28
0.26
-99.00
-99.00
0.19
8.35
2.99
-99.00
-99.00
-99.00
-99.00
-99.00
-99.00
-99.00
-99.00
-99.00
-99.00
-99.00
-99.00
-99.00
-99.00
-99.00
-99.00
-99.00
-99.00
-99.00
-99.00
-99.00
-99.00
-99.00
-99.00
-99.00
-99.00
1.22
0.49
-99.00
-99.00
-99.00
4.12
2.24
0.13
-99.00
-99.00
-99.00
-99.00
-99.00
-99.00
-99.00
-99.00
-99.00
-99.00
-99.00
-99.00
-99.00
-99.00
-99.00
-99.00
-99.00
0.03
3.16
0.76
0.03
4.28
7.82
3.58
6.09
0.06
5.12
7.09
12.06
4.29
-99.00
-99.00
1.02
-99.00
8.48
6.41
-99.00
4.97
1.72
0.39
0.87
4.76
1.35
0.02
0.11
-99.00
0.19
0.72
0.92
0.44
2.96
3.32
19.99
3.79
0.31
4.39
3.89
-99.00
3.84
0.80
0.12
9.97
23.69
0.25
0.25
-99.00
0.27
12.47
2.10
-99.00
13.76
31.28
0.23
0.02
0.97
0.67
0.06
0.28
0.12
0.16
8.08
5.50
10.19
3.79
13.74
2.20
3.79
5.67
3.40
0.45
2.79
7.86
2.00
0.17
9.88
1.08
22.68
4.40
1.96
10.75
13.16
2.77
8.20
6.67
2.62
2.87
2.95
0.58
7.00
30.86
8.56
6.85
8.26
16.91
0.94
3.82
5.54
18.23
27.78
37.91
29.37
10.13
4.87
6.17
2.92
1.55
1.70
1.07
2.27
1.87
15.27
15.32
1.42
6.93
5.31
2.77
1.65
12.88
43.70
14.78
1.40
0.43
-99.00
0.07
4.19
15.97
5.96
2.86
2.67
0.29
7.63
19.44
5.73
0.77
0.29
0.23
0.34
1.87
7.42
3.77
34.57
20.55
25.63
12.12
19.85
10.19
5.48
5.16
20.44
4.02
1.33
4.50
2.61
1.75
5.57
15.12
3.59
1.57
0.02
0.44
1.93
0.93
8.41
26.64
0.20
4.52
3.21
3.31
3.30
15.13
8.38
5.40
1.14
0.16
0.74
0.07
0.13
0.02
-99.00
7.87
6.02
16.31
24.72
41.31
42.30
3.67
7.68
6.15
4.18
3.96
3.56
0.25
-99.00
-99.00
-99.00
-99.00
-99.00
0.38
3.40
1.07
2.80
0.46
2.57
1.70
0.10
-99.00
11.37
23.90
4.22
0.51
-99.00
-99.00
-99.00
-99.00
0.18
-99.00
-99.00
-99.00
-99.00
-99.00
-99.00
-99.00
-99.00
-99.00
-99.00
0.28
-99.00
-99.00
-99.00
-99.00
-99.00
4.83
23.78
2.65
-99.00
-99.00
-99.00
-99.00
-99.00
-99.00
-99.00
-99.00
-99.00
-99.00
-99.00
-99.00
-99.00
-99.00
-99.00
-99.00
-99.00
-99.00
-99.00
-99.00
-99.00
-99.00
-99.00
-99.00
-99.00
-99.00
-99.00
-99.00
-99.00
-99.00
-99.00
-99.00
-99.00
-99.00
-99.00
-99.00
-99.00
-99.00
-99.00
-99.00
-99.00
-99.00
-99.00
-99.00
-99.00
-99.00
-99.00
0.01
1.15
-99.00
-99.00
-99.00
-99.00
-99.00
-99.00
-99.00
-99.00
-99.00
-99.00
-99.00
-99.00
-99.00
-99.00
-99.00
-99.00
-99.00
-99.00
-99.00
-99.00
-99.00
-99.00
-99.00
-99.00
-99.00
-99.00
0.02
0.61
0.08
-99.00
1.03
1.02
-99.00
0.09
0.50
0.15
-99.00
0.11
2.05
1.24
6.81
3.17
0.09
-99.00
-99.00
-99.00
-99.00
-99.00
7.32
2.53
-99.00
-99.00
-99.00
-99.00
-99.00
-99.00
-99.00
-99.00
-99.00
-99.00
-99.00
-99.00
-99.00
-99.00
-99.00
-99.00
-99.00
-99.00
11.48
11.30
2.48
4.22
-99.00
7.10
1.73
0.64
9.47
0.17
-99.00
-99.00
-99.00
2.29
0.60
0.41
2.58
0.57
1.40
3.37
11.72
0.01
-99.00
-99.00
6.04
0.04
-99.00
0.14
-99.00
-99.00
-99.00
-99.00
-99.00
-99.00
4.38
2.94
3.38
0.95
0.44
1.29
4.32
5.87
2.53
1.35
-99.00
0.25
0.16
5.29
0.56
2.37
2.43
0.63
3.51
0.04
0.02
-99.00
11.66
-99.00
4.27
1.28
1.63
3.41
1.50
-99.00
0.34
7.47
0.61
-99.00
6.53
0.97
16.12
5.06
2.44
0.57
9.16
1.26
-99.00
0.19
0.78
0.51
0.68
-99.00
0.07
0.06
0.49
2.13
14.00
2.54
9.25
10.63
9.44
4.91
4.27
2.84
0.17
6.28
3.97
0.35
4.26
6.47
3.59
9.36
28.72
50.34
27.24
5.08
0.45
3.63
8.78
19.61
17.07
18.53
23.77
2.47
2.24
0.78
0.41
1.39
1.04
0.29
6.69
3.35
4.37
6.45
22.05
13.28
6.39
2.84
0.11
1.03
0.29
0.57
1.59
2.95
0.40
1.93
2.93
2.73
2.15
5.10
18.28
41.10
9.47
2.98
6.32
0.87
1.23
2.53
0.43
0.37
0.32
0.70
1.87
5.58
11.07
3.51
4.06
5.44
1.35
2.72
19.20
4.37
2.83
3.78
1.79
18.00
4.89
2.41
1.45
-99.00
4.93
2.87
5.55
4.67
5.57
3.99
3.28
0.49
0.72
1.19
7.54
4.88
1.49
1.36
8.76
17.73
0.66
5.73
5.19
2.31
0.82
0.02
0.61
1.60
1.77
0.75
2.24
25.65
35.90
5.02
3.25
5.57
9.18
4.02
2.86
6.01
3.38
9.41
0.30
4.21
21.59
42.83
31.97
14.22
0.02
-99.00
-99.00
0.02
-99.00
1.95
2.53
16.11
0.02
0.75
2.53
2.67
2.33
1.51
3.06
25.28
21.81
0.67
0.07
-99.00
-99.00
-99.00
-99.00
-99.00
-99.00
-99.00
-99.00
-99.00
-99.00
-99.00
-99.00
-99.00
-99.00
-99.00
-99.00
-99.00
-99.00
-99.00
-99.00
-99.00
-99.00
-99.00
-99.00
-99.00
-99.00
-99.00
-99.00
-99.00
-99.00
-99.00
-99.00
-99.00
-99.00
-99.00
-99.00
-99.00
-99.00
-99.00
-99.00
-99.00
-99.00
-99.00
-99.00
-99.00
-99.00
-99.00
0.48
0.32
1.00
-99.00
-99.00
-99.00
-99.00
-99.00
-99.00
-99.00
-99.00
0.63
4.55
-99.00
-99.00
-99.00
-99.00
0.03
-99.00
-99.00
-99.00
-99.00
-99.00
-99.00
-99.00
-99.00
-99.00
-99.00
-99.00
-99.00
-99.00
-99.00
-99.00
1.07
0.37
-99.00
-99.00
-99.00
0.13
2.22
2.35
-99.00
-99.00
-99.00
-99.00
-99.00
-99.00
-99.00
-99.00
-99.00
-99.00
-99.00
-99.00
-99.00
-99.00
-99.00
-99.00
-99.00
-99.00
-99.00
-99.00
-99.00
-99.00
0.14
-99.00
-99.00
-99.00
-99.00
-99.00
-99.00
-99.00
-99.00
-99.00
-99.00
-99.00
-99.00
-99.00
-99.00
-99.00
-99.00
-99.00
-99.00
-99.00
-99.00
0.08
0.21
2.53
-99.00
-99.00
-99.00
-99.00
-99.00
-99.00
-99.00
2.17
2.51
-99.00
-99.00
-99.00
-99.00
-99.00
-99.00
-99.00
-99.00
-99.00
-99.00
-99.00
0.10
0.06
0.21
0.18
0.05
6.76
0.66
0.11
9.35
0.43
0.21
0.66
-99.00
-99.00
-99.00
-99.00
0.04
0.70
0.81
-99.00
2.87
2.41
13.44
2.44
-99.00
13.94
-99.00
1.71
2.69
0.79
0.19
0.01
-99.00
-99.00
-99.00
-99.00
-99.00
0.11
0.02
-99.00
-99.00
-99.00
0.05
1.07
0.47
0.04
0.27
0.51
9.02
4.61
6.26
20.26
11.62
6.85
2.66
0.10
5.15
2.10
0.99
9.15
7.44
5.51
4.85
6.15
1.81
0.03
9.67
3.04
12.02
4.63
0.30
2.43
1.77
5.53
21.26
21.65
5.37
18.34
4.32
36.11
19.93
34.31
16.70
10.82
19.72
17.75
1.56
2.06
2.07
1.67
2.35
-99.00
3.55
8.76
4.47
8.10
28.24
13.63
18.04
15.79
7.40
2.81
4.12
0.19
4.28
6.11
6.81
18.13
25.35
23.10
21.95
23.41
15.96
0.58
1.81
3.10
0.90
1.44
3.26
2.08
7.89
5.13
1.03
1.24
1.50
7.23
5.52
6.04
3.40
4.05
3.25
4.66
5.64
21.76
20.25
6.34
4.50
1.01
0.04
3.42
4.67
1.78
1.17
1.93
5.40
7.06
12.31
7.18
23.62
8.33
11.00
10.65
5.38
4.02
3.20
13.07
0.50
0.04
0.49
0.57
0.41
3.29
8.30
11.42
8.66
47.99
73.80
40.93
59.55
20.04
4.62
8.93
0.28
0.93
3.72
0.03
5.36
6.85
1.80
10.18
8.97
10.49
0.31
0.32
0.31
1.56
11.63
18.19
63.20
59.38
11.32
-99.00
0.40
-99.00
0.39
2.21
3.20
0.33
-99.00
-99.00
-99.00
-99.00
-99.00
-99.00
-99.00
-99.00
-99.00
-99.00
-99.00
-99.00
-99.00
0.54
-99.00
-99.00
-99.00
-99.00
-99.00
-99.00
-99.00
-99.00
-99.00
-99.00
-99.00
-99.00
-99.00
-99.00
-99.00
-99.00
-99.00
-99.00
-99.00
-99.00
-99.00
-99.00
-99.00
-99.00
-99.00
-99.00
-99.00
-99.00
-99.00
-99.00
-99.00
-99.00
-99.00
-99.00
-99.00
-99.00
-99.00
-99.00
-99.00
-99.00
-99.00
-99.00
-99.00
-99.00
-99.00
-99.00
-99.00
-99.00
-99.00
-99.00
-99.00
0.04
-99.00
0.02
-99.00
-99.00
0.11
0.05
-99.00
-99.00
-99.00
-99.00
-99.00
-99.00
-99.00
-99.00
-99.00
-99.00
-99.00
-99.00
-99.00
-99.00
0.03
1.13
0.01
-99.00
-99.00
-99.00
-99.00
0.47
5.51
0.66
-99.00
-99.00
-99.00
0.83
-99.00
-99.00
-99.00
-99.00
2.24
-99.00
-99.00
0.18
1.00
-99.00
-99.00
-99.00
-99.00
-99.00
-99.00
-99.00
-99.00
-99.00
-99.00
-99.00
-99.00
-99.00
-99.00
-99.00
0.71
0.19
0.24
-99.00
0.52
0.01
0.16
-99.00
-99.00
-99.00
-99.00
-99.00
-99.00
-99.00
-99.00
-99.00
-99.00
-99.00
-99.00
0.02
-99.00
2.30
0.73
0.11
-99.00
0.06
-99.00
-99.00
7.24
4.91
0.82
0.19
-99.00
3.72
8.21
18.64
1.23
0.08
-99.00
0.83
0.02
29.95
1.72
-99.00
0.42
2.73
-99.00
-99.00
0.35
0.32
-99.00
5.53
0.78
0.03
-99.00
-99.00
-99.00
-99.00
0.02
0.09
-99.00
0.05
0.29
-99.00
0.02
2.37
1.54
0.74
1.23
-99.00
-99.00
6.98
20.92
0.09
0.16
2.05
2.37
11.16
12.89
2.16
1.48
0.14
-99.00
-99.00
1.48
1.07
0.05
1.05
0.70
20.53
-99.00
5.17
3.57
0.65
0.75
0.62
1.93
0.27
0.16
0.18
-99.00
-99.00
-99.00
0.13
-99.00
-99.00
2.11
12.96
3.92
1.70
3.54
0.41
-99.00
0.88
2.64
2.17
0.10
10.49
0.86
2.26
0.67
1.35
1.17
0.47
2.98
0.96
20.26
22.09
2.41
6.78
3.23
7.18
6.67
9.21
37.44
17.34
20.13
28.15
3.52
2.05
0.02
0.33
2.23
5.61
9.90
56.92
58.01
24.64
9.51
2.51
1.40
15.24
26.04
4.82
1.56
0.41
7.88
1.38
0.91
2.52
4.10
0.93
1.86
1.49
1.54
0.21
9.77
1.12
5.43
8.33
4.51
5.13
6.52
14.90
22.40
7.36
3.70
5.46
11.78
3.51
3.91
2.43
12.82
2.00
5.20
7.90
14.42
5.15
11.20
6.20
5.76
1.74
2.36
2.81
0.66
0.78
0.85
3.21
5.44
5.72
8.86
2.88
11.30
5.63
7.65
9.24
3.21
2.50
8.63
0.54
0.03
4.90
0.72
0.11
4.09
12.93
11.76
5.96
14.32
3.27
8.16
1.30
0.17
0.99
1.29
5.45
24.47
50.47
60.39
15.31
0.21
0.12
0.04
0.15
0.03
0.20
0.72
-99.00
0.22
-99.00
-99.00
0.02
10.43
27.18
13.90
23.90
26.50
107.32
18.35
0.40
-99.00
-99.00
-99.00
-99.00
-99.00
-99.00
-99.00
-99.00
-99.00
-99.00
-99.00
-99.00
-99.00
-99.00
-99.00
0.18
-99.00
-99.00
-99.00
-99.00
-99.00
-99.00
-99.00
-99.00
-99.00
-99.00
-99.00
-99.00
-99.00
-99.00
-99.00
-99.00
-99.00
-99.00
-99.00
-99.00
-99.00
-99.00
-99.00
-99.00
-99.00
-99.00
-99.00
-99.00
-99.00
-99.00
-99.00
-99.00
-99.00
-99.00
-99.00
-99.00
-99.00
-99.00
