19710101
-99.00
-99.00
-99.00
0.16
-99.00
-99.00
-99.00
-99.00
-99.00
-99.00
-99.00
-99.00
-99.00
-99.00
-99.00
0.10
0.18
-99.00
-99.00
-99.00
2.04
2.70
0.21
-99.00
3.19
4.47
0.79
-99.00
-99.00
-99.00
-99.00
-99.00
-99.00
-99.00
-99.00
-99.00
-99.00
-99.00
-99.00
-99.00
-99.00
-99.00
-99.00
-99.00
-99.00
-99.00
-99.00
-99.00
-99.00
-99.00
-99.00
0.27
-99.00
-99.00
0.02
0.16
-99.00
3.57
0.85
0.91
0.05
0.03
-99.00
0.01
-99.00
0.01
-99.00
-99.00
0.01
0.71
0.08
-99.00
0.42
-99.00
0.18
0.28
0.21
-99.00
0.12
0.18
0.12
3.12
0.19
-99.00
-99.00
0.19
3.35
0.82
-99.00
0.03
-99.00
1.17
1.95
-99.00
-99.00
2.04
0.06
0.53
0.48
4.34
2.42
0.35
3.08
0.01
4.58
0.02
0.84
2.15
0.90
0.96
2.61
5.66
1.90
0.84
1.02
-99.00
-99.00
-99.00
-99.00
6.34
0.96
3.71
2.87
1.68
-99.00
2.97
0.19
0.61
0.04
0.31
3.44
1.59
1.85
1.31
2.47
0.09
0.90
1.53
0.81
0.19
0.08
0.19
1.07
1.13
3.46
3.74
3.29
0.09
0.20
0.31
9.00
21.25
24.31
26.73
2.55
2.00
0.42
4.47
7.71
1.26
2.69
9.35
7.72
10.64
3.60
12.06
5.29
8.23
4.46
1.94
0.36
1.58
3.83
2.00
2.10
6.38
1.82
9.76
9.44
9.69
7.03
2.06
2.63
4.11
16.36
22.28
13.57
1.56
0.62
12.93
45.84
8.27
1.82
0.68
0.54
6.35
6.67
5.39
3.80
6.12
5.19
9.28
5.81
5.35
1.25
2.07
7.09
10.27
8.71
9.88
9.54
32.06
6.80
4.09
2.85
14.04
2.74
3.61
7.70
3.64
19.17
4.21
11.47
4.18
6.25
7.76
9.90
82.75
51.18
11.43
8.64
1.95
0.89
0.44
5.80
29.20
12.63
0.64
5.81
3.17
9.59
11.07
4.32
1.35
2.33
2.49
2.69
7.79
19.98
15.72
7.46
13.41
28.56
35.02
10.89
0.50
0.37
-99.00
-99.00
0.34
1.20
0.60
9.28
1.35
14.98
21.74
23.64
25.01
7.49
6.61
7.33
24.97
68.00
66.90
2.68
-99.00
1.28
1.71
3.92
20.78
34.03
5.30
4.42
2.18
0.01
4.81
0.71
-99.00
-99.00
0.02
-99.00
0.44
-99.00
-99.00
-99.00
-99.00
-99.00
-99.00
-99.00
-99.00
-99.00
-99.00
6.48
11.50
10.62
2.80
-99.00
-99.00
2.53
2.39
3.60
0.01
0.03
-99.00
-99.00
-99.00
-99.00
-99.00
-99.00
0.02
-99.00
0.41
-99.00
0.03
-99.00
-99.00
-99.00
-99.00
-99.00
-99.00
-99.00
-99.00
-99.00
-99.00
-99.00
-99.00
-99.00
-99.00
-99.00
-99.00
-99.00
-99.00
-99.00
-99.00
-99.00
-99.00
-99.00
-99.00
-99.00
-99.00
-99.00
-99.00
-99.00
-99.00
-99.00
-99.00
-99.00
-99.00
-99.00
-99.00
-99.00
-99.00
-99.00
-99.00
-99.00
-99.00
-99.00
-99.00
-99.00
-99.00
-99.00
-99.00
-99.00
-99.00
-99.00
-99.00
-99.00
-99.00
-99.00
-99.00
-99.00
-99.00
-99.00
-99.00
-99.00
-99.00
-99.00
-99.00
-99.00
-99.00
-99.00
-99.00
1.92
0.46
-99.00
-99.00
-99.00
-99.00
0.60
4.95
3.84
0.53
-99.00
-99.00
-99.00
-99.00
-99.00
-99.00
10.86
2.69
0.04
-99.00
-99.00
0.05
-99.00
-99.00
-99.00
-99.00
-99.00
-99.00
-99.00
-99.00
-99.00
-99.00
-99.00
-99.00
-99.00
-99.00
-99.00
2.85
0.94
-99.00
-99.00
-99.00
-99.00
-99.00
-99.00
-99.00
-99.00
-99.00
-99.00
-99.00
-99.00
-99.00
-99.00
-99.00
-99.00
-99.00
-99.00
-99.00
0.91
1.93
17.30
0.11
0.25
1.68
2.56
-99.00
0.38
0.33
1.43
0.03
0.38
-99.00
0.80
2.99
1.67
0.08
-99.00
0.89
0.12
2.01
5.59
3.66
1.20
-99.00
-99.00
-99.00
-99.00
-99.00
-99.00
-99.00
0.43
2.22
2.54
-99.00
0.37
-99.00
6.45
2.71
0.06
0.39
12.68
2.10
-99.00
2.60
0.24
3.56
0.52
-99.00
-99.00
-99.00
5.98
3.16
1.66
2.24
2.47
15.13
8.61
0.16
0.96
13.91
6.36
3.83
0.05
7.42
6.45
4.16
20.43
15.06
2.96
5.30
13.61
1.01
2.50
5.02
0.16
3.31
1.58
0.16
11.26
33.85
30.80
26.76
10.24
4.64
13.09
25.82
14.89
8.18
7.47
10.95
6.41
0.31
2.38
2.20
0.10
3.78
1.83
1.06
3.06
4.87
1.60
0.17
3.71
4.75
9.34
2.83
1.66
4.67
0.76
2.10
4.82
13.16
24.42
16.53
24.48
25.34
13.33
3.79
6.13
5.75
1.31
51.10
27.73
13.88
25.60
3.62
8.01
0.36
1.66
5.13
6.06
3.66
3.70
8.61
3.07
4.54
2.49
1.84
3.40
3.96
2.07
5.60
1.98
0.10
0.04
0.40
1.98
2.71
2.79
12.11
6.63
3.23
0.90
1.38
1.05
0.66
3.17
0.77
30.16
25.30
28.57
16.19
7.32
1.92
1.28
0.90
0.35
4.01
2.82
2.59
0.29
0.43
1.65
1.24
14.50
3.53
-99.00
0.10
10.33
5.15
11.87
5.12
21.64
2.37
4.59
1.54
-99.00
-99.00
-99.00
-99.00
-99.00
2.34
7.37
34.18
9.13
0.44
-99.00
-99.00
0.01
0.01
-99.00
-99.00
0.15
8.82
0.24
-99.00
-99.00
-99.00
-99.00
-99.00
-99.00
0.24
-99.00
-99.00
-99.00
6.88
3.87
0.58
-99.00
-99.00
-99.00
-99.00
-99.00
-99.00
-99.00
-99.00
-99.00
-99.00
-99.00
-99.00
-99.00
0.66
0.37
0.21
-99.00
-99.00
-99.00
-99.00
-99.00
-99.00
-99.00
-99.00
-99.00
0.39
0.20
-99.00
-99.00
-99.00
-99.00
-99.00
-99.00
-99.00
-99.00
-99.00
-99.00
-99.00
-99.00
-99.00
-99.00
-99.00
-99.00
-99.00
-99.00
-99.00
-99.00
-99.00
-99.00
-99.00
-99.00
-99.00
-99.00
-99.00
-99.00
-99.00
-99.00
-99.00
-99.00
-99.00
-99.00
-99.00
-99.00
-99.00
-99.00
-99.00
-99.00
-99.00
1.77
4.65
0.16
0.12
0.92
0.28
0.09
-99.00
-99.00
-99.00
-99.00
-99.00
-99.00
0.02
0.09
-99.00
-99.00
-99.00
-99.00
-99.00
1.16
0.90
0.07
-99.00
-99.00
-99.00
-99.00
-99.00
0.50
0.21
-99.00
-99.00
-99.00
-99.00
-99.00
-99.00
-99.00
-99.00
-99.00
0.25
0.14
-99.00
-99.00
-99.00
-99.00
0.11
-99.00
-99.00
0.13
2.42
9.13
3.19
-99.00
0.36
0.06
0.07
0.77
0.85
4.44
1.08
-99.00
-99.00
-99.00
0.02
-99.00
-99.00
-99.00
-99.00
-99.00
-99.00
-99.00
-99.00
-99.00
-99.00
-99.00
-99.00
-99.00
-99.00
-99.00
-99.00
-99.00
-99.00
-99.00
-99.00
-99.00
-99.00
-99.00
-99.00
-99.00
-99.00
-99.00
-99.00
-99.00
-99.00
1.40
0.04
-99.00
-99.00
-99.00
-99.00
-99.00
-99.00
0.92
1.69
12.25
2.62
2.45
1.24
6.36
7.04
5.69
1.26
12.95
4.47
1.18
-99.00
2.98
3.07
1.93
12.70
7.73
38.99
11.56
36.20
16.21
11.93
26.63
10.80
11.93
5.80
4.45
2.32
10.12
10.56
8.89
2.15
0.96
2.56
2.08
1.84
4.38
8.08
21.05
4.49
8.31
5.67
7.02
25.90
34.05
8.17
12.91
6.82
0.12
1.79
21.82
24.02
25.04
19.40
54.63
47.54
43.35
10.08
19.40
8.70
13.73
10.33
16.84
25.34
58.05
70.66
22.91
23.95
13.04
6.37
3.11
1.89
0.30
4.47
4.87
4.40
7.43
2.85
1.09
9.59
4.26
5.37
3.58
1.18
1.17
0.16
0.11
0.69
0.43
1.24
1.49
1.98
7.82
21.99
5.89
9.63
18.82
56.58
5.01
13.55
20.30
14.54
4.59
11.46
23.51
11.35
13.05
14.16
7.66
7.11
11.91
18.70
2.42
4.42
1.35
-99.00
2.62
7.80
2.15
0.89
1.41
2.41
0.68
0.21
0.39
1.11
2.51
4.21
0.74
5.89
1.44
7.37
3.06
0.95
1.88
4.12
1.27
3.56
2.55
2.54
1.90
4.88
18.09
0.96
30.21
51.80
62.17
82.63
11.91
0.74
-99.00
-99.00
11.25
38.53
18.65
26.67
8.78
2.06
4.53
6.88
2.11
5.37
7.90
17.68
6.11
2.12
0.14
-99.00
2.03
4.06
-99.00
7.44
7.58
42.28
64.64
2.17
0.04
-99.00
-99.00
-99.00
-99.00
-99.00
-99.00
0.05
3.36
1.88
0.31
0.06
-99.00
0.67
0.15
0.67
-99.00
-99.00
-99.00
3.08
-99.00
-99.00
-99.00
0.40
1.96
0.19
3.54
0.04
-99.00
-99.00
-99.00
-99.00
0.34
0.55
6.35
3.01
-99.00
-99.00
-99.00
-99.00
-99.00
-99.00
-99.00
-99.00
-99.00
-99.00
-99.00
-99.00
-99.00
-99.00
-99.00
-99.00
-99.00
-99.00
1.25
6.12
1.10
-99.00
-99.00
-99.00
-99.00
-99.00
-99.00
-99.00
-99.00
-99.00
-99.00
-99.00
-99.00
-99.00
-99.00
-99.00
-99.00
-99.00
-99.00
-99.00
0.03
-99.00
-99.00
-99.00
-99.00
-99.00
-99.00
-99.00
-99.00
-99.00
-99.00
-99.00
-99.00
-99.00
-99.00
0.23
7.45
1.33
-99.00
-99.00
-99.00
-99.00
-99.00
-99.00
-99.00
0.13
0.17
-99.00
-99.00
0.49
1.19
-99.00
-99.00
-99.00
-99.00
-99.00
-99.00
-99.00
-99.00
-99.00
-99.00
-99.00
-99.00
-99.00
-99.00
0.08
-99.00
-99.00
-99.00
-99.00
-99.00
-99.00
-99.00
-99.00
-99.00
-99.00
-99.00
-99.00
-99.00
-99.00
0.47
-99.00
-99.00
-99.00
-99.00
-99.00
-99.00
-99.00
-99.00
-99.00
-99.00
-99.00
-99.00
-99.00
-99.00
-99.00
-99.00
-99.00
-99.00
-99.00
-99.00
-99.00
-99.00
0.22
4.57
7.76
6.46
1.34
-99.00
2.85
22.24
3.93
6.26
4.66
0.24
2.10
1.12
-99.00
0.88
0.79
1.01
4.21
5.58
1.30
4.21
-99.00
-99.00
-99.00
22.54
13.54
0.47
-99.00
-99.00
-99.00
0.22
3.79
3.43
0.05
1.99
1.02
3.37
6.89
5.54
12.89
0.40
0.07
4.91
13.14
2.13
8.20
17.13
14.75
11.36
13.68
15.26
12.89
7.20
18.92
11.53
7.32
19.83
4.61
3.42
1.81
-99.00
-99.00
-99.00
-99.00
0.76
3.26
4.39
7.82
6.06
11.80
7.55
6.33
32.14
11.68
6.28
9.98
1.83
0.52
8.77
0.31
0.89
0.15
2.78
1.28
2.38
17.69
16.34
12.53
28.73
6.36
19.22
15.14
20.80
4.56
9.89
4.55
3.67
17.85
4.09
34.91
37.49
10.99
36.46
7.43
21.36
4.61
3.69
5.45
2.02
0.80
11.44
16.01
18.42
49.05
26.06
26.50
16.67
4.32
11.50
21.60
27.22
12.66
5.26
34.96
25.42
24.34
39.61
18.74
10.92
16.97
15.86
11.01
22.68
25.84
51.97
13.86
13.59
2.11
0.24
2.92
0.37
2.93
0.68
0.50
0.51
1.21
1.72
16.14
27.25
23.70
18.84
0.59
1.68
11.43
11.68
14.11
34.76
11.37
15.37
38.53
31.37
22.90
8.74
13.03
11.24
4.25
6.52
1.37
5.60
22.46
9.15
12.13
5.19
13.70
16.32
13.04
4.30
4.87
6.65
9.72
5.74
5.59
13.35
18.31
1.33
0.03
0.06
3.81
4.97
14.62
16.63
26.23
7.68
6.21
2.43
3.12
-99.00
0.56
1.75
0.07
0.17
0.04
0.23
2.60
0.50
0.45
3.55
3.48
8.66
3.27
0.67
5.03
8.70
19.44
0.69
10.02
4.17
2.29
-99.00
-99.00
-99.00
-99.00
-99.00
-99.00
-99.00
-99.00
-99.00
-99.00
-99.00
-99.00
-99.00
-99.00
-99.00
-99.00
-99.00
-99.00
-99.00
-99.00
-99.00
-99.00
-99.00
-99.00
-99.00
-99.00
-99.00
-99.00
-99.00
-99.00
0.18
0.11
0.66
0.04
-99.00
-99.00
-99.00
-99.00
-99.00
0.17
-99.00
-99.00
-99.00
-99.00
-99.00
-99.00
-99.00
-99.00
-99.00
-99.00
0.83
1.75
-99.00
-99.00
-99.00
-99.00
-99.00
-99.00
-99.00
-99.00
-99.00
-99.00
-99.00
-99.00
-99.00
0.39
0.63
0.04
-99.00
-99.00
-99.00
-99.00
-99.00
-99.00
-99.00
-99.00
-99.00
-99.00
-99.00
-99.00
-99.00
-99.00
-99.00
-99.00
-99.00
-99.00
0.09
0.07
0.26
0.03
-99.00
-99.00
-99.00
-99.00
-99.00
0.36
2.45
0.89
-99.00
-99.00
-99.00
-99.00
-99.00
-99.00
-99.00
-99.00
-99.00
0.12
0.39
0.05
-99.00
0.27
0.01
-99.00
-99.00
-99.00
-99.00
-99.00
0.01
0.09
-99.00
-99.00
-99.00
-99.00
-99.00
0.19
0.91
-99.00
-99.00
1.10
0.62
0.01
-99.00
-99.00
-99.00
-99.00
-99.00
-99.00
-99.00
-99.00
-99.00
-99.00
-99.00
-99.00
-99.00
-99.00
-99.00
1.03
0.47
0.03
-99.00
0.76
-99.00
-99.00
-99.00
-99.00
-99.00
-99.00
-99.00
10.56
5.93
0.24
-99.00
-99.00
-99.00
-99.00
-99.00
-99.00
-99.00
0.73
0.98
-99.00
-99.00
10.12
3.99
14.82
25.76
15.09
2.22
10.08
4.22
1.00
0.72
0.07
-99.00
-99.00
1.46
3.76
8.03
15.56
6.64
5.56
-99.00
1.82
15.25
16.76
12.24
17.55
7.96
3.13
-99.00
10.78
24.84
12.61
25.55
21.91
19.74
2.83
-99.00
0.31
4.24
0.39
20.68
11.06
30.35
16.81
2.79
5.24
0.92
-99.00
-99.00
-99.00
0.30
8.09
2.52
0.63
-99.00
0.47
0.51
9.52
14.35
20.28
8.32
12.97
15.56
18.23
17.13
12.51
15.42
9.92
8.47
3.40
1.30
7.42
3.76
5.07
27.70
30.45
9.40
4.23
6.97
22.42
22.73
14.04
3.14
0.25
11.05
18.73
8.57
5.79
15.46
27.83
13.24
22.27
14.16
31.79
14.68
11.83
11.91
16.12
26.40
20.03
12.79
12.41
4.70
3.76
6.65
3.74
10.73
1.54
0.50
0.98
1.46
1.67
1.29
0.40
0.39
1.68
5.39
0.07
0.60
0.13
0.55
2.77
4.93
14.32
27.05
28.14
26.10
10.46
10.58
3.24
-99.00
3.54
0.32
1.80
3.66
13.58
6.83
5.54
17.82
11.65
12.38
21.89
10.65
2.61
0.39
3.58
1.01
11.07
13.56
22.46
35.85
15.56
10.23
20.84
10.75
2.37
0.58
0.04
0.15
0.16
11.14
6.05
3.48
0.47
4.49
17.60
17.59
21.78
14.48
13.40
0.14
0.08
2.49
17.25
3.77
0.17
3.09
0.62
0.05
0.12
1.53
0.13
4.28
4.56
5.27
2.61
-99.00
0.22
-99.00
-99.00
-99.00
-99.00
-99.00
-99.00
-99.00
-99.00
-99.00
-99.00
-99.00
-99.00
-99.00
-99.00
-99.00
-99.00
-99.00
-99.00
0.11
-99.00
-99.00
-99.00
-99.00
-99.00
-99.00
-99.00
-99.00
-99.00
-99.00
-99.00
-99.00
-99.00
-99.00
-99.00
-99.00
-99.00
-99.00
-99.00
-99.00
-99.00
-99.00
-99.00
-99.00
-99.00
-99.00
-99.00
-99.00
-99.00
-99.00
-99.00
-99.00
-99.00
-99.00
-99.00
-99.00
-99.00
-99.00
-99.00
-99.00
-99.00
-99.00
-99.00
-99.00
-99.00
-99.00
-99.00
-99.00
-99.00
-99.00
-99.00
-99.00
-99.00
-99.00
-99.00
-99.00
-99.00
-99.00
-99.00
-99.00
-99.00
-99.00
-99.00
-99.00
-99.00
-99.00
-99.00
-99.00
-99.00
0.71
-99.00
-99.00
-99.00
-99.00
-99.00
-99.00
-99.00
-99.00
-99.00
-99.00
-99.00
-99.00
0.35
0.16
-99.00
0.24
0.74
4.92
0.90
-99.00
-99.00
-99.00
-99.00
0.06
-99.00
0.03
0.09
-99.00
-99.00
-99.00
-99.00
-99.00
-99.00
-99.00
-99.00
-99.00
-99.00
-99.00
-99.00
-99.00
-99.00
-99.00
-99.00
-99.00
-99.00
-99.00
2.57
-99.00
1.76
-99.00
-99.00
-99.00
-99.00
-99.00
-99.00
-99.00
-99.00
-99.00
-99.00
-99.00
-99.00
0.37
0.58
0.33
-99.00
-99.00
-99.00
-99.00
-99.00
-99.00
-99.00
-99.00
-99.00
-99.00
-99.00
-99.00
-99.00
-99.00
-99.00
-99.00
-99.00
-99.00
-99.00
-99.00
-99.00
-99.00
-99.00
-99.00
-99.00
-99.00
0.23
6.70
14.54
3.28
0.24
1.85
1.24
11.12
17.72
17.04
6.74
16.11
6.79
1.42
1.06
-99.00
11.49
6.81
14.14
21.41
0.71
11.85
10.97
0.04
2.07
6.11
2.10
2.40
1.80
4.55
0.29
4.56
0.23
0.35
6.64
3.02
4.50
1.40
14.03
7.42
4.84
1.82
3.38
27.21
23.44
1.49
15.04
12.58
3.46
-99.00
8.33
53.85
25.10
24.12
14.32
0.89
23.57
8.50
17.53
21.30
11.20
2.98
1.08
6.55
-99.00
2.25
4.05
0.32
2.65
12.12
27.42
63.65
24.75
29.66
32.82
32.68
14.57
22.85
16.51
13.90
2.86
2.39
10.20
27.18
72.98
47.14
26.63
15.00
10.07
3.35
1.57
0.03
2.01
3.68
0.40
4.32
3.58
7.33
1.46
2.79
2.38
3.45
2.78
6.19
0.26
0.05
10.31
60.73
27.77
36.76
19.18
1.18
10.90
16.10
3.62
3.10
4.08
7.23
7.95
26.74
39.25
23.38
7.07
29.14
22.43
13.51
17.94
2.04
0.69
1.50
0.27
0.18
1.67
1.04
1.46
1.00
0.60
1.20
0.03
0.61
0.51
9.33
8.25
0.75
-99.00
3.51
5.79
4.29
9.96
3.31
12.95
1.76
0.09
7.76
8.68
3.44
20.43
2.03
1.41
0.16
5.77
19.66
9.17
0.86
1.56
6.83
0.98
5.67
0.95
2.36
7.11
2.38
5.64
4.75
2.49
2.17
-99.00
0.08
-99.00
-99.00
-99.00
-99.00
-99.00
4.34
0.58
-99.00
0.03
0.07
10.98
7.86
-99.00
0.06
0.01
-99.00
-99.00
-99.00
-99.00
-99.00
-99.00
-99.00
-99.00
-99.00
-99.00
-99.00
0.03
-99.00
-99.00
-99.00
1.49
-99.00
0.05
0.48
-99.00
-99.00
-99.00
-99.00
-99.00
-99.00
-99.00
-99.00
-99.00
-99.00
0.42
3.07
0.26
-99.00
-99.00
-99.00
-99.00
-99.00
-99.00
-99.00
-99.00
-99.00
-99.00
-99.00
-99.00
-99.00
-99.00
-99.00
-99.00
-99.00
-99.00
-99.00
-99.00
-99.00
-99.00
-99.00
-99.00
-99.00
-99.00
-99.00
-99.00
-99.00
-99.00
-99.00
-99.00
-99.00
-99.00
-99.00
-99.00
-99.00
-99.00
-99.00
-99.00
-99.00
-99.00
-99.00
-99.00
-99.00
-99.00
-99.00
-99.00
-99.00
-99.00
-99.00
-99.00
-99.00
-99.00
-99.00
-99.00
-99.00
0.01
-99.00
0.31
-99.00
-99.00
-99.00
-99.00
-99.00
0.14
0.10
0.65
-99.00
-99.00
-99.00
-99.00
-99.00
-99.00
-99.00
-99.00
-99.00
-99.00
-99.00
-99.00
-99.00
-99.00
-99.00
-99.00
0.02
0.02
0.06
0.64
0.11
-99.00
-99.00
-99.00
-99.00
-99.00
-99.00
-99.00
-99.00
-99.00
-99.00
-99.00
-99.00
0.43
0.02
-99.00
3.52
0.07
-99.00
1.04
-99.00
-99.00
-99.00
-99.00
-99.00
-99.00
-99.00
0.08
0.77
0.25
-99.00
0.09
0.06
11.13
4.76
0.07
0.60
7.46
0.24
2.18
1.98
13.15
1.64
2.10
14.13
4.01
1.26
7.96
5.13
0.46
3.72
3.06
1.38
0.33
3.45
1.94
5.65
3.06
0.35
6.79
16.71
20.46
9.58
7.78
1.28
19.25
14.05
6.78
3.69
17.36
6.47
0.30
0.99
0.59
3.19
1.42
7.56
10.52
6.96
11.18
7.10
9.20
4.96
7.86
6.13
8.64
12.19
11.34
10.86
5.50
3.48
8.38
10.62
6.21
2.34
3.36
13.67
5.77
10.06
21.03
16.66
24.68
19.93
7.54
0.43
15.42
5.28
8.76
31.58
14.82
18.82
87.41
32.36
15.16
1.51
2.55
8.14
0.18
1.37
4.43
10.29
6.07
2.41
5.01
0.49
0.17
3.49
4.86
0.34
3.97
7.34
9.66
3.90
4.35
20.28
24.67
13.19
25.97
13.06
8.34
21.14
17.58
17.62
14.84
25.39
26.92
20.48
10.59
29.38
11.14
5.50
10.21
7.68
6.17
8.31
5.90
3.41
4.39
1.09
-99.00
0.21
2.23
1.67
0.94
0.24
1.34
21.98
41.85
37.47
32.26
16.40
12.59
22.91
13.29
-99.00
0.09
2.36
1.98
0.15
8.30
35.42
23.86
31.50
27.25
1.79
0.31
-99.00
6.73
4.87
2.67
0.07
-99.00
0.01
1.12
5.62
7.52
1.47
2.27
1.64
2.50
0.65
14.61
23.56
10.98
14.09
6.59
12.86
16.91
9.27
-99.00
-99.00
0.02
2.32
1.31
0.78
1.60
7.01
4.79
40.10
41.52
17.91
23.95
20.58
12.39
1.52
-99.00
-99.00
0.12
0.62
2.81
0.71
-99.00
1.83
0.17
-99.00
-99.00
0.61
-99.00
-99.00
-99.00
-99.00
1.23
11.09
5.39
0.17
-99.00
0.01
-99.00
-99.00
-99.00
4.02
6.26
5.62
1.50
-99.00
-99.00
0.04
-99.00
-99.00
-99.00
4.53
-99.00
-99.00
-99.00
-99.00
-99.00
-99.00
-99.00
-99.00
0.27
-99.00
-99.00
-99.00
-99.00
-99.00
-99.00
-99.00
0.05
0.02
-99.00
-99.00
-99.00
-99.00
-99.00
-99.00
-99.00
-99.00
-99.00
-99.00
-99.00
-99.00
-99.00
-99.00
-99.00
-99.00
-99.00
-99.00
-99.00
-99.00
-99.00
-99.00
-99.00
-99.00
-99.00
4.26
4.19
2.68
0.42
0.05
0.01
0.01
-99.00
-99.00
-99.00
-99.00
-99.00
-99.00
-99.00
-99.00
-99.00
-99.00
-99.00
-99.00
-99.00
-99.00
-99.00
-99.00
-99.00
-99.00
0.20
1.15
-99.00
-99.00
-99.00
-99.00
-99.00
-99.00
-99.00
-99.00
-99.00
-99.00
-99.00
-99.00
0.08
-99.00
-99.00
0.07
0.47
0.31
-99.00
-99.00
0.02
-99.00
-99.00
-99.00
-99.00
0.06
1.97
0.05
-99.00
-99.00
-99.00
-99.00
-99.00
-99.00
-99.00
-99.00
-99.00
-99.00
-99.00
-99.00
-99.00
0.28
-99.00
-99.00
-99.00
-99.00
-99.00
1.15
1.20
-99.00
-99.00
-99.00
-99.00
-99.00
1.65
0.60
0.51
-99.00
0.23
0.82
0.45
1.28
-99.00
-99.00
-99.00
0.29
1.08
2.41
-99.00
-99.00
0.63
-99.00
-99.00
-99.00
-99.00
-99.00
-99.00
-99.00
0.80
1.25
8.17
0.41
11.53
1.85
0.43
20.91
11.99
3.38
1.65
0.15
5.60
1.51
2.30
0.51
2.80
20.33
10.60
4.86
3.60
3.86
1.77
6.35
2.38
1.85
3.73
3.51
5.12
0.11
2.57
4.10
4.81
3.52
22.93
8.52
0.73
3.08
22.79
14.21
33.94
27.70
29.56
10.48
2.64
8.57
5.63
15.47
7.76
2.29
0.07
1.12
6.01
9.00
16.71
5.47
1.54
4.90
54.92
13.66
22.59
41.59
46.09
16.06
0.19
0.29
1.18
0.25
14.77
10.35
2.11
11.42
36.92
25.11
8.04
19.70
16.31
2.84
0.92
2.03
2.55
1.19
0.85
5.75
26.95
17.37
3.43
1.37
5.21
4.24
1.36
3.55
6.55
2.11
0.98
65.41
40.71
24.16
26.05
34.72
27.08
2.01
0.97
2.84
3.41
3.33
40.21
36.59
15.44
3.15
1.16
4.23
3.64
7.68
11.26
7.12
6.00
8.25
7.73
1.69
0.07
2.40
0.75
0.62
0.08
7.97
9.15
2.41
2.48
4.38
2.24
8.59
0.70
2.78
4.53
23.12
0.47
0.11
2.91
0.04
0.09
7.83
11.83
1.35
1.31
0.45
4.65
21.11
32.65
11.46
4.42
7.68
39.64
1.35
9.37
53.58
11.06
6.16
6.68
0.75
9.36
6.66
-99.00
0.82
5.96
-99.00
22.33
20.10
21.36
9.77
0.27
0.29
0.30
2.30
0.24
9.04
1.15
1.62
1.45
-99.00
-99.00
12.89
6.55
-99.00
-99.00
-99.00
0.02
-99.00
-99.00
-99.00
0.18
0.02
0.61
-99.00
-99.00
-99.00
-99.00
-99.00
0.13
0.14
-99.00
-99.00
0.10
-99.00
-99.00
4.36
1.03
0.71
0.46
-99.00
-99.00
0.01
-99.00
-99.00
-99.00
-99.00
-99.00
0.52
-99.00
-99.00
-99.00
2.24
0.05
0.10
-99.00
-99.00
-99.00
-99.00
-99.00
-99.00
-99.00
-99.00
-99.00
-99.00
-99.00
-99.00
0.15
-99.00
-99.00
-99.00
-99.00
-99.00
-99.00
-99.00
-99.00
-99.00
-99.00
-99.00
-99.00
-99.00
-99.00
-99.00
-99.00
-99.00
-99.00
-99.00
-99.00
-99.00
-99.00
-99.00
-99.00
-99.00
-99.00
-99.00
-99.00
0.37
-99.00
-99.00
-99.00
-99.00
-99.00
-99.00
-99.00
-99.00
-99.00
-99.00
-99.00
-99.00
-99.00
-99.00
-99.00
-99.00
1.28
0.61
2.13
0.90
0.09
-99.00
-99.00
-99.00
-99.00
-99.00
-99.00
0.05
0.85
-99.00
0.71
0.50
-99.00
-99.00
-99.00
-99.00
3.86
2.68
1.44
0.07
-99.00
-99.00
-99.00
-99.00
-99.00
-99.00
-99.00
-99.00
1.88
0.54
-99.00
-99.00
-99.00
-99.00
-99.00
-99.00
-99.00
-99.00
-99.00
-99.00
-99.00
-99.00
-99.00
-99.00
-99.00
2.07
1.86
0.04
-99.00
-99.00
-99.00
-99.00
-99.00
-99.00
0.20
0.14
0.67
-99.00
-99.00
-99.00
-99.00
-99.00
0.06
-99.00
-99.00
-99.00
-99.00
-99.00
-99.00
-99.00
0.34
-99.00
-99.00
1.30
1.04
-99.00
-99.00
-99.00
4.61
0.24
4.19
3.03
1.23
4.65
3.10
2.57
1.80
2.07
3.60
3.27
1.02
-99.00
0.30
-99.00
-99.00
-99.00
-99.00
5.66
14.81
2.62
2.42
1.95
0.04
-99.00
-99.00
5.35
0.01
2.02
8.99
5.23
13.02
4.06
3.63
0.55
-99.00
-99.00
-99.00
-99.00
27.85
3.93
2.01
2.51
-99.00
-99.00
-99.00
-99.00
2.98
3.48
-99.00
-99.00
-99.00
-99.00
0.28
0.70
-99.00
8.82
3.93
0.39
6.03
8.47
1.77
5.84
14.37
4.04
6.20
0.12
23.36
33.77
23.59
4.35
0.02
1.24
1.99
4.39
1.69
1.99
6.54
0.90
3.93
1.72
24.62
25.02
4.77
1.17
3.20
0.01
0.35
1.46
3.11
5.69
11.61
10.09
4.89
19.02
6.49
21.06
23.46
13.55
16.89
9.81
37.58
28.89
36.10
32.84
40.16
19.47
19.82
30.74
8.56
1.63
1.21
0.11
0.18
6.01
2.48
-99.00
-99.00
2.24
1.72
3.25
-99.00
1.05
0.60
0.31
17.05
47.91
12.53
0.62
6.22
22.67
31.64
39.16
8.99
11.78
16.47
11.56
4.30
1.49
51.99
6.99
11.04
11.06
6.85
11.25
26.23
27.88
24.66
4.74
0.87
2.85
8.87
27.81
23.33
11.21
4.10
7.03
9.05
4.67
0.32
-99.00
0.81
0.15
-99.00
2.28
5.10
3.48
-99.00
0.01
0.84
8.94
17.30
23.34
13.22
5.51
1.74
12.63
20.84
14.45
4.41
3.30
0.92
9.69
12.95
5.18
0.94
2.28
-99.00
0.30
-99.00
-99.00
-99.00
-99.00
-99.00
-99.00
-99.00
1.90
2.15
-99.00
0.35
-99.00
-99.00
-99.00
-99.00
-99.00
-99.00
-99.00
-99.00
-99.00
-99.00
-99.00
-99.00
-99.00
-99.00
-99.00
-99.00
-99.00
-99.00
-99.00
-99.00
-99.00
-99.00
-99.00
0.13
-99.00
-99.00
-99.00
-99.00
-99.00
-99.00
-99.00
1.54
6.18
7.83
15.60
5.52
0.27
0.17
-99.00
-99.00
-99.00
-99.00
-99.00
-99.00
-99.00
-99.00
-99.00
-99.00
0.32
-99.00
0.05
-99.00
-99.00
-99.00
-99.00
-99.00
-99.00
-99.00
-99.00
-99.00
-99.00
-99.00
-99.00
0.21
1.83
1.51
0.84
-99.00
-99.00
-99.00
-99.00
-99.00
-99.00
-99.00
-99.00
-99.00
-99.00
-99.00
-99.00
-99.00
-99.00
-99.00
-99.00
-99.00
-99.00
-99.00
-99.00
-99.00
-99.00
-99.00
-99.00
-99.00
-99.00
-99.00
-99.00
-99.00
-99.00
-99.00
-99.00
0.13
-99.00
-99.00
-99.00
-99.00
-99.00
-99.00
-99.00
-99.00
-99.00
-99.00
-99.00
4.73
0.02
2.63
0.08
-99.00
-99.00
-99.00
-99.00
0.24
-99.00
-99.00
-99.00
-99.00
2.55
7.60
9.99
0.37
0.04
0.01
0.44
5.94
-99.00
3.40
0.24
-99.00
-99.00
-99.00
-99.00
-99.00
-99.00
-99.00
-99.00
-99.00
0.60
-99.00
-99.00
1.46
-99.00
-99.00
0.03
-99.00
-99.00
-99.00
0.73
0.87
-99.00
2.10
-99.00
-99.00
0.01
0.72
-99.00
-99.00
-99.00
-99.00
-99.00
-99.00
-99.00
-99.00
-99.00
-99.00
-99.00
1.81
5.00
4.87
5.48
2.48
3.02
0.05
-99.00
-99.00
1.01
1.36
8.75
10.58
1.56
3.63
6.34
14.45
14.69
14.79
1.43
20.88
8.28
6.86
8.36
10.46
5.06
9.24
19.33
11.87
11.34
8.67
7.47
8.39
0.01
8.67
4.61
2.49
8.80
7.18
7.22
12.22
8.10
6.92
45.89
5.85
1.57
0.57
3.27
0.80
9.65
3.31
14.77
15.12
7.82
7.20
4.08
12.08
18.44
19.28
10.31
23.33
28.52
26.18
6.71
0.24
2.10
2.99
6.18
2.34
0.46
4.50
1.19
0.13
0.44
9.42
1.53
0.59
1.28
3.41
18.21
7.73
21.46
0.95
1.04
8.61
2.85
20.25
10.77
42.60
24.33
33.17
15.28
12.18
11.77
10.12
12.54
2.41
0.29
1.90
8.58
13.07
5.29
6.91
2.49
14.79
10.05
1.66
0.50
13.82
34.86
16.85
2.17
15.48
26.96
13.47
6.87
45.55
10.01
19.67
18.79
37.60
28.91
22.71
8.09
2.91
1.91
2.05
3.44
5.42
4.40
1.12
13.45
1.47
4.15
4.56
10.50
2.73
3.69
7.24
5.76
8.93
13.01
0.37
0.55
1.13
2.21
10.05
16.79
17.60
1.80
2.14
17.31
17.68
5.58
5.42
1.54
2.73
17.06
10.07
1.93
21.92
7.77
8.31
9.72
1.47
-99.00
4.10
0.07
0.31
0.27
0.48
2.05
9.71
10.02
-99.00
0.06
0.07
-99.00
-99.00
-99.00
0.33
-99.00
-99.00
2.14
4.62
16.13
9.62
0.48
1.57
2.75
1.36
1.39
-99.00
-99.00
-99.00
-99.00
-99.00
-99.00
-99.00
-99.00
-99.00
-99.00
-99.00
-99.00
-99.00
-99.00
-99.00
-99.00
-99.00
-99.00
-99.00
-99.00
-99.00
-99.00
-99.00
-99.00
-99.00
-99.00
-99.00
-99.00
-99.00
-99.00
-99.00
-99.00
-99.00
-99.00
-99.00
-99.00
-99.00
-99.00
-99.00
-99.00
-99.00
-99.00
-99.00
-99.00
-99.00
-99.00
-99.00
-99.00
-99.00
-99.00
-99.00
-99.00
-99.00
-99.00
-99.00
-99.00
-99.00
-99.00
-99.00
-99.00
-99.00
-99.00
-99.00
-99.00
-99.00
-99.00
-99.00
-99.00
-99.00
-99.00
0.04
2.15
7.47
0.70
-99.00
-99.00
0.07
0.19
-99.00
0.03
-99.00
0.29
-99.00
-99.00
-99.00
-99.00
-99.00
-99.00
-99.00
3.76
1.85
-99.00
-99.00
-99.00
-99.00
0.02
0.04
0.50
1.22
-99.00
-99.00
-99.00
-99.00
-99.00
-99.00
4.57
7.16
3.06
-99.00
-99.00
-99.00
-99.00
0.02
-99.00
-99.00
-99.00
-99.00
0.16
-99.00
-99.00
-99.00
-99.00
-99.00
-99.00
-99.00
-99.00
-99.00
-99.00
-99.00
-99.00
-99.00
-99.00
-99.00
-99.00
-99.00
0.15
0.11
4.72
1.53
0.34
0.42
0.04
-99.00
-99.00
-99.00
-99.00
-99.00
0.10
0.10
2.04
2.32
4.90
0.78
-99.00
3.03
10.49
3.05
5.00
0.06
-99.00
2.33
-99.00
-99.00
-99.00
-99.00
1.76
1.36
4.44
0.13
-99.00
3.43
9.19
28.09
10.08
4.35
1.90
-99.00
-99.00
9.59
16.28
2.37
0.45
3.17
3.74
0.62
5.04
13.19
13.43
3.56
1.99
0.35
0.76
-99.00
0.45
9.21
12.72
10.44
20.01
10.72
34.97
16.36
33.54
24.02
6.78
-99.00
-99.00
1.11
5.08
5.06
18.77
1.91
7.94
39.23
13.83
42.23
5.39
1.77
4.60
1.65
-99.00
3.23
7.14
23.69
4.04
4.23
-99.00
0.08
-99.00
0.53
1.46
2.11
-99.00
13.18
2.65
3.11
0.13
2.63
4.14
2.12
2.27
10.99
13.09
12.97
14.97
23.12
15.63
5.27
14.73
24.00
17.34
22.13
2.91
1.81
0.17
1.57
0.77
0.06
0.29
0.01
6.64
11.40
24.70
15.90
20.86
17.45
12.72
4.47
0.89
2.21
0.89
0.34
11.88
16.18
8.62
24.04
7.04
17.04
14.47
4.23
3.76
2.58
0.06
1.48
-99.00
0.12
3.02
0.33
3.41
14.83
3.93
4.09
4.81
0.86
1.21
3.28
5.37
4.58
4.59
4.05
8.42
24.25
15.71
9.05
7.50
10.43
2.21
5.72
14.98
4.12
7.39
5.55
6.00
6.53
1.84
0.49
1.65
3.44
6.71
11.57
5.96
6.63
9.58
5.12
0.70
2.65
3.58
1.05
2.04
1.35
-99.00
-99.00
0.03
-99.00
-99.00
0.38
5.34
3.14
13.99
3.76
0.32
0.80
0.45
0.15
-99.00
0.05
-99.00
-99.00
-99.00
-99.00
-99.00
0.69
-99.00
-99.00
0.19
-99.00
-99.00
-99.00
-99.00
-99.00
-99.00
0.09
-99.00
-99.00
-99.00
-99.00
0.01
-99.00
-99.00
-99.00
-99.00
-99.00
-99.00
0.65
0.03
-99.00
-99.00
-99.00
-99.00
-99.00
-99.00
-99.00
-99.00
-99.00
-99.00
0.03
1.42
-99.00
-99.00
-99.00
-99.00
-99.00
-99.00
-99.00
-99.00
-99.00
-99.00
-99.00
-99.00
-99.00
-99.00
-99.00
-99.00
-99.00
-99.00
-99.00
-99.00
-99.00
-99.00
4.79
28.65
7.21
0.25
-99.00
-99.00
-99.00
-99.00
-99.00
-99.00
-99.00
-99.00
-99.00
-99.00
-99.00
-99.00
-99.00
-99.00
-99.00
-99.00
-99.00
-99.00
-99.00
-99.00
-99.00
-99.00
-99.00
-99.00
-99.00
-99.00
-99.00
-99.00
-99.00
-99.00
-99.00
-99.00
-99.00
-99.00
-99.00
-99.00
-99.00
-99.00
-99.00
-99.00
-99.00
-99.00
-99.00
-99.00
-99.00
-99.00
-99.00
-99.00
-99.00
2.74
0.87
0.34
-99.00
-99.00
-99.00
-99.00
-99.00
-99.00
0.01
0.01
-99.00
-99.00
-99.00
-99.00
-99.00
0.34
0.04
-99.00
-99.00
-99.00
-99.00
-99.00
-99.00
-99.00
-99.00
-99.00
-99.00
-99.00
1.97
2.80
0.16
-99.00
2.17
3.36
1.04
-99.00
-99.00
-99.00
-99.00
0.03
-99.00
-99.00
-99.00
-99.00
0.58
0.07
3.30
2.02
-99.00
-99.00
-99.00
-99.00
0.13
0.30
4.12
-99.00
-99.00
-99.00
0.64
1.14
0.09
-99.00
-99.00
-99.00
0.33
0.10
-99.00
-99.00
-99.00
2.58
3.11
6.43
14.97
9.19
1.96
15.39
4.35
2.35
1.61
1.78
0.64
5.32
5.69
3.61
4.89
6.53
4.04
0.47
-99.00
1.24
-99.00
3.16
2.16
0.02
-99.00
1.43
1.58
1.57
1.08
3.27
17.44
7.38
8.47
3.75
1.29
1.60
-99.00
-99.00
-99.00
0.23
0.69
0.39
1.63
-99.00
-99.00
8.31
19.54
23.27
9.80
6.66
1.79
31.55
15.46
8.84
0.03
1.21
6.49
76.41
21.14
1.17
5.51
3.60
13.08
57.40
26.70
2.60
12.78
11.93
5.95
25.50
9.51
1.60
4.04
7.35
9.62
30.84
13.45
6.55
1.48
2.11
2.01
19.68
18.05
18.95
22.09
66.18
58.34
5.08
16.65
35.09
14.81
25.94
4.79
7.95
10.63
0.96
0.52
10.70
7.81
7.84
8.31
23.86
9.90
31.64
13.82
23.11
18.02
2.68
2.58
2.98
3.46
3.55
52.13
38.97
14.78
3.70
0.11
1.20
0.88
1.27
3.34
0.50
0.69
0.84
1.64
0.02
0.17
3.73
6.77
4.15
5.47
2.19
11.65
18.37
7.19
2.12
8.17
4.93
0.48
7.75
13.61
2.37
0.79
1.97
8.92
5.78
0.37
6.26
2.65
0.12
3.84
26.82
24.99
11.83
64.63
27.26
5.93
1.42
19.16
14.26
9.90
8.78
10.67
8.43
9.66
1.13
0.16
-99.00
-99.00
0.62
-99.00
0.08
0.59
-99.00
-99.00
-99.00
-99.00
-99.00
-99.00
-99.00
-99.00
-99.00
-99.00
-99.00
-99.00
-99.00
-99.00
-99.00
-99.00
-99.00
-99.00
-99.00
0.94
29.54
9.13
4.46
0.03
0.04
-99.00
-99.00
-99.00
-99.00
-99.00
-99.00
-99.00
-99.00
-99.00
-99.00
-99.00
-99.00
-99.00
1.12
6.09
0.79
0.01
0.16
-99.00
-99.00
-99.00
-99.00
-99.00
0.04
-99.00
-99.00
-99.00
2.12
0.02
-99.00
-99.00
0.05
0.20
-99.00
-99.00
-99.00
-99.00
-99.00
-99.00
0.21
-99.00
-99.00
-99.00
-99.00
-99.00
-99.00
-99.00
-99.00
-99.00
-99.00
-99.00
-99.00
-99.00
-99.00
-99.00
0.13
-99.00
0.53
0.32
-99.00
-99.00
-99.00
-99.00
-99.00
-99.00
-99.00
-99.00
0.16
2.41
0.03
-99.00
-99.00
-99.00
-99.00
-99.00
-99.00
-99.00
-99.00
-99.00
-99.00
-99.00
-99.00
-99.00
-99.00
-99.00
-99.00
-99.00
-99.00
-99.00
-99.00
-99.00
-99.00
-99.00
4.53
0.87
0.33
-99.00
-99.00
-99.00
-99.00
-99.00
-99.00
-99.00
-99.00
-99.00
-99.00
-99.00
-99.00
-99.00
-99.00
-99.00
-99.00
-99.00
-99.00
-99.00
-99.00
-99.00
0.05
0.05
0.06
0.41
0.13
0.94
1.14
-99.00
-99.00
0.04
-99.00
0.07
-99.00
-99.00
-99.00
-99.00
-99.00
-99.00
-99.00
0.03
-99.00
-99.00
1.06
0.05
-99.00
-99.00
16.24
3.04
6.40
0.43
0.46
-99.00
-99.00
-99.00
-99.00
-99.00
0.14
-99.00
-99.00
-99.00
-99.00
-99.00
-99.00
-99.00
-99.00
-99.00
-99.00
-99.00
4.37
1.16
0.98
1.90
-99.00
0.40
0.46
0.64
1.87
2.04
-99.00
0.05
-99.00
-99.00
0.99
-99.00
-99.00
8.86
3.08
5.88
5.37
7.25
16.10
0.05
6.81
7.92
18.67
8.50
6.63
9.37
13.14
19.23
9.22
13.52
0.77
3.74
2.13
7.35
17.95
19.18
23.48
6.80
27.12
5.49
3.86
4.10
-99.00
-99.00
-99.00
4.14
4.41
4.81
0.42
6.67
7.76
16.34
15.84
24.98
2.22
5.98
12.27
0.63
0.14
2.83
1.26
10.27
30.80
15.45
13.81
4.55
2.56
9.52
30.18
8.71
5.07
8.88
4.67
2.13
18.78
23.85
10.25
7.69
14.86
51.69
9.09
24.46
26.46
12.96
13.22
4.33
7.32
2.39
0.07
1.79
0.99
1.75
10.60
46.97
27.95
5.22
2.39
10.60
6.79
6.39
16.68
41.12
43.04
40.69
36.23
5.38
15.98
9.38
4.73
2.79
1.14
7.61
11.57
5.22
2.96
0.13
1.36
0.85
1.05
3.89
5.54
0.71
0.90
0.57
2.50
2.36
2.24
5.42
10.01
18.14
26.40
32.84
38.54
56.35
5.75
1.01
2.90
5.46
7.64
17.39
5.02
0.72
5.01
1.50
2.66
5.81
23.41
7.13
24.41
6.30
20.30
9.48
40.92
24.19
4.38
7.57
15.21
14.85
9.29
14.66
14.20
34.48
6.18
7.96
10.42
8.70
6.38
1.82
0.06
0.44
3.50
-99.00
1.72
0.05
2.27
3.67
2.83
4.12
45.63
35.37
27.61
13.49
1.63
2.32
17.85
5.26
-99.00
-99.00
3.99
-99.00
-99.00
0.16
2.73
2.79
0.93
-99.00
-99.00
-99.00
-99.00
-99.00
-99.00
-99.00
-99.00
-99.00
-99.00
-99.00
-99.00
-99.00
-99.00
-99.00
-99.00
-99.00
-99.00
-99.00
-99.00
-99.00
-99.00
-99.00
-99.00
-99.00
-99.00
-99.00
-99.00
-99.00
-99.00
-99.00
-99.00
-99.00
-99.00
-99.00
-99.00
-99.00
-99.00
-99.00
-99.00
-99.00
-99.00
-99.00
-99.00
-99.00
-99.00
-99.00
-99.00
-99.00
-99.00
-99.00
-99.00
-99.00
-99.00
-99.00
-99.00
-99.00
-99.00
-99.00
-99.00
6.28
8.87
5.73
1.10
-99.00
0.08
-99.00
-99.00
0.03
0.02
-99.00
-99.00
-99.00
-99.00
-99.00
-99.00
-99.00
-99.00
-99.00
-99.00
-99.00
4.73
20.68
9.22
1.50
-99.00
-99.00
-99.00
0.39
0.06
-99.00
-99.00
-99.00
-99.00
-99.00
-99.00
-99.00
-99.00
-99.00
-99.00
-99.00
-99.00
-99.00
-99.00
-99.00
0.03
0.57
-99.00
-99.00
0.39
-99.00
-99.00
-99.00
-99.00
-99.00
-99.00
-99.00
3.33
3.48
0.01
-99.00
-99.00
-99.00
-99.00
-99.00
-99.00
-99.00
-99.00
-99.00
-99.00
-99.00
-99.00
-99.00
-99.00
-99.00
-99.00
-99.00
-99.00
-99.00
-99.00
-99.00
-99.00
-99.00
-99.00
-99.00
-99.00
-99.00
-99.00
-99.00
-99.00
-99.00
-99.00
2.67
4.96
-99.00
-99.00
-99.00
1.85
2.83
3.21
-99.00
-99.00
-99.00
0.07
0.04
-99.00
0.34
0.46
-99.00
-99.00
-99.00
-99.00
-99.00
2.67
3.35
2.45
1.01
0.19
1.41
9.04
-99.00
-99.00
4.60
4.58
1.88
10.55
10.78
9.49
1.08
1.91
-99.00
0.60
7.22
11.43
26.41
10.90
14.66
25.17
6.68
2.02
4.42
10.11
11.76
2.95
20.99
13.64
5.21
7.25
5.51
16.01
6.12
31.82
19.73
6.04
8.09
13.43
31.71
14.59
0.81
0.05
-99.00
1.41
11.92
28.62
30.28
63.16
22.40
7.41
23.11
16.89
3.32
1.11
17.49
38.77
70.92
40.16
7.37
5.08
21.75
5.80
6.18
9.74
10.66
12.98
4.07
1.74
3.68
4.74
5.15
5.67
12.86
10.26
11.20
11.41
9.96
19.17
55.23
11.84
30.01
27.23
35.70
25.89
9.17
8.43
11.53
4.74
8.46
3.91
19.05
7.33
16.82
27.09
14.62
13.10
47.41
27.81
33.90
14.09
5.31
3.42
9.08
12.84
7.18
9.60
11.25
-99.00
3.87
1.23
0.77
0.51
0.72
6.56
10.12
1.44
1.68
2.72
10.79
3.29
12.56
23.28
8.80
10.25
26.28
7.35
9.42
8.74
4.56
11.98
18.64
7.60
5.95
4.98
15.35
9.41
14.93
35.12
41.88
26.50
11.83
7.85
28.59
4.82
13.99
6.92
13.05
39.87
79.90
51.70
54.76
26.70
18.70
2.19
7.90
2.57
1.84
0.20
0.30
-99.00
-99.00
-99.00
-99.00
0.28
1.08
9.38
17.37
4.26
15.94
1.23
-99.00
-99.00
1.22
0.27
0.21
10.50
15.26
3.32
1.32
0.24
0.66
10.09
3.55
7.42
-99.00
0.07
1.24
-99.00
0.08
-99.00
-99.00
-99.00
-99.00
-99.00
-99.00
-99.00
-99.00
-99.00
-99.00
-99.00
-99.00
-99.00
-99.00
-99.00
0.14
-99.00
-99.00
-99.00
-99.00
-99.00
-99.00
-99.00
-99.00
-99.00
-99.00
-99.00
-99.00
-99.00
-99.00
0.04
-99.00
-99.00
-99.00
-99.00
-99.00
-99.00
-99.00
-99.00
-99.00
-99.00
-99.00
-99.00
-99.00
-99.00
-99.00
-99.00
0.94
4.02
2.53
-99.00
-99.00
-99.00
0.06
-99.00
-99.00
-99.00
-99.00
-99.00
-99.00
-99.00
-99.00
-99.00
-99.00
-99.00
-99.00
-99.00
-99.00
0.40
-99.00
-99.00
0.57
-99.00
-99.00
-99.00
-99.00
-99.00
-99.00
-99.00
-99.00
-99.00
-99.00
-99.00
-99.00
-99.00
-99.00
0.18
-99.00
0.15
-99.00
-99.00
-99.00
-99.00
-99.00
0.38
-99.00
-99.00
-99.00
-99.00
-99.00
-99.00
2.12
3.02
1.19
0.08
0.03
-99.00
-99.00
-99.00
0.57
0.74
0.30
3.24
0.28
-99.00
-99.00
-99.00
-99.00
-99.00
-99.00
-99.00
-99.00
-99.00
0.14
-99.00
0.03
0.07
0.06
-99.00
0.18
0.04
-99.00
-99.00
-99.00
-99.00
-99.00
-99.00
-99.00
-99.00
-99.00
-99.00
-99.00
-99.00
-99.00
-99.00
-99.00
-99.00
-99.00
0.67
0.09
0.54
1.50
2.48
4.35
1.33
0.11
-99.00
-99.00
-99.00
-99.00
-99.00
-99.00
0.33
0.90
0.09
-99.00
-99.00
-99.00
-99.00
-99.00
0.99
-99.00
-99.00
-99.00
5.89
0.17
5.35
3.69
3.02
-99.00
0.54
0.69
3.97
0.91
5.37
0.33
-99.00
4.00
5.07
1.12
9.91
8.52
11.09
-99.00
1.44
1.51
14.90
26.01
2.64
31.19
9.50
0.27
2.15
8.32
9.18
23.81
33.46
1.99
4.39
0.24
0.62
0.05
6.17
9.05
14.48
10.23
36.21
28.22
33.91
16.43
10.36
13.16
6.51
24.81
9.16
9.83
37.80
0.60
-99.00
1.91
1.87
5.50
1.48
12.09
24.00
11.40
1.69
0.34
19.43
1.35
0.26
4.85
2.26
20.27
44.23
17.26
11.94
11.63
2.10
2.53
4.14
13.98
37.51
20.24
13.82
40.66
23.36
10.63
16.78
32.26
24.42
15.78
8.96
16.83
4.93
17.78
11.69
23.03
16.18
50.20
53.21
37.53
17.77
36.10
20.61
20.11
0.37
0.48
2.92
1.73
9.82
1.54
1.45
3.56
3.19
4.42
2.31
1.79
1.86
0.55
7.88
5.93
0.91
0.79
4.95
9.48
16.82
13.92
10.78
32.63
29.20
19.89
14.82
12.74
4.03
-99.00
1.81
2.92
4.97
6.52
13.70
18.70
30.15
10.39
8.05
8.45
3.63
3.36
12.80
6.99
1.20
2.83
11.45
17.62
13.86
1.91
0.09
1.04
7.31
10.13
13.30
11.02
1.42
6.34
1.84
15.17
12.08
11.72
6.30
1.61
5.67
2.12
1.86
2.69
-99.00
-99.00
0.21
3.55
0.42
0.56
2.83
0.13
-99.00
8.82
31.99
60.19
38.86
0.10
-99.00
0.09
-99.00
-99.00
-99.00
0.39
-99.00
-99.00
-99.00
-99.00
-99.00
-99.00
-99.00
0.04
0.77
-99.00
0.24
2.08
0.35
-99.00
1.01
0.41
0.01
0.02
0.52
-99.00
0.25
0.32
-99.00
0.29
-99.00
-99.00
-99.00
0.25
-99.00
-99.00
-99.00
-99.00
-99.00
-99.00
-99.00
-99.00
-99.00
-99.00
-99.00
-99.00
-99.00
-99.00
0.09
-99.00
-99.00
-99.00
-99.00
-99.00
-99.00
0.90
-99.00
-99.00
-99.00
-99.00
0.43
-99.00
-99.00
-99.00
-99.00
-99.00
-99.00
1.48
2.11
10.26
-99.00
0.02
-99.00
-99.00
-99.00
-99.00
-99.00
-99.00
-99.00
-99.00
-99.00
-99.00
-99.00
-99.00
-99.00
-99.00
-99.00
0.13
-99.00
-99.00
-99.00
-99.00
-99.00
-99.00
-99.00
-99.00
-99.00
-99.00
-99.00
0.08
-99.00
-99.00
-99.00
-99.00
-99.00
-99.00
-99.00
-99.00
-99.00
-99.00
0.05
-99.00
-99.00
-99.00
0.47
-99.00
-99.00
1.17
0.17
1.29
-99.00
-99.00
-99.00
-99.00
-99.00
-99.00
-99.00
-99.00
-99.00
-99.00
-99.00
-99.00
-99.00
0.53
-99.00
-99.00
0.42
0.24
0.27
-99.00
-99.00
-99.00
-99.00
-99.00
0.39
-99.00
0.09
0.18
-99.00
-99.00
-99.00
-99.00
-99.00
-99.00
-99.00
-99.00
0.13
-99.00
-99.00
-99.00
-99.00
-99.00
-99.00
0.18
3.91
3.61
3.11
0.90
0.16
-99.00
3.57
0.02
1.35
0.65
18.88
2.65
0.20
0.33
0.02
-99.00
0.22
0.21
1.65
-99.00
-99.00
0.11
1.38
2.46
19.38
8.39
7.34
7.86
5.40
2.81
1.13
21.90
26.53
15.87
25.39
0.93
1.99
-99.00
4.50
14.95
7.02
11.07
0.78
9.41
0.41
5.08
2.84
4.57
0.87
21.25
2.09
0.41
-99.00
0.23
0.18
2.21
1.62
-99.00
0.23
0.38
-99.00
1.31
-99.00
0.02
5.39
11.51
6.00
0.42
4.79
4.29
6.94
8.17
37.98
14.05
0.75
3.72
14.06
9.60
1.79
1.84
4.95
1.28
0.83
0.63
10.76
32.42
53.83
25.10
12.15
55.24
42.83
4.11
2.71
17.12
22.23
2.29
10.97
9.07
11.71
10.90
3.54
0.89
0.68
2.81
2.43
2.81
3.62
6.71
2.84
1.36
3.33
25.47
15.61
37.99
44.66
6.14
4.80
4.74
3.27
4.30
6.85
29.29
80.92
3.48
0.78
1.29
0.57
-99.00
1.12
0.67
0.38
2.40
1.70
3.38
2.04
1.80
0.50
1.49
0.50
6.00
8.25
5.03
16.02
27.34
10.48
21.59
12.52
2.06
0.87
0.30
0.81
24.29
8.86
4.36
26.86
27.55
2.20
2.61
3.13
3.20
22.29
26.55
28.06
51.18
16.12
4.37
52.38
14.98
5.44
5.98
-99.00
-99.00
0.22
2.41
1.71
3.32
2.94
18.57
34.72
11.08
3.52
1.35
16.03
1.88
0.64
0.10
6.30
42.86
63.29
19.12
1.84
1.67
0.64
1.04
7.76
13.17
7.54
0.46
4.86
0.60
0.28
-99.00
-99.00
-99.00
-99.00
-99.00
-99.00
-99.00
-99.00
-99.00
-99.00
-99.00
-99.00
-99.00
-99.00
-99.00
0.40
1.37
2.27
0.02
1.36
2.09
1.24
12.33
-99.00
0.15
-99.00
-99.00
-99.00
-99.00
0.28
-99.00
-99.00
0.09
-99.00
-99.00
-99.00
-99.00
-99.00
-99.00
-99.00
-99.00
-99.00
-99.00
-99.00
-99.00
-99.00
-99.00
-99.00
-99.00
-99.00
-99.00
-99.00
-99.00
-99.00
0.85
17.48
0.90
-99.00
0.17
1.62
0.51
-99.00
-99.00
-99.00
-99.00
-99.00
-99.00
-99.00
-99.00
-99.00
-99.00
-99.00
-99.00
-99.00
-99.00
-99.00
-99.00
-99.00
-99.00
-99.00
-99.00
0.06
-99.00
0.17
0.09
-99.00
-99.00
0.09
-99.00
-99.00
-99.00
-99.00
-99.00
-99.00
-99.00
-99.00
-99.00
-99.00
-99.00
-99.00
-99.00
-99.00
-99.00
-99.00
-99.00
-99.00
-99.00
13.43
0.73
0.09
-99.00
0.09
-99.00
-99.00
-99.00
0.04
-99.00
-99.00
-99.00
0.03
-99.00
0.07
-99.00
0.07
-99.00
0.08
-99.00
0.10
0.02
0.34
0.74
1.72
-99.00
-99.00
-99.00
0.16
0.05
0.07
-99.00
0.34
1.78
8.67
1.69
9.98
1.45
17.50
2.49
0.27
1.51
0.80
0.03
0.05
0.60
-99.00
0.10
0.17
0.18
-99.00
1.82
-99.00
1.38
4.17
1.70
0.59
0.21
0.85
0.23
-99.00
0.03
-99.00
0.09
4.06
3.34
0.54
0.05
-99.00
0.03
-99.00
-99.00
0.23
1.89
4.39
0.26
0.11
5.78
8.32
15.75
16.78
2.43
12.08
1.10
0.07
12.76
5.57
26.56
14.21
2.40
1.86
4.23
0.11
8.80
1.82
1.24
0.24
-99.00
-99.00
-99.00
0.41
0.20
-99.00
0.08
0.21
0.30
4.39
14.27
2.88
3.38
0.11
0.54
4.55
2.39
3.15
8.11
12.59
39.70
4.87
0.31
1.20
1.20
0.82
6.88
19.76
51.56
2.65
1.16
1.89
1.72
3.81
9.05
6.32
0.05
0.57
1.81
16.99
18.72
27.99
35.89
12.81
19.75
20.98
20.08
12.21
9.30
56.00
28.48
40.11
5.07
11.96
8.44
21.31
22.86
8.43
46.72
13.80
10.37
4.45
3.77
27.37
14.19
18.41
1.57
5.18
2.00
7.62
6.85
34.11
71.71
66.89
70.65
61.59
23.74
6.04
10.21
39.89
70.48
59.66
39.02
13.45
0.94
2.03
2.22
1.31
3.72
18.10
62.21
78.29
59.44
40.05
4.94
2.43
6.12
4.55
0.46
6.48
31.75
14.58
6.19
0.52
1.45
16.67
14.39
3.17
4.95
4.34
2.04
26.53
11.04
11.02
0.76
6.73
4.60
23.03
6.81
9.79
3.96
3.02
34.40
9.29
3.94
3.12
2.73
8.53
1.51
3.89
16.43
3.54
1.97
11.55
23.10
12.20
8.44
2.38
12.49
3.81
2.73
2.50
2.06
5.84
4.07
0.17
0.64
0.07
0.34
0.71
1.29
1.64
-99.00
4.07
0.16
0.13
-99.00
0.38
0.89
5.97
66.59
15.86
0.23
-99.00
-99.00
-99.00
-99.00
0.14
-99.00
-99.00
0.25
-99.00
0.73
2.14
0.14
-99.00
-99.00
-99.00
-99.00
-99.00
-99.00
-99.00
-99.00
-99.00
0.14
0.47
2.04
1.61
0.32
0.24
0.15
0.13
0.12
0.16
0.02
0.23
0.10
-99.00
-99.00
-99.00
-99.00
-99.00
-99.00
-99.00
-99.00
-99.00
-99.00
-99.00
-99.00
-99.00
-99.00
-99.00
-99.00
-99.00
0.36
0.46
-99.00
-99.00
-99.00
-99.00
-99.00
-99.00
-99.00
-99.00
-99.00
0.02
-99.00
-99.00
-99.00
-99.00
-99.00
-99.00
-99.00
-99.00
-99.00
-99.00
-99.00
-99.00
0.02
-99.00
-99.00
-99.00
-99.00
-99.00
-99.00
-99.00
0.17
0.23
0.08
-99.00
-99.00
-99.00
-99.00
-99.00
-99.00
-99.00
-99.00
-99.00
-99.00
-99.00
-99.00
-99.00
-99.00
-99.00
-99.00
0.06
-99.00
-99.00
-99.00
-99.00
-99.00
-99.00
-99.00
-99.00
-99.00
-99.00
-99.00
-99.00
0.99
1.21
0.50
0.18
-99.00
0.09
-99.00
-99.00
2.71
6.53
16.40
0.55
0.02
-99.00
2.42
1.84
1.42
0.05
-99.00
-99.00
-99.00
0.66
0.02
0.83
10.19
1.82
1.93
1.05
2.27
3.22
0.21
-99.00
0.01
0.71
7.59
1.95
-99.00
-99.00
-99.00
-99.00
-99.00
-99.00
1.80
0.02
-99.00
-99.00
-99.00
-99.00
-99.00
-99.00
-99.00
-99.00
-99.00
-99.00
-99.00
-99.00
-99.00
-99.00
-99.00
1.56
0.67
1.77
0.62
5.82
49.78
5.40
11.85
2.01
2.17
4.26
1.83
8.62
8.40
1.09
3.72
0.57
0.01
-99.00
-99.00
6.78
3.73
4.50
12.13
4.08
0.26
24.50
2.55
5.82
7.59
15.08
10.03
0.31
0.91
-99.00
0.78
3.40
6.72
12.35
11.95
7.71
4.35
7.62
1.84
12.43
40.48
24.46
6.55
2.36
-99.00
0.18
0.16
0.43
0.01
0.08
1.24
8.90
2.65
1.12
5.81
10.71
38.66
31.12
19.73
36.28
61.99
35.36
13.97
23.31
21.05
6.20
51.43
2.69
0.26
0.68
0.25
1.13
1.52
0.98
18.25
3.08
22.47
25.10
64.95
31.55
16.85
34.32
11.01
17.53
12.33
3.39
0.48
11.80
8.87
0.49
3.56
5.38
5.37
13.11
16.95
14.37
35.46
45.75
7.43
3.55
2.07
1.82
3.40
5.99
2.61
0.70
3.35
2.55
2.73
0.99
17.19
23.73
14.21
2.41
10.04
32.97
26.34
20.96
12.73
9.48
1.33
5.72
5.25
4.92
3.19
3.22
23.38
36.12
71.27
104.07
69.71
27.88
21.89
12.94
7.19
8.47
48.02
7.46
4.06
9.06
32.15
30.54
21.52
47.15
18.71
1.80
9.06
11.02
11.96
0.96
1.37
5.01
0.82
-99.00
0.07
0.20
0.80
1.47
0.62
0.51
0.05
0.71
31.55
42.83
3.42
-99.00
4.56
2.85
1.37
6.19
16.93
6.38
-99.00
-99.00
-99.00
0.07
-99.00
0.02
0.15
0.76
0.10
2.67
0.09
0.23
2.21
0.03
0.18
0.09
0.17
0.07
-99.00
-99.00
-99.00
-99.00
-99.00
-99.00
-99.00
-99.00
-99.00
-99.00
0.51
1.55
1.14
0.27
-99.00
-99.00
-99.00
-99.00
-99.00
-99.00
-99.00
-99.00
-99.00
-99.00
-99.00
-99.00
-99.00
-99.00
-99.00
-99.00
-99.00
-99.00
-99.00
0.67
8.44
19.35
3.73
0.07
-99.00
-99.00
-99.00
-99.00
-99.00
-99.00
-99.00
-99.00
-99.00
-99.00
-99.00
-99.00
-99.00
-99.00
-99.00
-99.00
-99.00
-99.00
-99.00
0.12
-99.00
-99.00
-99.00
-99.00
-99.00
0.20
-99.00
-99.00
-99.00
-99.00
-99.00
-99.00
0.65
0.58
-99.00
-99.00
0.01
4.80
1.85
-99.00
-99.00
-99.00
-99.00
-99.00
-99.00
-99.00
-99.00
-99.00
-99.00
-99.00
-99.00
-99.00
-99.00
-99.00
-99.00
-99.00
-99.00
-99.00
-99.00
-99.00
0.15
0.08
-99.00
-99.00
-99.00
-99.00
-99.00
0.02
-99.00
-99.00
-99.00
-99.00
-99.00
-99.00
-99.00
-99.00
-99.00
-99.00
5.65
7.18
1.28
0.02
0.73
-99.00
-99.00
-99.00
-99.00
-99.00
-99.00
-99.00
-99.00
-99.00
-99.00
-99.00
-99.00
-99.00
-99.00
-99.00
-99.00
1.00
1.53
0.01
0.08
0.47
0.27
0.81
0.17
0.64
0.53
-99.00
-99.00
0.09
-99.00
-99.00
-99.00
-99.00
-99.00
0.12
0.08
0.02
-99.00
0.28
0.68
-99.00
-99.00
-99.00
-99.00
-99.00
-99.00
-99.00
0.61
-99.00
-99.00
-99.00
-99.00
0.05
0.24
0.08
0.03
-99.00
-99.00
-99.00
-99.00
0.28
1.61
0.88
3.03
0.72
0.25
0.83
1.04
1.00
2.44
-99.00
0.11
1.63
0.01
-99.00
-99.00
-99.00
5.51
18.58
16.15
10.40
3.20
4.77
3.79
1.19
0.81
11.07
9.29
2.99
10.33
5.45
45.36
16.56
53.69
70.54
23.01
21.13
2.25
9.14
8.05
22.26
13.62
12.20
5.89
2.17
8.30
13.11
9.93
0.87
1.08
7.77
46.99
48.33
15.32
8.79
5.10
3.38
5.39
5.15
5.41
2.98
19.61
5.32
2.21
1.00
2.83
5.06
10.99
54.18
36.42
37.06
8.30
8.87
19.61
14.49
13.78
2.06
17.47
35.92
23.53
16.79
37.15
13.59
24.23
4.43
26.13
6.80
3.96
5.56
0.90
0.97
0.03
0.83
0.40
7.44
15.99
5.13
4.83
15.46
7.31
0.84
0.49
1.23
3.87
1.08
2.64
4.48
5.59
10.35
6.80
4.37
1.00
3.14
5.04
30.05
4.40
3.45
8.89
7.17
18.73
6.23
2.69
2.67
1.19
1.78
1.44
9.94
4.00
6.58
1.77
9.01
3.26
16.92
18.29
32.30
7.52
5.96
3.00
2.67
2.84
8.57
9.21
17.17
15.37
2.57
3.52
5.16
20.80
16.21
12.22
4.97
3.31
1.76
2.57
5.70
6.91
24.29
48.99
30.33
6.55
0.57
0.35
4.62
0.41
-99.00
3.58
12.99
3.46
3.23
3.24
5.54
2.31
0.74
-99.00
0.21
4.93
6.91
5.28
0.43
0.62
-99.00
0.22
0.13
0.39
-99.00
0.18
0.50
0.14
-99.00
-99.00
-99.00
0.40
0.02
0.12
6.10
0.40
0.77
-99.00
-99.00
-99.00
-99.00
0.10
-99.00
-99.00
-99.00
-99.00
0.08
-99.00
-99.00
-99.00
0.03
0.24
0.77
-99.00
-99.00
-99.00
0.02
-99.00
0.01
0.01
0.03
-99.00
-99.00
-99.00
-99.00
-99.00
-99.00
-99.00
-99.00
-99.00
-99.00
-99.00
-99.00
-99.00
0.01
-99.00
-99.00
-99.00
-99.00
-99.00
-99.00
-99.00
0.01
0.12
1.24
1.54
1.30
0.61
-99.00
-99.00
-99.00
-99.00
-99.00
0.29
-99.00
-99.00
-99.00
-99.00
-99.00
-99.00
0.15
0.10
-99.00
0.12
-99.00
-99.00
-99.00
-99.00
-99.00
0.07
0.02
0.02
-99.00
0.03
0.25
0.05
-99.00
0.12
-99.00
0.21
0.06
0.26
0.33
0.01
-99.00
-99.00
-99.00
-99.00
-99.00
-99.00
-99.00
-99.00
-99.00
0.59
0.40
0.17
6.88
7.68
2.23
-99.00
0.83
0.15
0.77
12.72
2.21
0.18
0.38
1.84
1.70
1.64
0.28
0.88
0.73
0.43
0.79
0.26
0.27
2.00
0.52
2.77
6.83
0.76
5.53
2.83
0.13
0.34
0.32
0.28
0.23
0.37
5.93
1.57
0.59
0.59
15.38
11.75
6.31
0.72
0.50
0.95
0.39
2.16
1.04
0.84
3.24
26.17
1.43
4.15
15.62
4.38
0.92
2.80
0.23
-99.00
1.26
4.19
-99.00
0.63
5.03
2.35
3.59
1.91
3.68
-99.00
5.91
1.80
5.36
7.28
2.68
5.67
4.62
7.87
10.47
2.54
7.04
6.51
2.92
2.64
16.46
0.52
16.83
9.58
9.48
4.10
9.88
23.02
4.32
0.41
0.25
2.07
26.24
7.65
16.44
2.56
2.08
14.67
12.64
11.49
25.53
12.20
1.83
6.68
25.69
14.62
14.54
8.53
44.54
14.06
13.99
5.06
38.82
21.90
3.10
6.49
8.55
0.39
4.52
1.19
1.65
5.84
2.52
11.78
30.14
22.23
16.98
6.30
1.24
0.39
1.87
3.84
7.63
16.92
6.45
2.88
2.49
15.24
35.76
29.25
16.30
14.19
43.13
15.82
6.82
4.71
11.21
10.38
4.54
4.15
2.99
15.21
10.41
10.02
22.45
5.31
10.51
3.65
2.21
11.41
3.57
15.29
9.70
13.81
4.85
6.09
6.24
8.18
5.33
2.62
2.74
11.59
0.41
0.33
7.05
15.58
54.79
21.04
16.26
2.83
2.47
1.29
1.59
1.12
1.26
1.61
1.97
3.02
2.99
12.03
29.69
30.07
9.21
12.44
3.40
0.67
0.81
7.45
15.23
0.90
2.66
2.78
6.83
2.50
2.32
8.18
12.27
3.81
0.49
1.73
4.72
2.42
30.70
9.43
2.33
0.41
1.30
5.57
9.34
1.91
24.40
25.31
15.76
41.41
29.24
4.68
7.98
1.67
13.70
4.44
26.59
7.86
1.16
2.55
75.12
25.74
3.69
0.36
1.32
5.52
2.98
10.21
0.29
1.03
0.35
-99.00
0.03
-99.00
-99.00
-99.00
-99.00
-99.00
0.41
-99.00
-99.00
-99.00
-99.00
-99.00
-99.00
-99.00
0.16
0.21
0.39
0.19
-99.00
-99.00
0.21
-99.00
-99.00
0.07
-99.00
-99.00
-99.00
-99.00
-99.00
0.14
-99.00
-99.00
0.31
-99.00
-99.00
-99.00
-99.00
0.81
0.03
-99.00
-99.00
0.56
-99.00
0.04
0.02
0.30
-99.00
0.55
-99.00
-99.00
-99.00
0.28
0.32
-99.00
-99.00
0.05
-99.00
0.30
-99.00
0.02
0.05
-99.00
-99.00
-99.00
-99.00
0.27
0.19
0.13
0.07
-99.00
-99.00
-99.00
0.31
9.92
11.77
1.90
0.27
-99.00
-99.00
-99.00
-99.00
-99.00
-99.00
0.70
0.13
0.07
-99.00
-99.00
-99.00
-99.00
-99.00
-99.00
0.16
0.02
0.01
0.15
-99.00
-99.00
-99.00
-99.00
-99.00
-99.00
-99.00
0.01
0.09
0.27
1.04
0.85
1.49
-99.00
-99.00
-99.00
0.10
-99.00
-99.00
-99.00
0.63
-99.00
-99.00
-99.00
-99.00
-99.00
-99.00
-99.00
-99.00
-99.00
-99.00
-99.00
-99.00
0.20
2.43
0.17
1.46
1.14
0.01
0.04
0.37
0.68
1.26
0.07
-99.00
0.03
-99.00
0.31
0.07
0.10
0.31
1.62
-99.00
-99.00
-99.00
-99.00
-99.00
-99.00
0.25
5.46
3.51
-99.00
-99.00
0.03
0.30
0.25
3.66
2.56
1.37
1.01
0.05
1.24
0.05
0.74
2.07
1.64
2.92
1.52
0.01
1.23
0.61
-99.00
0.14
-99.00
-99.00
-99.00
-99.00
0.05
3.24
4.35
3.24
1.77
0.08
2.89
3.55
0.19
1.66
1.83
0.88
2.26
1.73
9.33
7.11
1.17
4.17
8.79
4.39
10.10
0.68
5.87
4.55
13.46
10.79
18.62
38.57
14.85
5.21
5.21
11.14
6.63
3.09
14.81
4.46
1.45
3.97
29.01
13.93
9.28
5.41
0.96
7.45
8.77
2.14
17.22
4.10
10.28
35.40
14.43
14.07
28.74
43.19
83.91
32.10
7.99
4.92
8.55
4.43
15.52
2.94
11.09
5.68
10.75
0.71
3.84
9.65
3.27
3.11
10.65
4.98
5.28
7.72
5.96
9.17
43.00
16.17
10.32
10.76
6.61
4.51
3.98
6.22
7.09
1.53
5.01
6.98
5.74
7.87
0.48
0.89
6.29
6.09
2.04
1.27
1.16
1.30
0.61
21.27
4.85
10.05
11.74
7.03
39.98
17.67
9.11
3.29
11.84
9.17
2.45
3.02
3.50
0.80
0.20
10.15
13.37
8.32
1.85
0.38
0.58
2.43
5.21
8.05
3.41
3.95
3.74
11.60
6.80
3.08
1.62
5.60
5.23
19.44
7.31
31.01
14.84
3.02
40.03
40.17
32.33
133.09
42.23
21.71
0.96
3.27
7.01
6.51
31.32
7.06
17.30
6.60
1.17
2.05
1.32
15.26
12.68
4.08
1.04
6.88
2.19
0.52
0.79
1.96
0.07
2.52
1.89
1.57
1.23
18.82
4.87
2.20
6.29
0.37
0.56
3.03
2.79
0.62
0.05
0.67
0.70
0.46
0.18
0.36
0.04
0.03
0.03
-99.00
0.16
-99.00
0.04
1.43
0.35
0.30
-99.00
-99.00
-99.00
0.72
-99.00
0.35
-99.00
-99.00
0.68
0.14
-99.00
-99.00
0.18
-99.00
-99.00
-99.00
-99.00
-99.00
-99.00
-99.00
-99.00
0.04
0.09
0.09
-99.00
-99.00
-99.00
-99.00
-99.00
-99.00
0.03
-99.00
0.09
-99.00
-99.00
-99.00
-99.00
-99.00
-99.00
0.13
-99.00
-99.00
-99.00
-99.00
-99.00
-99.00
-99.00
-99.00
-99.00
-99.00
-99.00
0.49
0.82
13.19
13.99
1.91
0.75
-99.00
0.92
-99.00
0.09
2.28
-99.00
-99.00
0.37
-99.00
-99.00
-99.00
-99.00
-99.00
-99.00
1.97
21.84
-99.00
-99.00
-99.00
-99.00
0.18
-99.00
-99.00
-99.00
0.10
0.58
0.91
0.14
0.37
-99.00
-99.00
-99.00
-99.00
-99.00
3.89
1.41
0.09
-99.00
0.03
0.06
0.16
0.73
1.07
0.23
-99.00
0.09
-99.00
-99.00
0.05
0.30
0.61
0.14
-99.00
0.02
0.03
0.06
0.04
0.62
0.21
0.05
-99.00
0.14
0.21
0.34
0.45
0.02
0.16
0.41
0.33
0.75
0.26
0.10
0.25
0.13
0.25
0.31
0.21
0.37
0.19
0.20
0.18
0.06
0.35
0.26
0.40
0.44
0.16
0.04
0.04
-99.00
0.06
-99.00
-99.00
3.32
-99.00
-99.00
-99.00
-99.00
-99.00
-99.00
0.12
1.76
0.61
0.26
-99.00
0.12
0.12
0.01
-99.00
-99.00
0.17
0.36
0.05
0.24
2.17
0.44
1.28
2.71
0.21
2.13
6.86
14.97
1.54
15.28
0.34
4.92
8.16
11.11
3.71
2.38
11.49
2.46
3.43
0.40
1.85
1.07
1.45
0.96
3.22
12.08
0.90
13.12
8.69
3.49
13.96
10.09
9.74
3.83
2.97
4.45
3.48
0.03
1.53
3.61
3.67
2.03
0.87
1.10
1.37
2.62
6.68
6.54
28.13
15.61
4.31
3.46
17.69
9.68
3.89
4.46
1.94
2.59
1.50
4.64
2.68
2.66
4.59
3.76
20.83
45.48
15.51
7.47
15.67
14.89
3.50
7.32
0.54
6.49
1.07
4.42
7.52
4.02
14.75
19.50
25.68
12.61
40.55
28.39
5.44
24.10
26.20
3.20
14.41
21.50
4.88
5.74
6.82
1.45
3.33
3.66
5.65
7.37
13.87
3.95
2.78
5.36
3.81
4.97
10.19
2.24
7.97
25.29
31.63
2.98
5.62
1.13
0.80
0.02
7.77
0.74
0.72
2.58
0.89
0.76
1.10
0.85
9.17
6.46
5.06
4.72
13.90
60.28
10.26
7.75
4.13
1.74
1.61
4.54
1.42
0.86
1.99
0.50
1.94
3.81
0.95
0.50
1.61
1.07
21.97
22.59
11.12
7.55
9.86
18.75
3.75
3.38
1.13
0.01
-99.00
0.18
-99.00
6.55
2.65
7.58
133.58
78.31
1.96
0.52
6.13
0.30
7.15
2.16
1.59
0.47
0.32
0.19
1.33
1.91
2.43
27.33
8.75
4.41
4.62
1.56
0.31
-99.00
-99.00
0.03
0.17
-99.00
0.30
-99.00
1.42
0.04
0.06
-99.00
0.20
-99.00
-99.00
0.27
0.23
0.50
-99.00
0.56
-99.00
-99.00
0.50
-99.00
-99.00
1.07
-99.00
0.57
-99.00
-99.00
-99.00
-99.00
0.27
0.42
-99.00
-99.00
0.59
2.06
0.99
0.12
0.36
-99.00
-99.00
-99.00
0.28
-99.00
3.09
0.59
0.27
1.18
0.22
0.03
-99.00
-99.00
-99.00
0.12
0.14
0.07
1.24
0.07
0.06
-99.00
-99.00
-99.00
-99.00
-99.00
-99.00
-99.00
-99.00
0.39
-99.00
-99.00
-99.00
-99.00
-99.00
-99.00
0.10
-99.00
0.38
-99.00
0.44
0.23
12.63
13.62
6.82
-99.00
0.25
0.94
1.08
0.15
-99.00
-99.00
0.02
0.07
-99.00
0.14
0.09
-99.00
-99.00
-99.00
-99.00
0.05
-99.00
0.04
-99.00
-99.00
0.13
1.32
0.05
-99.00
-99.00
-99.00
-99.00
-99.00
-99.00
-99.00
-99.00
-99.00
0.51
0.55
1.56
0.20
5.24
2.74
1.57
0.11
-99.00
-99.00
0.07
0.12
-99.00
-99.00
-99.00
-99.00
-99.00
7.27
0.19
-99.00
0.10
-99.00
-99.00
-99.00
0.71
-99.00
0.47
-99.00
-99.00
-99.00
0.71
0.72
1.09
-99.00
-99.00
-99.00
0.57
-99.00
0.32
-99.00
2.24
4.52
16.99
3.24
1.69
-99.00
-99.00
0.14
-99.00
0.50
-99.00
-99.00
-99.00
-99.00
-99.00
0.48
0.07
3.92
2.33
2.85
8.66
1.87
9.50
3.21
5.56
2.65
0.95
3.41
2.94
0.18
3.43
22.00
7.16
4.42
0.10
0.66
8.27
3.59
6.73
3.09
7.46
12.65
11.10
12.75
6.49
0.10
7.29
15.91
1.69
10.47
0.84
5.79
22.55
20.76
33.37
6.34
11.11
19.70
12.44
2.39
0.38
1.81
0.31
0.71
3.87
5.42
2.37
5.00
2.80
11.94
51.29
4.30
21.88
11.68
4.80
38.46
30.05
43.03
15.39
37.44
1.70
-99.00
0.40
0.60
9.92
10.63
27.55
15.59
8.51
19.01
3.93
9.54
2.78
18.59
33.56
5.99
9.93
26.61
34.98
18.17
15.37
3.59
12.47
15.75
32.04
1.24
0.05
1.28
6.81
4.70
0.01
1.71
4.15
4.34
8.63
19.83
10.95
49.12
43.22
38.60
13.97
2.88
7.26
4.25
7.25
3.53
0.08
1.92
5.10
19.65
2.11
5.00
8.23
16.21
32.31
30.81
9.73
23.38
10.35
5.37
7.81
7.78
1.29
1.05
2.60
4.61
3.26
1.60
7.28
4.71
13.27
23.08
10.40
19.54
10.92
6.16
5.62
29.27
42.77
11.62
12.55
13.04
6.59
5.82
9.43
4.07
3.51
1.65
1.26
3.99
8.73
0.14
1.99
4.03
7.15
5.06
9.67
1.43
2.80
0.23
8.96
5.01
10.96
16.26
7.84
7.20
34.81
55.13
27.94
4.34
7.34
16.94
5.13
12.21
3.78
2.63
0.33
1.20
4.68
2.81
2.14
14.35
18.55
14.86
9.34
2.80
3.15
2.69
0.82
1.54
1.46
0.71
-99.00
0.20
-99.00
-99.00
0.24
-99.00
-99.00
0.13
-99.00
-99.00
2.80
1.00
13.67
0.76
1.64
1.46
0.01
0.35
0.02
1.11
0.22
0.17
0.27
0.14
-99.00
0.32
0.46
0.02
0.08
0.32
-99.00
-99.00
-99.00
0.05
-99.00
-99.00
0.10
0.03
0.08
-99.00
-99.00
-99.00
-99.00
-99.00
-99.00
-99.00
-99.00
-99.00
-99.00
-99.00
-99.00
-99.00
-99.00
0.39
0.42
0.57
-99.00
-99.00
-99.00
-99.00
-99.00
0.56
0.06
-99.00
-99.00
-99.00
-99.00
-99.00
-99.00
-99.00
-99.00
-99.00
-99.00
-99.00
-99.00
-99.00
-99.00
-99.00
-99.00
-99.00
-99.00
-99.00
0.04
-99.00
-99.00
9.11
8.26
2.71
-99.00
-99.00
-99.00
-99.00
-99.00
-99.00
-99.00
-99.00
-99.00
-99.00
-99.00
-99.00
1.89
2.38
1.44
6.10
0.07
-99.00
0.06
-99.00
-99.00
-99.00
10.37
4.80
0.38
-99.00
0.15
0.10
-99.00
-99.00
-99.00
-99.00
-99.00
-99.00
1.72
3.73
3.55
0.15
0.15
0.16
0.44
0.39
0.76
0.51
-99.00
0.35
0.57
-99.00
-99.00
-99.00
-99.00
-99.00
-99.00
-99.00
3.53
0.57
2.47
0.98
0.01
4.92
-99.00
2.62
1.83
1.18
0.71
0.40
3.44
4.57
5.02
1.16
0.59
0.61
1.14
3.16
6.30
9.88
1.43
4.97
1.55
-99.00
0.37
-99.00
-99.00
-99.00
-99.00
-99.00
-99.00
-99.00
3.49
3.54
0.37
7.44
1.47
2.33
1.42
3.17
4.36
0.32
1.52
-99.00
1.73
15.11
1.78
-99.00
0.04
1.17
4.17
3.47
1.05
4.67
5.30
4.63
5.60
10.86
1.27
1.76
7.62
5.87
12.16
15.07
8.62
3.02
0.80
0.68
0.95
1.88
9.42
40.91
4.89
6.58
3.59
16.49
7.14
17.80
9.14
14.51
4.16
5.06
28.05
0.58
6.14
1.86
1.18
14.63
13.14
27.28
12.54
4.21
6.79
7.62
7.01
11.97
8.53
3.89
2.24
2.92
7.08
1.23
2.15
2.10
8.07
19.95
36.06
10.51
6.92
10.72
5.84
3.17
7.85
6.84
4.45
1.29
1.21
3.30
1.46
2.06
0.45
4.75
1.21
1.36
2.99
5.48
3.64
7.34
7.09
5.93
9.85
6.17
42.38
26.04
14.30
5.37
10.89
7.36
5.68
1.03
4.06
4.17
6.53
2.33
4.75
2.79
4.51
7.12
5.66
4.15
7.76
14.34
17.94
9.70
3.81
1.35
5.66
0.04
3.36
14.42
10.01
12.80
3.94
3.95
5.73
9.27
1.61
6.61
4.41
2.18
9.85
1.48
1.47
1.15
1.40
1.28
1.32
21.23
13.88
14.34
2.76
6.80
23.98
6.40
3.87
2.93
5.78
17.92
19.23
11.03
18.04
8.29
11.73
1.19
2.96
2.77
1.90
1.02
0.32
0.21
2.38
7.76
5.02
5.79
2.29
22.73
32.37
16.57
21.19
1.69
1.22
2.12
0.58
-99.00
-99.00
-99.00
0.99
-99.00
-99.00
-99.00
0.47
0.50
-99.00
-99.00
0.86
-99.00
-99.00
0.88
0.08
0.98
0.56
0.01
-99.00
-99.00
-99.00
-99.00
-99.00
-99.00
-99.00
-99.00
0.34
-99.00
0.74
1.58
0.05
-99.00
0.80
-99.00
-99.00
-99.00
0.70
0.05
0.55
0.45
0.60
0.09
-99.00
-99.00
-99.00
1.03
0.90
0.21
-99.00
-99.00
-99.00
-99.00
-99.00
-99.00
-99.00
-99.00
-99.00
0.03
-99.00
-99.00
-99.00
-99.00
-99.00
-99.00
0.02
-99.00
-99.00
-99.00
-99.00
-99.00
-99.00
-99.00
-99.00
-99.00
-99.00
-99.00
-99.00
0.50
-99.00
-99.00
-99.00
-99.00
-99.00
-99.00
-99.00
2.04
2.12
0.04
-99.00
-99.00
0.32
-99.00
-99.00
-99.00
0.02
0.13
-99.00
-99.00
0.80
0.05
0.64
0.28
0.05
-99.00
-99.00
-99.00
-99.00
-99.00
0.41
-99.00
-99.00
-99.00
0.08
0.86
0.33
1.08
-99.00
0.15
-99.00
-99.00
-99.00
0.08
0.41
6.59
2.54
0.51
0.76
0.39
0.19
0.96
0.33
1.98
0.14
0.22
-99.00
0.08
0.07
0.65
0.95
2.21
-99.00
-99.00
-99.00
0.87
0.02
0.43
-99.00
0.44
1.22
0.30
-99.00
-99.00
0.35
-99.00
0.43
0.21
0.24
-99.00
0.35
-99.00
0.28
-99.00
-99.00
1.52
1.66
2.45
1.96
-99.00
-99.00
-99.00
-99.00
0.42
0.35
0.32
0.27
0.42
-99.00
0.32
0.27
0.32
-99.00
-99.00
0.82
0.99
0.37
0.08
0.17
0.39
0.83
1.16
-99.00
0.42
1.18
1.67
2.57
2.86
0.74
1.15
1.58
0.04
-99.00
1.56
-99.00
2.52
1.81
4.70
1.84
6.16
2.12
0.22
5.54
8.36
13.77
18.72
4.38
8.53
1.76
18.97
2.80
2.29
2.52
1.68
1.24
3.91
0.18
2.22
3.04
6.42
4.27
2.82
3.44
13.62
8.09
7.58
12.67
25.47
5.56
7.70
2.06
14.62
6.21
4.01
10.72
7.11
80.34
21.00
61.71
11.47
23.89
14.98
7.75
10.88
6.95
3.42
1.15
1.79
1.20
9.45
19.00
8.77
26.52
39.28
11.13
58.04
79.50
24.19
16.52
17.65
6.83
12.82
10.68
3.84
1.18
3.25
16.37
10.43
4.27
7.44
2.22
2.20
2.19
5.53
1.63
2.19
8.55
16.97
1.80
2.54
6.82
5.13
12.21
2.66
7.48
24.53
24.31
2.44
2.18
2.17
4.82
8.91
18.00
28.80
54.19
35.34
18.78
2.53
1.65
3.95
8.30
4.52
4.20
1.29
1.74
3.20
2.53
8.96
14.24
22.22
10.01
2.90
1.67
6.05
3.92
1.77
6.05
6.52
3.67
2.76
1.91
1.27
8.15
9.08
0.18
2.80
0.98
0.46
4.02
24.72
11.89
13.29
10.86
117.20
81.03
5.14
0.63
1.67
8.42
79.48
169.37
24.93
1.90
0.09
3.64
0.15
2.25
3.92
0.56
0.46
2.40
0.85
1.12
0.34
4.90
2.28
0.32
-99.00
0.03
19.28
2.41
5.36
7.72
3.28
0.60
-99.00
0.23
-99.00
0.39
0.68
0.76
-99.00
-99.00
0.06
0.05
-99.00
-99.00
-99.00
-99.00
-99.00
0.08
0.13
30.01
30.58
4.58
0.13
0.35
-99.00
-99.00
-99.00
0.32
-99.00
3.20
0.49
0.25
-99.00
0.39
0.10
0.17
0.02
0.34
-99.00
-99.00
-99.00
-99.00
-99.00
-99.00
-99.00
-99.00
-99.00
0.05
-99.00
0.03
-99.00
-99.00
-99.00
-99.00
0.13
0.38
-99.00
-99.00
-99.00
-99.00
0.03
-99.00
0.03
0.24
0.05
2.62
0.22
0.26
-99.00
-99.00
-99.00
0.04
0.16
-99.00
-99.00
0.27
-99.00
-99.00
-99.00
-99.00
-99.00
-99.00
-99.00
0.75
-99.00
-99.00
2.73
11.77
2.34
0.08
-99.00
0.11
0.54
-99.00
-99.00
0.04
-99.00
0.16
-99.00
-99.00
-99.00
-99.00
-99.00
-99.00
-99.00
-99.00
-99.00
-99.00
-99.00
-99.00
-99.00
0.18
-99.00
0.15
0.04
0.11
-99.00
-99.00
-99.00
0.08
-99.00
-99.00
1.23
0.24
0.15
0.70
0.90
1.02
1.55
0.63
1.41
-99.00
-99.00
-99.00
-99.00
-99.00
-99.00
-99.00
0.11
0.67
0.91
0.59
0.80
1.54
1.32
0.12
0.01
-99.00
-99.00
-99.00
-99.00
-99.00
-99.00
0.46
0.21
-99.00
-99.00
0.47
0.25
-99.00
-99.00
0.14
0.02
-99.00
-99.00
-99.00
0.13
0.58
-99.00
1.63
2.09
0.48
-99.00
-99.00
-99.00
-99.00
-99.00
-99.00
-99.00
-99.00
0.67
0.70
1.23
0.61
0.24
4.66
10.01
12.45
1.88
0.29
6.58
0.82
11.53
11.86
3.77
26.09
3.62
9.09
7.84
2.18
6.78
3.13
2.76
2.97
6.86
3.04
4.25
5.08
2.32
3.84
2.25
1.15
1.74
3.94
10.23
1.84
10.86
8.56
3.61
4.11
6.22
15.48
20.75
6.81
21.60
12.87
4.23
21.99
10.14
13.48
19.20
2.75
0.65
0.08
3.15
2.48
1.56
2.24
4.88
1.82
0.99
4.67
15.07
8.58
20.88
12.03
11.23
11.63
17.24
9.04
20.56
9.91
12.61
12.06
19.90
27.58
15.89
17.93
6.91
7.74
4.48
2.05
9.75
30.88
31.13
67.67
51.13
22.07
4.00
29.92
12.62
10.79
16.44
22.55
7.58
0.51
0.20
3.20
1.57
4.72
7.02
0.97
2.27
3.08
3.66
2.22
0.97
3.45
2.25
1.55
2.06
3.46
3.44
10.03
1.02
7.88
33.58
28.86
27.22
3.40
21.72
18.95
13.42
3.31
5.84
2.83
7.46
2.19
0.52
0.65
7.31
1.41
4.98
5.42
15.45
24.57
45.66
20.35
2.71
1.76
5.74
6.17
11.53
4.40
5.66
10.67
8.82
6.34
0.14
0.03
0.89
0.44
2.07
18.18
3.82
0.70
9.03
7.83
3.94
6.75
3.43
4.09
6.14
71.42
15.04
0.17
1.35
9.87
7.08
2.01
14.13
4.75
2.12
1.43
2.47
0.34
1.46
-99.00
-99.00
0.02
-99.00
-99.00
-99.00
-99.00
-99.00
-99.00
0.66
-99.00
-99.00
-99.00
-99.00
0.01
3.09
34.71
14.66
2.70
2.48
-99.00
-99.00
-99.00
-99.00
-99.00
0.37
-99.00
-99.00
-99.00
-99.00
-99.00
0.22
-99.00
-99.00
-99.00
-99.00
-99.00
-99.00
0.20
-99.00
0.13
-99.00
-99.00
0.09
0.13
-99.00
-99.00
-99.00
-99.00
-99.00
-99.00
-99.00
-99.00
-99.00
-99.00
-99.00
-99.00
-99.00
-99.00
-99.00
-99.00
-99.00
-99.00
-99.00
-99.00
-99.00
-99.00
-99.00
-99.00
-99.00
-99.00
-99.00
-99.00
-99.00
-99.00
-99.00
-99.00
-99.00
-99.00
-99.00
-99.00
-99.00
-99.00
-99.00
-99.00
-99.00
-99.00
-99.00
-99.00
-99.00
-99.00
-99.00
-99.00
-99.00
-99.00
-99.00
-99.00
0.23
-99.00
-99.00
9.73
5.75
1.49
1.10
-99.00
0.16
-99.00
-99.00
-99.00
-99.00
0.04
0.12
0.20
0.26
1.21
0.71
0.56
0.47
0.19
0.24
0.09
-99.00
0.04
0.05
0.07
0.07
0.17
-99.00
-99.00
-99.00
0.24
0.09
-99.00
-99.00
-99.00
0.08
-99.00
5.94
3.02
1.07
-99.00
-99.00
0.03
0.11
-99.00
-99.00
-99.00
-99.00
-99.00
0.59
0.18
0.06
-99.00
0.04
0.41
-99.00
-99.00
-99.00
-99.00
0.35
-99.00
0.19
0.03
-99.00
-99.00
0.34
0.03
0.08
0.71
5.99
3.35
9.52
2.15
4.09
0.25
0.53
0.75
0.26
1.31
0.74
14.08
1.83
-99.00
0.29
5.51
6.73
4.21
1.27
0.52
0.28
0.83
1.75
1.92
0.81
0.13
19.48
2.63
2.42
0.59
0.89
1.33
15.90
1.17
0.40
0.18
1.94
1.15
7.30
3.80
0.73
1.39
0.67
-99.00
3.94
0.21
1.27
2.24
4.54
0.84
0.41
0.58
8.18
23.09
12.04
19.45
3.18
28.51
23.21
3.40
1.42
16.80
6.60
5.97
1.53
2.33
2.19
4.76
6.12
6.77
6.18
19.02
11.59
33.06
13.84
11.44
18.83
22.03
17.77
36.63
21.68
7.32
1.93
17.26
3.67
0.39
3.33
3.39
2.40
18.60
28.23
70.95
19.28
6.51
5.35
11.24
12.82
10.39
16.04
11.56
44.73
36.93
60.34
86.92
22.28
11.10
11.80
1.49
1.91
5.45
1.99
4.04
7.77
5.07
1.58
0.68
0.35
0.94
4.90
9.79
9.02
2.48
7.32
1.67
2.50
2.31
0.69
12.40
6.18
3.00
1.17
7.35
12.45
16.48
40.16
14.48
22.19
22.11
3.55
2.29
1.92
0.46
0.81
3.72
0.79
2.39
1.57
0.44
1.89
0.48
0.27
13.05
32.98
40.75
18.78
7.27
4.63
1.89
0.16
12.14
5.73
2.10
3.44
4.80
1.37
3.44
17.83
5.56
10.77
12.28
3.96
19.84
5.00
43.68
32.44
0.41
43.01
6.49
38.78
4.50
4.39
1.28
5.15
1.78
6.65
6.31
0.94
-99.00
-99.00
-99.00
0.02
-99.00
0.09
0.03
0.04
-99.00
5.51
0.86
0.52
0.31
0.50
0.46
0.12
-99.00
-99.00
-99.00
0.33
0.13
0.66
-99.00
-99.00
0.14
-99.00
-99.00
0.83
0.09
-99.00
-99.00
-99.00
-99.00
-99.00
-99.00
-99.00
-99.00
0.05
0.81
0.72
2.65
1.21
1.12
-99.00
0.10
-99.00
-99.00
0.19
0.08
-99.00
-99.00
-99.00
-99.00
-99.00
0.29
-99.00
0.04
-99.00
-99.00
3.03
0.42
-99.00
-99.00
-99.00
-99.00
-99.00
-99.00
3.57
15.90
1.61
0.08
-99.00
0.02
0.63
-99.00
0.65
-99.00
-99.00
-99.00
-99.00
-99.00
-99.00
-99.00
-99.00
-99.00
-99.00
0.05
-99.00
-99.00
-99.00
-99.00
-99.00
-99.00
-99.00
-99.00
-99.00
-99.00
-99.00
-99.00
-99.00
-99.00
-99.00
-99.00
-99.00
-99.00
-99.00
-99.00
-99.00
-99.00
0.05
0.10
-99.00
-99.00
-99.00
-99.00
-99.00
-99.00
0.18
0.70
0.02
-99.00
-99.00
-99.00
-99.00
0.64
-99.00
-99.00
-99.00
-99.00
-99.00
-99.00
-99.00
-99.00
-99.00
-99.00
-99.00
-99.00
-99.00
-99.00
1.31
0.05
-99.00
0.03
0.03
-99.00
9.05
0.51
-99.00
-99.00
-99.00
-99.00
-99.00
-99.00
-99.00
1.77
1.44
-99.00
-99.00
-99.00
-99.00
0.02
0.79
0.03
-99.00
-99.00
-99.00
0.06
-99.00
0.10
-99.00
0.20
3.24
13.52
7.25
1.96
-99.00
-99.00
10.12
7.27
0.54
-99.00
-99.00
-99.00
3.19
1.09
20.86
8.48
-99.00
2.65
5.19
-99.00
-99.00
-99.00
-99.00
-99.00
1.28
6.62
0.06
8.05
7.34
0.25
12.15
19.89
1.25
1.66
28.39
7.05
1.85
0.21
3.29
13.43
5.83
0.81
17.43
6.30
0.63
15.09
7.17
0.86
-99.00
2.09
0.09
-99.00
-99.00
4.20
0.78
-99.00
-99.00
-99.00
-99.00
-99.00
11.40
47.17
7.50
17.02
32.43
1.14
0.54
4.96
1.65
7.67
8.48
22.74
13.94
3.62
9.99
23.30
6.73
0.46
2.35
6.98
0.36
23.32
24.59
6.94
6.98
0.92
1.18
8.00
30.36
49.03
35.14
10.13
11.97
7.70
1.71
8.05
15.05
4.35
11.76
7.53
0.68
0.90
1.67
10.22
40.63
28.88
18.50
26.30
5.86
3.28
5.19
29.68
32.04
51.54
19.18
24.74
32.40
14.62
22.56
29.90
23.16
54.69
19.41
18.75
17.00
18.04
14.01
7.45
3.58
3.41
10.98
11.51
88.85
23.69
28.80
2.34
4.52
0.76
2.01
13.85
5.59
9.16
18.42
54.61
32.75
26.35
18.48
38.70
32.46
4.92
21.19
17.97
2.70
6.48
2.32
37.94
8.82
13.32
26.90
19.69
15.01
9.02
46.46
49.69
85.21
30.37
28.95
5.98
0.02
0.02
1.58
0.57
0.36
0.12
0.13
-99.00
2.23
1.67
3.30
1.21
-99.00
10.54
2.92
1.74
4.19
2.41
9.99
0.11
23.47
12.28
2.34
0.56
2.26
2.10
3.46
5.24
0.31
-99.00
-99.00
-99.00
0.01
1.65
0.97
3.34
2.93
1.77
4.42
4.82
2.30
42.36
39.38
49.52
54.77
11.02
18.50
-99.00
0.46
2.55
0.04
-99.00
-99.00
0.19
0.23
0.06
-99.00
-99.00
-99.00
-99.00
-99.00
-99.00
-99.00
-99.00
0.29
0.81
-99.00
-99.00
-99.00
-99.00
-99.00
-99.00
-99.00
-99.00
-99.00
-99.00
0.19
-99.00
0.02
-99.00
-99.00
-99.00
-99.00
-99.00
-99.00
-99.00
-99.00
-99.00
-99.00
-99.00
-99.00
-99.00
-99.00
0.46
-99.00
-99.00
-99.00
-99.00
-99.00
-99.00
-99.00
-99.00
-99.00
-99.00
-99.00
-99.00
-99.00
-99.00
-99.00
-99.00
-99.00
-99.00
-99.00
-99.00
-99.00
-99.00
-99.00
-99.00
-99.00
-99.00
-99.00
-99.00
-99.00
-99.00
-99.00
0.04
-99.00
-99.00
-99.00
-99.00
-99.00
-99.00
-99.00
-99.00
-99.00
-99.00
-99.00
-99.00
-99.00
-99.00
-99.00
-99.00
-99.00
-99.00
-99.00
-99.00
-99.00
-99.00
-99.00
-99.00
-99.00
-99.00
-99.00
-99.00
-99.00
-99.00
-99.00
-99.00
-99.00
-99.00
-99.00
-99.00
-99.00
-99.00
-99.00
-99.00
-99.00
-99.00
-99.00
-99.00
-99.00
-99.00
-99.00
-99.00
-99.00
-99.00
-99.00
-99.00
-99.00
-99.00
-99.00
-99.00
-99.00
-99.00
-99.00
-99.00
-99.00
-99.00
-99.00
-99.00
-99.00
-99.00
-99.00
-99.00
-99.00
-99.00
-99.00
-99.00
-99.00
-99.00
1.07
0.16
-99.00
-99.00
-99.00
5.03
2.92
2.14
-99.00
-99.00
-99.00
16.64
6.99
18.81
12.78
0.66
16.83
-99.00
5.43
6.92
3.51
-99.00
-99.00
-99.00
0.64
-99.00
-99.00
-99.00
1.09
3.90
0.59
2.51
1.81
0.67
1.04
10.90
11.59
11.87
9.10
30.07
52.09
9.22
5.65
21.93
2.60
0.68
1.01
0.51
1.70
17.15
2.15
-99.00
-99.00
0.03
35.22
4.79
0.63
8.51
4.76
15.80
11.27
3.60
6.85
13.28
10.25
4.46
14.10
3.47
8.53
9.36
5.47
-99.00
0.80
1.22
0.17
16.67
6.45
7.34
12.71
13.26
66.08
19.45
4.50
1.07
1.91
2.76
7.18
10.59
21.45
56.29
50.51
29.03
14.90
19.06
5.98
13.03
25.21
43.31
24.61
8.04
22.55
25.01
6.50
12.69
14.22
46.09
55.22
35.05
15.50
9.35
0.80
2.25
0.75
11.00
27.08
46.34
17.91
23.01
15.02
8.25
3.31
1.19
1.25
6.22
7.66
2.71
0.52
0.18
18.25
16.37
4.19
1.19
0.99
0.77
2.51
4.92
12.42
7.60
27.33
32.04
49.42
18.81
14.42
6.32
1.22
13.83
1.44
5.80
12.89
37.70
51.11
76.60
133.72
22.94
1.53
54.42
24.61
19.35
2.48
2.47
0.57
1.19
0.09
0.09
11.99
1.83
7.29
4.87
10.76
9.89
3.07
5.14
1.65
1.89
0.29
11.84
3.89
0.72
2.16
13.93
1.29
0.44
9.62
76.42
81.30
7.12
-99.00
-99.00
9.82
4.56
1.58
4.11
4.69
3.16
4.03
5.38
2.72
4.50
0.30
6.51
5.22
0.08
1.79
-99.00
0.09
8.28
32.15
91.00
16.56
-99.00
-99.00
-99.00
-99.00
-99.00
-99.00
-99.00
-99.00
-99.00
1.08
1.41
0.28
1.64
0.48
0.42
0.65
-99.00
-99.00
-99.00
-99.00
-99.00
-99.00
-99.00
-99.00
-99.00
-99.00
-99.00
-99.00
-99.00
-99.00
-99.00
-99.00
-99.00
-99.00
-99.00
-99.00
-99.00
-99.00
-99.00
-99.00
-99.00
-99.00
-99.00
-99.00
-99.00
-99.00
-99.00
-99.00
-99.00
-99.00
-99.00
0.03
-99.00
-99.00
-99.00
-99.00
-99.00
-99.00
-99.00
-99.00
-99.00
-99.00
-99.00
-99.00
-99.00
-99.00
-99.00
-99.00
-99.00
-99.00
-99.00
-99.00
-99.00
-99.00
-99.00
-99.00
-99.00
-99.00
-99.00
-99.00
-99.00
-99.00
-99.00
-99.00
-99.00
-99.00
0.08
-99.00
-99.00
-99.00
-99.00
-99.00
0.13
0.02
1.29
0.04
0.05
-99.00
0.35
0.22
0.72
0.80
-99.00
2.67
7.13
0.49
-99.00
1.33
1.76
0.63
0.17
0.07
-99.00
1.16
0.22
-99.00
-99.00
-99.00
-99.00
-99.00
-99.00
0.14
-99.00
-99.00
-99.00
-99.00
-99.00
-99.00
-99.00
-99.00
-99.00
-99.00
-99.00
0.84
0.12
0.10
0.06
0.03
1.97
1.92
0.36
-99.00
0.05
0.43
2.21
0.54
2.92
1.30
-99.00
-99.00
0.02
-99.00
-99.00
0.12
0.99
0.02
-99.00
-99.00
-99.00
-99.00
-99.00
-99.00
-99.00
0.40
0.66
-99.00
-99.00
-99.00
-99.00
-99.00
-99.00
0.14
0.47
13.06
0.71
33.23
3.07
0.60
1.58
15.20
4.80
3.06
38.38
3.96
11.70
10.26
11.38
7.72
3.75
8.35
25.97
0.88
2.47
7.08
26.70
0.54
0.09
-99.00
7.60
13.46
0.69
0.80
1.07
-99.00
0.11
1.37
4.17
1.31
5.90
18.28
13.83
16.72
6.77
6.50
16.74
7.15
0.22
3.95
33.41
28.05
34.03
51.07
9.64
17.95
13.00
10.46
0.61
2.77
16.49
20.98
19.77
19.98
23.83
12.15
7.79
13.49
24.50
19.69
2.15
1.93
0.32
1.88
10.06
11.50
27.20
57.60
44.94
9.22
12.06
6.45
1.23
2.27
2.09
8.03
6.25
6.20
9.19
4.30
9.72
14.21
3.72
8.18
10.75
16.72
0.88
1.59
14.93
10.06
4.72
1.27
0.26
1.01
3.51
3.15
1.47
1.48
7.10
2.08
1.46
4.65
3.07
2.11
26.13
14.09
19.88
32.88
25.45
14.29
24.27
20.14
1.50
3.78
4.56
7.89
9.91
15.61
8.41
4.90
16.49
24.88
3.26
1.46
0.90
0.90
3.76
1.08
0.31
1.91
6.67
0.23
5.58
10.00
1.37
4.75
4.99
15.23
7.52
3.45
5.08
9.63
6.17
1.76
6.39
19.11
16.96
14.94
2.96
1.23
0.36
3.35
8.55
10.71
27.82
12.50
15.94
9.87
6.12
6.40
4.40
4.47
10.36
2.08
1.08
1.75
0.06
0.17
2.08
1.39
2.33
0.75
2.35
0.06
1.14
0.48
8.88
3.44
0.93
0.08
0.18
-99.00
-99.00
-99.00
0.65
-99.00
-99.00
0.58
0.19
0.06
0.21
4.37
0.13
0.02
2.21
2.42
0.09
-99.00
-99.00
-99.00
-99.00
-99.00
-99.00
-99.00
0.33
0.24
-99.00
0.01
0.37
2.32
0.16
0.51
0.07
0.42
-99.00
-99.00
0.04
0.28
0.18
0.24
-99.00
-99.00
-99.00
-99.00
-99.00
-99.00
-99.00
0.05
0.02
0.03
-99.00
-99.00
-99.00
-99.00
-99.00
-99.00
-99.00
-99.00
-99.00
0.07
-99.00
-99.00
-99.00
-99.00
-99.00
-99.00
-99.00
-99.00
-99.00
-99.00
-99.00
-99.00
-99.00
-99.00
-99.00
-99.00
-99.00
-99.00
-99.00
-99.00
0.34
0.01
-99.00
-99.00
-99.00
-99.00
-99.00
-99.00
-99.00
-99.00
-99.00
-99.00
-99.00
-99.00
-99.00
-99.00
-99.00
-99.00
-99.00
-99.00
-99.00
0.17
0.33
2.20
0.03
0.06
-99.00
-99.00
-99.00
-99.00
-99.00
-99.00
-99.00
-99.00
-99.00
-99.00
-99.00
-99.00
-99.00
-99.00
-99.00
-99.00
-99.00
-99.00
-99.00
-99.00
-99.00
-99.00
-99.00
0.75
1.50
1.40
0.69
-99.00
0.06
0.62
0.16
0.31
-99.00
-99.00
-99.00
-99.00
-99.00
0.14
0.01
-99.00
-99.00
-99.00
-99.00
-99.00
-99.00
-99.00
-99.00
-99.00
-99.00
-99.00
-99.00
-99.00
-99.00
-99.00
0.59
0.66
0.02
-99.00
-99.00
-99.00
0.01
7.31
0.41
2.19
1.00
-99.00
-99.00
-99.00
-99.00
0.04
-99.00
-99.00
-99.00
0.37
1.12
13.72
7.30
12.29
0.76
1.52
0.53
0.63
0.34
0.37
0.96
0.31
-99.00
-99.00
0.36
0.90
1.83
4.04
1.36
2.34
8.59
3.53
7.43
9.11
3.10
2.07
5.48
7.34
11.62
28.83
1.53
0.56
-99.00
1.12
2.14
0.33
25.89
11.05
1.99
4.28
4.23
10.95
5.93
17.94
55.23
3.14
4.03
8.39
3.95
18.98
6.44
5.36
18.30
121.67
12.70
52.53
30.38
12.86
32.27
9.72
1.44
0.66
1.27
2.66
8.58
6.17
2.75
14.55
16.89
31.31
14.22
4.31
0.74
1.70
0.57
1.79
2.45
1.49
2.27
3.00
2.71
7.94
1.28
0.72
0.18
1.60
3.34
3.35
1.38
16.98
4.50
3.75
20.21
8.32
2.72
7.68
7.23
2.55
0.30
1.62
3.98
4.87
1.15
1.19
3.56
7.02
7.41
23.02
28.03
43.14
28.75
16.04
29.79
5.36
0.35
1.40
3.73
2.70
1.06
5.07
5.65
1.79
1.18
1.85
2.76
3.10
2.97
2.69
1.99
1.65
2.11
9.40
4.92
7.02
18.87
20.78
45.61
6.48
20.58
7.02
8.56
2.27
3.33
28.94
17.71
11.44
26.32
12.57
15.45
36.45
22.56
15.21
46.60
27.06
9.52
18.67
0.60
2.84
30.17
16.88
8.58
1.48
2.75
0.76
0.02
0.66
29.49
0.62
0.54
5.97
1.62
14.05
13.90
18.91
21.12
44.95
41.56
119.17
25.25
2.34
2.66
1.02
4.89
12.29
0.61
0.94
0.42
0.44
0.26
12.20
9.65
0.74
-99.00
-99.00
-99.00
-99.00
-99.00
-99.00
-99.00
-99.00
0.05
-99.00
1.78
5.21
3.16
0.52
3.42
1.49
0.75
0.10
-99.00
-99.00
-99.00
-99.00
0.14
0.04
-99.00
-99.00
-99.00
-99.00
-99.00
0.28
-99.00
-99.00
-99.00
0.10
0.04
-99.00
-99.00
-99.00
0.09
0.17
-99.00
2.40
1.33
-99.00
1.53
-99.00
-99.00
-99.00
-99.00
0.38
0.65
-99.00
-99.00
-99.00
-99.00
-99.00
-99.00
-99.00
-99.00
-99.00
-99.00
-99.00
-99.00
-99.00
-99.00
-99.00
-99.00
-99.00
-99.00
-99.00
-99.00
-99.00
-99.00
-99.00
-99.00
-99.00
-99.00
-99.00
-99.00
-99.00
-99.00
-99.00
-99.00
-99.00
-99.00
0.03
-99.00
-99.00
2.92
3.13
0.46
-99.00
1.09
0.02
-99.00
0.12
0.27
0.05
0.05
0.92
2.81
0.42
-99.00
0.39
0.11
-99.00
-99.00
-99.00
-99.00
-99.00
-99.00
0.13
-99.00
-99.00
-99.00
-99.00
-99.00
-99.00
-99.00
-99.00
-99.00
-99.00
0.03
0.07
0.41
1.25
-99.00
-99.00
5.22
0.06
0.02
-99.00
0.08
0.27
2.37
0.22
0.05
0.09
0.81
-99.00
-99.00
0.65
0.23
0.37
0.04
0.04
-99.00
-99.00
-99.00
-99.00
-99.00
-99.00
-99.00
0.36
1.61
1.18
2.02
12.96
1.49
4.95
19.84
1.29
0.26
4.53
28.06
5.46
0.24
-99.00
4.35
0.01
26.26
2.01
0.81
14.63
6.00
-99.00
4.32
20.59
3.01
0.66
1.22
5.91
0.20
27.24
7.27
7.43
5.79
0.61
15.28
3.09
29.00
31.72
6.20
0.07
13.64
6.83
6.63
9.98
2.39
0.34
-99.00
0.42
0.48
4.39
26.98
-99.00
2.31
7.00
-99.00
0.04
7.95
8.16
1.31
4.84
0.94
1.25
17.55
33.41
10.91
8.36
2.82
0.29
2.15
1.78
18.07
10.45
17.57
22.25
22.65
19.57
38.78
9.39
2.80
2.69
9.25
25.70
9.44
6.43
20.35
66.25
51.90
74.68
44.36
23.93
12.57
7.19
3.94
3.26
0.67
7.92
2.03
4.48
22.86
33.61
8.20
20.53
20.94
37.57
13.58
10.09
8.90
14.14
25.99
9.30
11.67
38.28
12.30
19.20
0.69
3.98
2.22
3.37
18.13
43.42
42.75
44.82
20.00
74.27
17.27
13.06
26.76
6.07
23.01
21.13
3.57
3.87
12.00
5.13
0.69
2.30
1.62
7.34
1.61
6.72
14.30
18.90
32.44
6.92
5.68
2.24
1.21
6.52
15.45
40.66
23.02
1.57
2.07
5.88
3.07
4.22
9.50
4.60
0.76
0.44
0.08
0.77
1.19
1.98
8.93
7.97
0.34
0.33
0.53
0.15
3.03
3.08
4.29
0.04
1.26
5.25
12.26
2.68
6.90
1.05
-99.00
5.18
4.58
7.28
8.81
126.08
68.31
5.88
18.44
36.01
9.67
2.61
5.22
6.26
0.41
0.32
-99.00
-99.00
0.35
2.63
2.51
-99.00
0.06
9.46
0.72
0.35
-99.00
0.22
3.33
19.95
8.42
0.16
0.04
1.16
1.26
0.68
-99.00
-99.00
-99.00
-99.00
-99.00
-99.00
-99.00
-99.00
-99.00
-99.00
-99.00
-99.00
-99.00
-99.00
-99.00
-99.00
-99.00
0.47
6.40
1.62
0.02
0.03
-99.00
-99.00
0.21
0.26
0.52
-99.00
-99.00
-99.00
-99.00
-99.00
-99.00
-99.00
-99.00
-99.00
-99.00
-99.00
-99.00
-99.00
-99.00
-99.00
-99.00
-99.00
-99.00
-99.00
-99.00
-99.00
-99.00
-99.00
-99.00
-99.00
-99.00
-99.00
0.03
0.05
0.64
0.15
-99.00
-99.00
-99.00
-99.00
0.20
0.37
0.06
0.12
0.05
0.51
1.10
0.02
-99.00
-99.00
-99.00
-99.00
-99.00
-99.00
-99.00
-99.00
-99.00
-99.00
-99.00
-99.00
-99.00
-99.00
-99.00
-99.00
-99.00
-99.00
-99.00
-99.00
-99.00
-99.00
-99.00
-99.00
-99.00
0.33
4.61
0.71
0.20
4.33
0.69
-99.00
-99.00
0.50
0.63
0.04
1.12
4.02
2.82
1.23
1.29
0.40
0.50
0.38
-99.00
-99.00
-99.00
10.30
2.10
-99.00
0.11
-99.00
-99.00
0.24
2.70
1.52
-99.00
-99.00
-99.00
0.22
0.15
-99.00
-99.00
-99.00
-99.00
0.03
-99.00
6.59
8.48
1.45
0.38
0.26
0.26
5.94
11.21
4.05
2.86
1.63
0.64
0.12
0.08
0.11
7.38
1.82
0.08
21.32
12.86
6.78
3.82
2.03
0.71
0.79
5.72
0.39
-99.00
-99.00
-99.00
-99.00
0.09
1.55
0.76
8.70
4.45
2.58
1.61
2.07
2.21
9.01
5.57
6.47
0.03
-99.00
20.16
21.07
20.22
6.32
8.62
0.74
17.37
14.77
0.85
0.36
-99.00
1.35
0.27
2.96
10.65
0.90
12.14
1.77
0.08
3.18
4.29
5.11
6.38
32.37
5.44
6.75
11.83
2.57
4.29
7.03
20.55
7.57
1.01
1.72
1.07
2.62
1.01
6.30
12.95
0.29
4.31
22.71
25.09
20.09
7.92
31.29
6.30
17.17
9.09
19.59
13.70
6.29
1.31
11.66
10.20
1.51
2.73
11.77
71.96
55.89
8.65
3.28
33.34
27.30
21.12
41.67
16.33
26.35
22.09
34.96
17.76
2.58
3.55
10.21
54.87
60.19
7.09
12.85
36.93
3.11
14.17
1.88
2.26
2.97
10.19
12.18
15.32
9.70
0.86
0.08
2.63
2.46
3.80
4.31
3.58
26.02
44.65
12.15
6.67
3.64
0.61
3.32
1.03
0.75
0.67
5.19
24.98
9.11
7.90
5.27
1.66
1.14
6.25
4.15
28.55
30.90
3.99
3.53
0.64
2.35
12.44
8.00
0.88
0.69
1.36
0.19
1.22
25.48
18.18
3.95
6.58
10.09
3.36
1.21
5.49
4.43
1.91
1.42
0.31
2.98
4.00
9.16
2.05
3.54
5.83
28.72
6.57
5.90
3.56
10.75
7.10
3.83
27.74
7.60
1.51
2.56
6.66
6.68
3.99
1.98
4.94
1.58
4.49
2.97
0.61
6.90
35.33
159.47
19.98
1.00
0.37
0.07
0.47
0.01
-99.00
-99.00
0.59
-99.00
1.15
0.27
0.01
0.22
4.32
22.15
31.83
2.46
0.02
0.10
-99.00
-99.00
0.40
-99.00
0.02
-99.00
-99.00
-99.00
0.45
0.24
-99.00
-99.00
-99.00
-99.00
-99.00
-99.00
-99.00
0.59
0.41
0.03
-99.00
0.06
-99.00
-99.00
-99.00
-99.00
-99.00
-99.00
-99.00
-99.00
-99.00
0.02
-99.00
-99.00
-99.00
-99.00
-99.00
0.08
-99.00
0.04
-99.00
0.03
-99.00
-99.00
-99.00
-99.00
-99.00
0.37
0.17
0.03
0.02
-99.00
-99.00
-99.00
-99.00
-99.00
-99.00
-99.00
2.11
17.47
1.50
0.69
-99.00
-99.00
0.35
0.18
-99.00
-99.00
-99.00
-99.00
-99.00
-99.00
-99.00
-99.00
-99.00
-99.00
0.07
-99.00
-99.00
-99.00
0.06
0.15
-99.00
-99.00
-99.00
1.62
4.26
1.59
-99.00
0.28
0.10
-99.00
-99.00
-99.00
-99.00
-99.00
-99.00
-99.00
-99.00
-99.00
0.23
-99.00
-99.00
-99.00
-99.00
-99.00
0.05
-99.00
-99.00
-99.00
-99.00
-99.00
0.24
0.29
0.14
0.51
0.38
-99.00
-99.00
-99.00
-99.00
0.63
0.34
-99.00
-99.00
-99.00
-99.00
0.08
0.14
-99.00
0.25
-99.00
2.71
1.29
-99.00
-99.00
-99.00
-99.00
-99.00
-99.00
-99.00
19.99
1.52
2.19
0.10
0.14
-99.00
-99.00
-99.00
-99.00
-99.00
-99.00
0.11
-99.00
0.12
3.25
2.18
1.05
0.14
5.22
2.68
0.62
33.06
1.97
0.34
0.83
0.71
0.14
-99.00
0.71
1.20
6.27
4.07
0.35
14.71
24.44
16.60
1.39
0.75
0.49
0.02
26.18
5.49
1.54
5.56
0.53
-99.00
-99.00
-99.00
-99.00
-99.00
0.54
3.79
5.65
5.63
2.09
2.58
6.96
36.57
18.56
2.19
35.41
7.31
57.63
9.14
9.77
16.02
3.70
8.48
4.45
24.92
20.73
29.21
7.52
16.14
22.60
1.44
16.90
1.25
2.25
24.46
4.61
8.87
36.74
3.14
3.19
6.00
11.88
4.07
5.07
5.74
19.40
13.99
12.18
26.84
48.70
33.22
15.53
40.02
15.34
12.67
9.47
2.55
3.72
5.22
3.74
12.05
8.68
14.49
39.89
58.62
45.49
28.84
80.40
38.16
52.19
21.53
0.97
9.53
14.53
17.49
34.47
30.10
58.87
47.85
9.44
1.07
6.53
2.66
2.67
2.82
2.86
4.06
5.63
5.37
2.39
0.72
4.95
3.33
3.59
6.93
2.28
2.83
0.98
0.76
0.98
0.58
4.83
5.83
1.13
2.07
3.15
1.04
3.46
3.64
5.99
0.75
0.63
2.52
7.43
18.51
18.73
18.82
22.84
15.59
18.76
30.51
33.02
15.33
8.95
0.75
3.84
2.67
14.12
48.20
19.97
8.61
7.10
2.38
3.40
2.19
1.27
4.85
1.56
2.56
14.43
1.70
0.30
6.12
7.18
25.92
13.70
20.72
5.75
19.58
2.87
0.07
0.03
20.55
12.54
5.20
17.01
90.49
136.90
11.48
0.81
0.25
0.97
1.64
1.72
2.98
0.15
0.14
-99.00
-99.00
-99.00
-99.00
-99.00
-99.00
-99.00
0.26
0.38
0.09
1.53
0.23
0.54
-99.00
-99.00
-99.00
-99.00
-99.00
-99.00
-99.00
0.18
-99.00
-99.00
-99.00
-99.00
-99.00
-99.00
-99.00
-99.00
-99.00
-99.00
-99.00
-99.00
-99.00
1.61
-99.00
-99.00
-99.00
-99.00
-99.00
-99.00
-99.00
-99.00
-99.00
-99.00
-99.00
-99.00
-99.00
-99.00
-99.00
-99.00
-99.00
-99.00
-99.00
-99.00
-99.00
-99.00
-99.00
-99.00
-99.00
-99.00
-99.00
-99.00
0.23
1.70
0.43
-99.00
-99.00
0.25
-99.00
0.11
-99.00
-99.00
-99.00
-99.00
-99.00
-99.00
-99.00
-99.00
-99.00
-99.00
-99.00
0.01
-99.00
0.15
0.08
0.30
0.12
-99.00
-99.00
-99.00
-99.00
0.66
3.27
0.57
1.02
0.12
-99.00
4.03
1.51
-99.00
-99.00
-99.00
0.33
-99.00
0.05
2.48
1.42
-99.00
0.06
-99.00
-99.00
-99.00
0.08
0.04
0.08
-99.00
-99.00
-99.00
0.18
0.18
-99.00
-99.00
2.01
0.62
-99.00
-99.00
-99.00
0.19
2.56
0.04
-99.00
-99.00
-99.00
0.05
0.19
0.03
0.13
0.16
-99.00
0.12
-99.00
0.03
-99.00
0.92
1.86
0.05
0.37
-99.00
-99.00
-99.00
5.81
7.20
3.97
4.96
2.63
0.68
2.01
19.66
2.31
3.24
0.24
0.15
0.03
1.55
0.63
0.89
0.89
1.14
0.37
-99.00
7.58
7.89
-99.00
12.88
1.82
1.57
0.11
-99.00
-99.00
-99.00
1.11
4.07
0.01
0.15
0.92
-99.00
0.20
16.82
10.52
3.79
0.75
1.95
1.85
0.66
19.03
0.88
0.28
1.47
6.53
16.90
18.76
15.41
13.08
1.31
2.73
0.20
0.14
2.44
2.32
0.27
4.22
16.75
0.42
15.21
24.20
1.41
1.89
8.31
23.01
5.65
6.94
9.34
0.79
0.40
1.65
3.30
3.53
0.05
35.29
10.20
1.01
23.22
17.41
11.22
2.22
0.77
10.90
14.97
0.04
3.49
21.00
5.13
2.01
25.06
1.39
4.14
12.71
11.34
85.02
20.54
7.34
1.00
0.29
6.94
7.64
4.28
23.91
6.74
17.27
10.27
4.16
1.45
0.83
3.31
15.04
20.29
45.29
46.48
22.88
92.88
47.88
71.41
33.79
31.86
44.86
14.42
21.25
4.47
2.44
0.75
0.68
2.00
1.44
0.04
0.25
2.09
0.14
0.02
7.25
0.43
1.76
22.17
22.55
25.37
10.39
11.98
15.55
22.76
7.32
0.85
29.31
12.21
1.84
4.62
11.68
5.50
17.88
19.37
12.90
18.67
22.82
7.43
16.61
6.71
20.16
14.67
13.27
1.58
1.06
2.11
6.65
5.53
11.02
14.61
7.78
4.32
7.08
1.49
18.54
1.14
0.19
0.20
-99.00
0.20
-99.00
0.07
2.47
42.71
19.94
1.85
6.12
14.96
18.75
15.42
0.71
0.05
12.61
7.91
5.05
109.50
105.29
95.45
8.23
1.33
0.07
0.40
-99.00
0.02
-99.00
0.04
-99.00
-99.00
-99.00
-99.00
5.57
8.80
22.78
11.64
52.51
33.53
4.65
3.74
1.09
0.51
-99.00
-99.00
-99.00
-99.00
-99.00
-99.00
-99.00
-99.00
-99.00
-99.00
-99.00
-99.00
-99.00
0.02
-99.00
-99.00
-99.00
-99.00
-99.00
-99.00
0.40
0.22
0.19
-99.00
-99.00
-99.00
0.13
0.66
-99.00
-99.00
-99.00
0.04
-99.00
-99.00
-99.00
-99.00
-99.00
-99.00
-99.00
-99.00
-99.00
-99.00
-99.00
-99.00
-99.00
-99.00
-99.00
-99.00
-99.00
-99.00
-99.00
-99.00
