19710101
-99.00
-99.00
-99.00
-99.00
-99.00
-99.00
-99.00
-99.00
-99.00
-99.00
-99.00
-99.00
-99.00
-99.00
-99.00
-99.00
-99.00
-99.00
-99.00
-99.00
-99.00
-99.00
-99.00
-99.00
-99.00
2.58
1.74
0.72
-99.00
0.12
-99.00
-99.00
-99.00
-99.00
-99.00
-99.00
-99.00
-99.00
-99.00
0.22
0.22
0.48
-99.00
-99.00
-99.00
-99.00
-99.00
-99.00
-99.00
-99.00
-99.00
-99.00
-99.00
1.53
0.43
-99.00
-99.00
-99.00
-99.00
0.03
-99.00
-99.00
-99.00
-99.00
-99.00
-99.00
-99.00
-99.00
-99.00
-99.00
-99.00
-99.00
-99.00
-99.00
-99.00
-99.00
-99.00
-99.00
-99.00
-99.00
-99.00
-99.00
-99.00
-99.00
-99.00
-99.00
-99.00
-99.00
-99.00
-99.00
-99.00
-99.00
-99.00
-99.00
-99.00
0.25
3.63
0.58
-99.00
0.37
0.79
3.19
0.30
1.05
1.61
-99.00
-99.00
0.38
1.55
1.19
1.40
0.35
0.57
0.13
0.03
0.07
-99.00
0.13
0.12
0.53
0.55
0.76
0.50
2.11
-99.00
5.01
21.64
0.35
0.57
3.27
0.79
-99.00
8.13
1.05
0.82
0.34
2.11
0.43
0.61
-99.00
-99.00
0.17
-99.00
4.56
0.42
6.99
0.43
6.29
8.16
1.15
1.36
2.49
6.33
3.69
4.65
4.17
21.80
6.14
2.77
3.87
0.27
15.08
4.77
4.35
0.35
1.47
2.68
2.24
0.87
0.50
1.09
1.30
8.79
4.78
23.79
44.27
11.56
22.03
8.54
4.43
3.21
1.74
14.12
13.19
2.81
5.95
6.86
1.21
2.10
1.81
5.80
6.72
1.82
3.65
0.81
11.19
13.00
4.22
4.42
3.88
21.06
30.41
15.91
11.33
10.85
2.65
8.89
14.16
4.59
13.65
16.28
6.43
7.81
6.08
2.66
4.49
2.44
0.35
3.74
3.24
3.02
10.51
5.38
12.19
5.21
14.52
13.76
8.08
10.45
6.61
5.10
6.50
1.39
1.73
2.13
1.65
17.98
15.38
17.82
14.75
24.05
13.09
12.81
0.48
6.33
9.20
27.56
13.78
28.61
3.08
0.36
1.01
7.08
10.47
0.96
-99.00
-99.00
0.23
-99.00
-99.00
-99.00
0.44
6.62
2.26
2.89
0.05
1.10
2.93
7.31
1.71
16.72
42.70
33.87
15.09
2.17
2.14
2.10
0.12
0.67
1.43
0.12
6.17
3.08
1.45
0.23
3.46
0.37
0.59
1.26
-99.00
-99.00
4.80
3.18
1.81
0.39
-99.00
-99.00
-99.00
-99.00
-99.00
-99.00
1.08
15.66
22.21
13.88
0.19
-99.00
6.33
7.42
7.26
-99.00
-99.00
-99.00
-99.00
-99.00
-99.00
-99.00
-99.00
0.10
-99.00
-99.00
-99.00
-99.00
-99.00
-99.00
-99.00
-99.00
-99.00
-99.00
-99.00
-99.00
-99.00
-99.00
-99.00
-99.00
-99.00
-99.00
-99.00
-99.00
-99.00
-99.00
-99.00
-99.00
-99.00
-99.00
-99.00
-99.00
-99.00
-99.00
-99.00
-99.00
-99.00
-99.00
-99.00
-99.00
-99.00
-99.00
-99.00
-99.00
-99.00
-99.00
-99.00
-99.00
-99.00
-99.00
-99.00
-99.00
-99.00
-99.00
-99.00
-99.00
-99.00
-99.00
-99.00
-99.00
-99.00
-99.00
-99.00
-99.00
-99.00
-99.00
-99.00
-99.00
-99.00
-99.00
-99.00
-99.00
-99.00
-99.00
-99.00
-99.00
-99.00
-99.00
-99.00
-99.00
-99.00
-99.00
-99.00
4.47
7.66
3.46
0.44
-99.00
-99.00
-99.00
-99.00
-99.00
-99.00
2.12
1.41
-99.00
-99.00
-99.00
-99.00
-99.00
-99.00
-99.00
-99.00
-99.00
-99.00
-99.00
-99.00
-99.00
-99.00
-99.00
-99.00
-99.00
-99.00
-99.00
-99.00
-99.00
-99.00
-99.00
0.78
0.01
-99.00
-99.00
-99.00
0.04
-99.00
-99.00
-99.00
-99.00
-99.00
-99.00
-99.00
-99.00
-99.00
-99.00
-99.00
-99.00
0.56
-99.00
0.15
-99.00
1.68
0.02
1.87
0.36
1.21
3.45
2.02
0.43
-99.00
-99.00
-99.00
1.63
3.70
0.90
13.96
4.63
0.25
0.12
7.49
3.81
7.38
-99.00
-99.00
-99.00
-99.00
0.93
-99.00
2.75
3.73
-99.00
-99.00
1.19
5.49
0.11
0.21
-99.00
-99.00
-99.00
-99.00
-99.00
-99.00
-99.00
-99.00
-99.00
-99.00
-99.00
-99.00
1.37
1.26
0.98
9.08
3.71
0.88
16.89
13.14
5.22
14.31
0.21
-99.00
-99.00
-99.00
-99.00
-99.00
-99.00
-99.00
0.68
0.36
0.45
0.81
0.02
-99.00
-99.00
0.86
2.99
17.25
3.99
17.61
16.56
12.89
0.14
1.18
1.47
1.56
16.52
10.49
6.78
2.52
0.67
0.59
0.27
0.10
2.54
1.92
3.79
5.05
2.16
3.53
5.39
19.55
2.28
2.42
0.64
0.62
4.23
12.56
6.54
3.77
5.59
24.22
3.56
2.71
0.26
3.81
5.88
16.62
1.44
0.38
0.01
0.17
1.97
1.28
0.76
11.38
1.62
5.73
1.44
10.02
34.38
5.38
5.71
1.08
0.36
1.39
7.04
7.82
7.94
18.37
12.16
2.91
1.58
2.34
0.94
2.23
0.67
2.55
11.17
5.36
7.44
3.64
16.82
7.28
1.49
0.47
3.28
-99.00
1.89
3.25
4.85
3.58
1.29
0.05
3.23
1.43
3.64
4.44
3.80
0.37
-99.00
-99.00
0.13
0.08
2.06
-99.00
-99.00
6.48
5.81
1.69
-99.00
0.51
0.58
1.01
-99.00
4.02
4.43
-99.00
-99.00
-99.00
3.93
0.78
2.18
6.08
9.70
3.02
0.22
-99.00
-99.00
-99.00
-99.00
-99.00
-99.00
1.66
0.20
-99.00
-99.00
-99.00
-99.00
-99.00
-99.00
-99.00
-99.00
-99.00
-99.00
-99.00
-99.00
-99.00
-99.00
-99.00
-99.00
-99.00
-99.00
-99.00
-99.00
-99.00
-99.00
-99.00
-99.00
-99.00
-99.00
-99.00
-99.00
-99.00
-99.00
-99.00
-99.00
-99.00
-99.00
-99.00
0.13
-99.00
-99.00
0.13
-99.00
-99.00
-99.00
-99.00
-99.00
-99.00
-99.00
-99.00
-99.00
-99.00
-99.00
-99.00
-99.00
-99.00
-99.00
-99.00
-99.00
-99.00
-99.00
-99.00
-99.00
-99.00
-99.00
-99.00
-99.00
-99.00
-99.00
-99.00
-99.00
-99.00
-99.00
-99.00
-99.00
-99.00
-99.00
-99.00
-99.00
-99.00
-99.00
-99.00
-99.00
-99.00
-99.00
-99.00
-99.00
-99.00
-99.00
-99.00
-99.00
-99.00
-99.00
-99.00
-99.00
-99.00
-99.00
-99.00
-99.00
-99.00
-99.00
-99.00
-99.00
-99.00
-99.00
-99.00
-99.00
-99.00
-99.00
-99.00
-99.00
-99.00
-99.00
-99.00
-99.00
-99.00
-99.00
-99.00
-99.00
-99.00
-99.00
-99.00
-99.00
1.53
0.26
-99.00
-99.00
-99.00
-99.00
-99.00
-99.00
-99.00
-99.00
1.32
0.38
2.67
9.50
0.37
0.90
0.02
-99.00
-99.00
4.37
0.05
-99.00
-99.00
2.99
3.26
-99.00
-99.00
-99.00
-99.00
-99.00
-99.00
-99.00
-99.00
-99.00
-99.00
-99.00
-99.00
-99.00
-99.00
-99.00
-99.00
-99.00
-99.00
-99.00
-99.00
-99.00
-99.00
-99.00
-99.00
-99.00
-99.00
-99.00
-99.00
-99.00
-99.00
0.71
3.36
-99.00
-99.00
-99.00
-99.00
-99.00
-99.00
0.92
2.87
0.27
0.27
0.22
0.39
6.64
10.88
5.78
6.17
3.06
7.22
1.09
0.03
3.43
8.20
11.36
6.89
14.85
0.16
2.62
18.42
0.98
-99.00
-99.00
1.89
5.16
26.11
1.52
20.58
7.03
19.63
15.51
0.77
32.96
0.72
4.56
40.84
0.56
2.14
14.46
4.84
1.17
0.13
7.86
3.40
9.81
0.07
14.11
3.04
0.25
8.90
3.18
2.49
42.41
5.06
8.83
0.65
11.23
1.73
3.87
1.21
0.71
-99.00
4.27
0.91
5.17
14.02
15.77
32.82
3.50
0.24
1.96
1.57
0.07
2.27
0.85
0.35
2.54
6.74
4.64
3.23
2.69
2.55
5.03
12.52
3.66
6.28
0.17
3.44
9.36
5.98
7.58
2.06
9.34
4.90
38.42
7.54
10.00
2.78
6.52
26.16
18.38
1.58
0.90
1.81
0.55
10.67
10.46
10.64
3.58
0.27
21.90
15.29
1.27
2.26
1.15
2.96
1.23
10.16
2.92
1.95
9.39
0.79
1.06
1.33
1.40
10.28
24.59
12.20
1.05
13.43
0.87
8.85
9.32
5.47
2.94
7.07
12.21
12.77
1.11
5.50
0.58
0.77
2.14
3.44
7.22
0.02
3.58
1.52
9.17
18.37
1.44
4.03
13.66
8.99
6.74
5.71
0.19
0.05
-99.00
0.24
0.55
8.44
16.20
3.36
11.45
0.02
0.04
-99.00
4.04
1.06
0.24
8.98
8.02
6.70
5.79
0.12
0.41
0.01
0.14
-99.00
-99.00
-99.00
-99.00
-99.00
2.25
7.63
0.51
-99.00
-99.00
1.65
0.04
-99.00
-99.00
-99.00
0.53
0.47
-99.00
3.06
3.12
23.52
5.46
0.03
-99.00
-99.00
-99.00
-99.00
-99.00
0.13
12.56
12.04
0.04
-99.00
-99.00
-99.00
-99.00
-99.00
-99.00
-99.00
-99.00
-99.00
-99.00
-99.00
0.57
-99.00
-99.00
-99.00
-99.00
-99.00
-99.00
1.22
32.59
26.22
0.09
-99.00
-99.00
-99.00
-99.00
-99.00
-99.00
-99.00
-99.00
-99.00
-99.00
-99.00
-99.00
-99.00
-99.00
-99.00
-99.00
-99.00
-99.00
-99.00
-99.00
-99.00
-99.00
-99.00
-99.00
-99.00
-99.00
-99.00
-99.00
-99.00
-99.00
-99.00
-99.00
-99.00
-99.00
0.08
0.24
-99.00
-99.00
-99.00
-99.00
-99.00
-99.00
-99.00
-99.00
-99.00
-99.00
-99.00
-99.00
-99.00
-99.00
-99.00
-99.00
-99.00
-99.00
-99.00
-99.00
-99.00
-99.00
-99.00
-99.00
-99.00
-99.00
-99.00
-99.00
-99.00
-99.00
-99.00
-99.00
-99.00
-99.00
-99.00
-99.00
0.03
-99.00
-99.00
-99.00
-99.00
-99.00
-99.00
-99.00
-99.00
-99.00
-99.00
-99.00
-99.00
-99.00
-99.00
-99.00
-99.00
-99.00
-99.00
-99.00
-99.00
-99.00
-99.00
-99.00
-99.00
-99.00
-99.00
16.11
-99.00
-99.00
0.82
37.63
3.82
37.69
2.86
1.14
4.76
29.64
2.10
15.63
4.64
-99.00
12.58
0.29
-99.00
-99.00
-99.00
0.36
-99.00
0.28
-99.00
15.03
0.04
-99.00
-99.00
-99.00
-99.00
-99.00
-99.00
-99.00
-99.00
-99.00
-99.00
-99.00
-99.00
1.17
1.53
11.80
1.63
2.97
5.72
4.30
3.81
-99.00
-99.00
-99.00
3.86
14.46
8.04
0.39
3.25
0.38
3.07
0.96
0.13
16.62
0.31
0.06
-99.00
-99.00
0.85
1.74
-99.00
-99.00
0.08
25.36
18.92
34.85
75.18
31.37
0.02
0.15
8.12
15.72
26.85
3.89
12.76
0.12
-99.00
1.73
1.99
3.85
-99.00
0.63
1.01
10.95
18.03
5.18
23.86
15.57
2.07
-99.00
9.31
10.18
1.15
-99.00
1.79
3.81
11.90
18.03
30.65
4.97
13.65
19.30
32.73
12.06
31.80
2.85
18.74
1.05
6.00
17.71
10.95
37.38
30.79
14.53
49.68
16.21
18.83
21.49
8.41
9.15
43.39
34.49
6.09
1.28
4.54
45.30
9.80
2.28
2.29
1.94
2.67
0.57
6.35
2.78
3.43
1.30
1.04
12.39
3.36
3.00
10.76
17.75
21.75
16.65
9.06
4.65
28.39
14.91
6.16
0.30
2.04
11.48
0.30
1.56
5.04
7.19
9.52
11.95
8.89
5.47
3.07
12.56
3.37
3.06
0.09
-99.00
11.63
14.11
15.69
11.92
18.85
33.65
15.97
34.40
7.70
2.85
0.87
2.34
3.73
11.92
0.81
8.50
20.57
0.77
-99.00
2.23
14.72
4.80
18.50
39.84
4.36
15.20
1.10
5.72
0.02
-99.00
0.83
2.60
0.02
-99.00
-99.00
0.09
-99.00
0.17
0.36
6.17
6.67
0.12
11.07
-99.00
0.81
24.91
36.72
0.55
16.79
3.76
2.62
-99.00
-99.00
-99.00
-99.00
-99.00
-99.00
-99.00
-99.00
-99.00
-99.00
-99.00
-99.00
-99.00
-99.00
-99.00
-99.00
-99.00
-99.00
0.06
-99.00
-99.00
-99.00
-99.00
-99.00
-99.00
-99.00
-99.00
-99.00
-99.00
-99.00
4.01
1.94
-99.00
-99.00
-99.00
-99.00
-99.00
-99.00
-99.00
-99.00
-99.00
-99.00
-99.00
-99.00
-99.00
-99.00
-99.00
-99.00
-99.00
-99.00
-99.00
-99.00
-99.00
-99.00
-99.00
-99.00
-99.00
-99.00
-99.00
-99.00
-99.00
-99.00
-99.00
-99.00
-99.00
-99.00
-99.00
-99.00
-99.00
-99.00
-99.00
-99.00
-99.00
-99.00
-99.00
-99.00
-99.00
-99.00
-99.00
-99.00
-99.00
-99.00
-99.00
-99.00
-99.00
-99.00
-99.00
1.16
1.21
0.07
-99.00
-99.00
-99.00
-99.00
-99.00
-99.00
-99.00
-99.00
-99.00
-99.00
-99.00
0.82
-99.00
0.02
-99.00
-99.00
2.22
0.02
-99.00
1.41
4.25
0.43
-99.00
-99.00
-99.00
-99.00
-99.00
-99.00
-99.00
-99.00
-99.00
-99.00
-99.00
-99.00
-99.00
-99.00
-99.00
-99.00
-99.00
0.26
0.51
0.27
-99.00
-99.00
-99.00
-99.00
-99.00
-99.00
-99.00
-99.00
-99.00
-99.00
-99.00
-99.00
0.05
-99.00
-99.00
-99.00
0.76
-99.00
-99.00
-99.00
-99.00
-99.00
-99.00
-99.00
-99.00
-99.00
-99.00
-99.00
-99.00
-99.00
-99.00
-99.00
-99.00
-99.00
-99.00
0.01
5.76
0.47
0.43
-99.00
-99.00
-99.00
-99.00
-99.00
0.02
-99.00
1.86
6.71
0.97
0.53
-99.00
-99.00
1.83
-99.00
-99.00
4.41
1.33
0.84
0.33
-99.00
-99.00
1.02
1.01
1.56
12.08
10.60
10.31
14.24
6.76
-99.00
17.36
3.24
0.43
0.82
14.12
0.80
1.27
4.75
0.91
5.18
0.40
8.84
16.07
8.60
0.39
6.14
0.46
1.05
0.14
20.57
13.91
4.43
1.68
0.59
1.77
0.69
-99.00
0.86
0.67
2.44
22.67
15.40
11.89
14.72
7.17
0.77
0.45
0.01
0.45
4.43
7.72
13.30
23.15
7.01
3.92
11.72
2.92
0.99
2.55
19.76
7.96
14.42
4.55
3.56
11.23
2.36
13.96
38.24
40.19
59.65
36.02
69.01
24.28
7.75
4.75
3.96
3.02
4.08
8.29
21.99
7.70
11.57
4.06
0.16
0.44
-99.00
1.10
5.31
2.06
15.25
7.21
4.13
4.79
2.82
1.71
2.69
8.18
11.24
5.77
0.34
1.63
10.65
23.86
10.18
0.98
1.87
2.28
0.73
4.13
0.46
4.62
7.79
4.76
8.52
2.14
8.00
4.39
0.80
5.76
4.48
1.28
7.46
6.02
8.93
27.54
6.51
3.15
0.84
12.10
11.49
1.09
3.53
3.63
3.68
1.69
0.46
0.29
3.91
11.47
15.22
8.22
3.59
2.87
0.50
0.36
1.61
9.39
8.98
10.74
4.08
1.33
0.57
8.14
25.21
15.09
15.43
3.77
1.95
-99.00
0.16
0.02
0.85
8.46
1.02
-99.00
-99.00
8.09
2.59
0.72
0.24
1.39
-99.00
-99.00
1.77
23.55
-99.00
2.11
1.87
5.15
4.68
-99.00
-99.00
-99.00
-99.00
0.43
6.75
9.82
7.12
-99.00
-99.00
-99.00
0.09
-99.00
-99.00
-99.00
-99.00
-99.00
-99.00
-99.00
-99.00
-99.00
-99.00
-99.00
0.19
0.01
-99.00
-99.00
-99.00
-99.00
-99.00
-99.00
-99.00
-99.00
-99.00
-99.00
-99.00
-99.00
-99.00
-99.00
-99.00
-99.00
-99.00
-99.00
-99.00
-99.00
-99.00
-99.00
-99.00
-99.00
-99.00
-99.00
-99.00
-99.00
-99.00
-99.00
-99.00
-99.00
-99.00
-99.00
-99.00
-99.00
-99.00
-99.00
-99.00
-99.00
-99.00
-99.00
-99.00
-99.00
-99.00
-99.00
-99.00
-99.00
-99.00
-99.00
-99.00
-99.00
-99.00
-99.00
-99.00
-99.00
-99.00
-99.00
-99.00
-99.00
-99.00
-99.00
-99.00
0.20
-99.00
-99.00
-99.00
20.39
14.69
1.59
-99.00
-99.00
-99.00
-99.00
0.77
-99.00
-99.00
-99.00
-99.00
-99.00
-99.00
-99.00
-99.00
-99.00
-99.00
-99.00
-99.00
-99.00
-99.00
-99.00
-99.00
-99.00
-99.00
-99.00
-99.00
-99.00
-99.00
-99.00
-99.00
-99.00
0.01
0.07
0.22
-99.00
-99.00
1.75
0.03
-99.00
-99.00
-99.00
-99.00
-99.00
-99.00
0.11
-99.00
-99.00
-99.00
-99.00
-99.00
-99.00
-99.00
-99.00
-99.00
-99.00
0.12
-99.00
1.77
0.05
-99.00
-99.00
-99.00
-99.00
1.84
0.36
-99.00
-99.00
-99.00
-99.00
-99.00
-99.00
-99.00
0.06
-99.00
-99.00
16.08
5.78
3.44
3.61
0.87
10.48
6.79
5.70
3.19
1.16
-99.00
-99.00
-99.00
-99.00
0.90
0.06
29.37
28.12
0.56
9.17
14.82
7.01
6.23
12.58
0.08
9.87
15.02
4.60
0.01
9.90
3.40
6.05
3.29
0.30
1.98
2.30
2.21
0.02
0.84
10.73
0.24
2.21
0.03
8.72
2.40
23.55
0.39
14.77
5.01
0.46
2.77
3.96
0.21
8.54
22.82
19.89
11.55
13.24
8.08
1.22
0.02
-99.00
-99.00
0.59
1.55
0.77
6.90
4.87
20.88
15.06
7.89
16.32
14.72
5.28
7.91
2.12
8.86
28.27
11.77
15.77
26.98
15.62
1.44
10.94
5.09
1.27
8.43
5.52
2.56
1.66
6.82
5.87
1.99
4.27
5.27
4.44
11.39
13.77
13.86
1.85
3.21
2.28
7.47
9.96
18.85
28.64
2.48
14.76
3.87
3.38
1.80
2.51
2.83
6.05
9.09
24.88
28.42
42.28
6.19
5.69
1.59
1.43
2.37
0.48
0.40
5.92
1.30
1.32
9.01
12.08
3.30
2.30
5.92
2.10
3.40
4.27
3.86
2.09
2.06
0.53
0.23
21.95
15.59
8.74
4.15
3.65
19.73
9.08
3.96
4.64
1.39
16.77
1.66
0.89
0.99
12.13
2.27
20.72
15.99
3.34
2.76
1.32
1.39
0.21
5.37
0.27
0.88
1.99
15.81
7.25
3.16
-99.00
-99.00
0.41
-99.00
-99.00
-99.00
-99.00
-99.00
-99.00
17.60
13.37
11.20
0.36
-99.00
-99.00
-99.00
-99.00
-99.00
-99.00
-99.00
-99.00
-99.00
-99.00
-99.00
-99.00
-99.00
-99.00
-99.00
-99.00
0.59
1.07
-99.00
-99.00
-99.00
-99.00
-99.00
-99.00
-99.00
-99.00
1.29
-99.00
-99.00
-99.00
-99.00
-99.00
-99.00
-99.00
0.23
7.03
0.13
-99.00
-99.00
-99.00
-99.00
-99.00
-99.00
-99.00
-99.00
-99.00
-99.00
-99.00
-99.00
-99.00
-99.00
-99.00
-99.00
-99.00
-99.00
-99.00
-99.00
-99.00
-99.00
2.13
-99.00
-99.00
-99.00
-99.00
-99.00
-99.00
-99.00
-99.00
-99.00
-99.00
-99.00
-99.00
-99.00
-99.00
-99.00
-99.00
-99.00
-99.00
-99.00
-99.00
-99.00
-99.00
-99.00
-99.00
-99.00
-99.00
6.93
-99.00
-99.00
-99.00
0.12
-99.00
-99.00
-99.00
-99.00
-99.00
-99.00
0.09
0.09
-99.00
-99.00
-99.00
-99.00
-99.00
-99.00
-99.00
-99.00
-99.00
-99.00
-99.00
-99.00
-99.00
-99.00
-99.00
-99.00
-99.00
-99.00
-99.00
-99.00
-99.00
-99.00
-99.00
0.05
1.72
7.86
13.63
0.53
1.06
-99.00
-99.00
-99.00
-99.00
-99.00
-99.00
0.20
-99.00
-99.00
-99.00
-99.00
-99.00
-99.00
-99.00
-99.00
-99.00
-99.00
-99.00
-99.00
-99.00
-99.00
-99.00
-99.00
-99.00
-99.00
-99.00
-99.00
-99.00
-99.00
-99.00
-99.00
-99.00
-99.00
1.56
9.84
16.17
20.35
6.16
5.65
10.27
3.57
9.00
33.95
0.40
2.86
0.54
12.59
13.20
4.04
5.20
1.29
-99.00
0.04
7.27
3.31
8.86
0.61
7.05
0.14
-99.00
-99.00
1.59
4.98
4.72
11.30
0.33
2.52
0.59
9.97
0.20
0.03
0.15
-99.00
18.68
62.88
1.32
0.36
0.10
1.13
0.25
1.45
18.87
1.18
2.21
0.05
9.68
-99.00
7.30
2.35
22.25
2.51
17.25
0.11
0.03
0.14
15.72
19.28
15.88
1.53
0.10
0.34
16.51
0.20
0.52
0.59
5.81
5.22
2.41
15.16
14.97
12.97
21.48
14.83
13.23
23.26
18.28
11.32
13.92
17.09
34.39
57.09
66.63
11.59
1.54
0.17
1.04
1.51
2.11
17.41
13.08
16.95
3.28
9.13
4.03
4.81
2.37
22.17
6.87
9.33
3.32
1.40
0.75
0.80
2.52
7.54
2.69
5.62
11.15
13.26
9.68
24.16
16.12
14.98
22.35
43.75
7.50
2.41
3.68
6.02
13.55
2.65
4.00
0.43
0.63
4.94
0.60
0.11
0.38
3.98
7.89
9.89
6.32
0.79
14.06
2.86
3.12
4.13
4.23
6.04
12.06
4.21
3.52
8.57
9.63
11.31
14.16
10.35
1.07
0.20
0.22
0.06
0.03
5.40
20.84
9.91
0.02
4.07
8.58
0.78
3.58
3.67
11.08
4.47
3.12
2.22
13.13
2.46
0.03
0.63
-99.00
-99.00
0.08
2.78
-99.00
1.78
11.74
1.76
4.85
5.68
1.07
7.11
0.49
-99.00
-99.00
0.12
-99.00
-99.00
4.20
1.03
2.22
5.36
-99.00
-99.00
-99.00
-99.00
0.29
0.98
-99.00
-99.00
-99.00
0.85
-99.00
-99.00
-99.00
10.84
0.75
-99.00
-99.00
-99.00
-99.00
3.35
-99.00
-99.00
1.15
-99.00
-99.00
-99.00
-99.00
-99.00
-99.00
-99.00
-99.00
-99.00
-99.00
-99.00
-99.00
2.72
7.32
2.95
0.01
1.40
12.03
-99.00
-99.00
-99.00
-99.00
-99.00
-99.00
-99.00
-99.00
-99.00
-99.00
-99.00
-99.00
-99.00
-99.00
-99.00
-99.00
-99.00
-99.00
-99.00
-99.00
-99.00
-99.00
-99.00
-99.00
-99.00
-99.00
-99.00
-99.00
-99.00
-99.00
-99.00
2.82
4.78
3.33
0.04
-99.00
-99.00
0.37
-99.00
-99.00
-99.00
-99.00
-99.00
-99.00
-99.00
-99.00
-99.00
-99.00
-99.00
-99.00
-99.00
-99.00
-99.00
-99.00
-99.00
-99.00
-99.00
-99.00
-99.00
-99.00
-99.00
-99.00
-99.00
-99.00
-99.00
-99.00
-99.00
-99.00
-99.00
1.81
0.08
-99.00
-99.00
-99.00
0.77
-99.00
-99.00
-99.00
-99.00
0.12
-99.00
-99.00
-99.00
0.15
0.80
-99.00
-99.00
-99.00
-99.00
-99.00
-99.00
-99.00
-99.00
-99.00
-99.00
-99.00
-99.00
-99.00
-99.00
0.06
0.08
0.01
-99.00
-99.00
-99.00
3.77
0.17
0.04
-99.00
-99.00
-99.00
-99.00
-99.00
-99.00
-99.00
0.68
0.19
-99.00
-99.00
3.57
-99.00
-99.00
-99.00
5.66
3.34
2.16
2.17
2.05
-99.00
3.43
1.15
-99.00
1.40
6.98
-99.00
-99.00
-99.00
3.66
5.94
10.41
3.91
4.36
13.74
24.35
0.03
0.32
3.62
-99.00
-99.00
-99.00
-99.00
0.02
-99.00
3.75
2.03
-99.00
0.78
-99.00
2.93
1.12
0.18
1.60
9.84
15.38
35.48
16.57
11.09
2.85
0.03
1.93
0.38
-99.00
0.38
2.09
-99.00
-99.00
7.56
31.18
28.73
28.64
0.55
16.54
19.63
13.33
6.63
9.39
7.70
3.76
-99.00
-99.00
1.26
20.03
0.86
4.30
0.87
15.87
1.31
0.02
6.76
0.62
1.45
2.39
5.66
3.39
18.03
6.66
8.70
10.57
17.55
16.15
69.38
93.34
10.67
4.92
19.97
5.71
5.16
0.28
1.79
7.05
1.82
23.76
13.05
8.15
8.79
5.69
1.84
14.83
17.65
3.77
0.38
16.89
22.27
1.48
20.81
8.83
26.95
0.94
7.31
7.51
5.16
10.32
1.35
10.31
29.28
2.71
4.02
1.81
15.22
17.16
5.80
21.50
8.71
1.40
6.37
10.38
4.60
4.06
0.85
-99.00
19.44
19.32
19.54
3.02
2.41
9.20
3.64
4.81
15.09
7.19
1.78
1.90
0.80
4.16
13.14
0.80
2.47
76.90
28.20
24.48
7.19
2.02
11.22
2.05
3.33
5.25
1.34
3.57
0.81
0.05
-99.00
0.10
5.22
10.72
3.56
0.01
1.00
6.32
6.12
6.77
0.21
4.47
11.02
15.60
8.83
45.69
63.06
47.93
8.70
2.83
8.82
42.17
9.06
0.16
0.95
0.36
3.62
1.07
7.40
1.85
-99.00
-99.00
0.83
0.29
-99.00
0.20
7.27
1.16
2.21
2.59
-99.00
-99.00
-99.00
0.50
-99.00
-99.00
0.18
1.95
-99.00
-99.00
-99.00
5.50
-99.00
-99.00
-99.00
-99.00
-99.00
-99.00
-99.00
-99.00
-99.00
-99.00
-99.00
2.60
-99.00
-99.00
-99.00
-99.00
-99.00
-99.00
-99.00
-99.00
-99.00
-99.00
-99.00
-99.00
-99.00
-99.00
-99.00
-99.00
-99.00
-99.00
0.01
-99.00
-99.00
-99.00
-99.00
-99.00
-99.00
-99.00
-99.00
-99.00
-99.00
-99.00
-99.00
-99.00
-99.00
-99.00
-99.00
-99.00
-99.00
-99.00
-99.00
-99.00
-99.00
-99.00
-99.00
-99.00
-99.00
-99.00
-99.00
-99.00
-99.00
-99.00
-99.00
-99.00
-99.00
-99.00
-99.00
-99.00
-99.00
-99.00
-99.00
-99.00
-99.00
-99.00
-99.00
-99.00
-99.00
-99.00
-99.00
-99.00
-99.00
-99.00
-99.00
-99.00
-99.00
-99.00
-99.00
10.12
4.79
-99.00
9.97
2.69
0.03
-99.00
-99.00
-99.00
3.80
0.28
-99.00
-99.00
-99.00
-99.00
-99.00
-99.00
-99.00
-99.00
-99.00
-99.00
-99.00
-99.00
-99.00
-99.00
-99.00
-99.00
-99.00
-99.00
-99.00
-99.00
-99.00
-99.00
-99.00
-99.00
-99.00
-99.00
2.32
4.03
-99.00
-99.00
-99.00
-99.00
-99.00
-99.00
-99.00
-99.00
-99.00
1.43
-99.00
0.02
-99.00
-99.00
0.01
0.66
0.07
0.03
-99.00
-99.00
2.21
0.92
0.76
-99.00
-99.00
-99.00
-99.00
-99.00
0.02
4.57
0.17
0.22
-99.00
-99.00
-99.00
-99.00
-99.00
2.58
2.21
-99.00
0.34
0.62
0.69
0.19
0.41
0.77
-99.00
-99.00
-99.00
-99.00
-99.00
0.61
0.08
5.26
3.12
0.36
0.06
-99.00
-99.00
0.51
-99.00
-99.00
-99.00
-99.00
0.09
0.74
4.25
0.06
1.57
0.02
-99.00
-99.00
4.04
3.17
16.78
1.30
0.06
0.05
1.11
1.76
7.13
-99.00
-99.00
-99.00
-99.00
0.41
-99.00
-99.00
0.32
4.97
9.32
16.55
14.92
49.20
11.37
9.36
25.22
28.05
11.97
2.46
3.88
0.60
0.07
2.37
0.14
1.86
3.66
9.31
14.47
23.94
8.22
14.06
69.56
81.16
16.84
0.21
8.90
5.16
44.81
2.13
1.37
9.59
2.66
3.18
0.51
7.42
21.94
4.89
6.26
44.94
33.44
10.73
21.57
10.14
0.77
3.02
6.45
5.57
1.48
0.83
3.66
2.55
2.75
6.48
5.14
4.66
3.96
2.91
1.32
16.11
5.25
21.10
17.90
7.87
0.02
0.40
0.05
27.27
94.24
54.74
35.87
5.80
3.34
19.80
4.12
3.53
1.33
0.76
2.57
8.36
4.24
1.26
1.77
0.95
1.92
2.03
0.85
4.19
31.13
5.47
1.21
11.22
6.08
8.60
12.50
9.47
10.64
28.09
1.10
22.95
3.52
0.02
0.31
-99.00
-99.00
0.02
-99.00
0.68
0.70
1.03
0.10
1.96
24.80
50.59
9.29
4.55
4.51
0.81
5.43
6.52
43.16
5.79
-99.00
1.77
3.21
0.24
0.61
-99.00
0.32
-99.00
0.01
0.11
-99.00
-99.00
-99.00
-99.00
-99.00
-99.00
-99.00
0.34
1.22
-99.00
-99.00
-99.00
-99.00
-99.00
-99.00
-99.00
-99.00
-99.00
-99.00
-99.00
-99.00
-99.00
-99.00
-99.00
-99.00
-99.00
-99.00
-99.00
-99.00
-99.00
-99.00
-99.00
-99.00
2.31
-99.00
0.50
0.70
-99.00
-99.00
-99.00
0.62
-99.00
0.24
5.12
28.81
0.64
-99.00
-99.00
-99.00
-99.00
-99.00
-99.00
-99.00
-99.00
-99.00
-99.00
-99.00
-99.00
-99.00
-99.00
-99.00
-99.00
-99.00
2.07
0.23
0.05
-99.00
-99.00
-99.00
-99.00
-99.00
-99.00
-99.00
-99.00
0.01
-99.00
-99.00
1.32
0.10
-99.00
-99.00
-99.00
-99.00
-99.00
-99.00
-99.00
-99.00
-99.00
-99.00
-99.00
-99.00
-99.00
-99.00
-99.00
-99.00
-99.00
-99.00
-99.00
-99.00
0.01
-99.00
-99.00
-99.00
-99.00
0.15
-99.00
-99.00
-99.00
-99.00
-99.00
18.68
2.20
-99.00
-99.00
-99.00
-99.00
-99.00
-99.00
-99.00
-99.00
-99.00
4.88
21.83
25.64
1.02
2.18
0.02
-99.00
-99.00
-99.00
-99.00
-99.00
-99.00
-99.00
-99.00
24.98
32.58
0.41
-99.00
10.51
1.11
4.07
1.93
0.67
0.29
0.28
0.01
-99.00
-99.00
-99.00
-99.00
-99.00
0.53
0.04
-99.00
0.73
-99.00
-99.00
-99.00
-99.00
0.19
0.73
0.01
0.20
0.14
4.84
0.20
4.72
0.38
0.01
-99.00
0.84
-99.00
-99.00
-99.00
-99.00
-99.00
2.61
0.19
2.34
0.22
-99.00
-99.00
-99.00
0.39
0.47
11.34
-99.00
-99.00
-99.00
-99.00
-99.00
-99.00
-99.00
0.08
0.70
3.75
-99.00
-99.00
1.16
2.08
21.91
0.11
0.73
11.03
4.81
19.53
23.44
4.71
1.59
0.06
0.08
11.75
20.02
0.14
0.30
2.41
-99.00
9.86
0.20
-99.00
1.64
16.14
4.07
9.17
12.74
38.30
18.27
7.68
1.46
3.48
0.55
1.40
3.08
25.79
3.12
29.06
2.63
15.35
12.33
0.53
5.25
7.40
28.71
11.25
8.37
20.69
9.07
4.96
5.53
5.59
2.40
5.05
3.18
7.74
13.47
0.88
2.30
12.10
22.45
13.68
22.02
2.31
3.96
13.11
14.13
3.84
2.73
4.43
8.90
8.78
8.17
28.33
4.15
2.55
6.38
4.05
10.93
22.19
9.74
1.25
4.36
25.71
11.81
11.92
1.67
3.24
4.19
8.04
9.56
1.88
4.86
12.49
3.17
12.59
39.14
5.80
11.65
23.13
9.74
1.33
9.38
1.14
5.88
7.23
6.62
0.54
0.83
2.56
5.08
21.88
20.76
5.45
15.99
33.04
4.85
6.97
1.38
1.52
1.06
7.37
18.58
25.82
4.74
4.30
6.55
0.19
0.83
4.87
4.20
1.48
6.01
1.18
2.70
4.32
22.46
3.46
2.31
5.49
0.78
2.07
4.84
3.31
0.45
0.40
3.03
4.54
0.08
1.13
0.76
7.58
12.55
10.34
2.09
7.25
2.24
3.12
0.27
0.54
4.05
-99.00
-99.00
0.12
-99.00
-99.00
0.92
18.13
26.63
10.33
23.91
31.70
0.02
-99.00
-99.00
-99.00
0.77
0.03
-99.00
-99.00
-99.00
-99.00
0.08
0.15
0.07
-99.00
-99.00
-99.00
-99.00
0.27
-99.00
0.14
-99.00
-99.00
-99.00
-99.00
-99.00
-99.00
0.16
0.16
-99.00
0.45
0.16
-99.00
-99.00
-99.00
-99.00
-99.00
-99.00
-99.00
-99.00
-99.00
-99.00
-99.00
-99.00
-99.00
-99.00
-99.00
-99.00
-99.00
-99.00
0.32
-99.00
-99.00
-99.00
-99.00
-99.00
-99.00
-99.00
-99.00
-99.00
-99.00
-99.00
-99.00
-99.00
-99.00
-99.00
-99.00
-99.00
-99.00
-99.00
-99.00
-99.00
-99.00
-99.00
-99.00
-99.00
9.72
7.21
7.98
-99.00
-99.00
-99.00
0.22
-99.00
-99.00
-99.00
-99.00
-99.00
-99.00
-99.00
-99.00
-99.00
-99.00
-99.00
-99.00
-99.00
-99.00
-99.00
-99.00
-99.00
-99.00
1.21
16.66
8.52
0.10
-99.00
-99.00
-99.00
-99.00
-99.00
2.35
1.91
11.54
0.11
-99.00
-99.00
-99.00
-99.00
-99.00
-99.00
-99.00
-99.00
-99.00
-99.00
-99.00
-99.00
-99.00
-99.00
-99.00
-99.00
0.32
-99.00
-99.00
-99.00
-99.00
-99.00
-99.00
-99.00
-99.00
-99.00
0.01
10.79
3.42
11.95
0.32
-99.00
0.41
-99.00
-99.00
-99.00
0.87
1.60
-99.00
14.43
29.62
16.04
5.40
16.70
11.57
3.48
3.54
20.06
22.46
0.20
14.85
6.25
-99.00
-99.00
-99.00
-99.00
-99.00
-99.00
-99.00
16.82
1.96
-99.00
16.31
22.19
17.47
91.38
43.43
0.47
-99.00
0.06
0.30
1.09
-99.00
-99.00
-99.00
-99.00
23.60
0.03
0.12
10.83
4.14
0.04
7.24
2.64
3.41
0.49
0.40
2.74
0.01
0.69
9.02
8.29
2.63
10.89
18.85
0.18
4.47
3.36
8.24
10.62
-99.00
2.37
12.69
29.61
15.77
5.27
32.44
4.58
29.24
36.59
2.35
-99.00
19.59
0.31
1.57
-99.00
2.93
3.34
0.74
0.15
0.21
0.03
-99.00
8.83
2.76
4.80
1.30
22.38
17.04
27.35
22.88
17.73
4.33
4.50
2.85
0.41
5.05
9.21
17.58
31.22
19.04
31.10
22.41
8.46
0.46
5.59
14.61
7.01
8.91
9.07
8.84
9.15
16.27
19.66
16.20
37.07
11.36
0.98
5.78
16.95
9.19
9.66
11.38
4.08
18.06
8.73
2.25
8.85
29.66
4.27
1.08
9.84
5.70
8.56
0.59
0.24
6.30
16.56
3.24
0.87
16.77
17.78
3.80
10.03
9.04
11.03
1.88
5.89
13.32
8.02
17.60
24.37
11.54
4.81
14.18
0.17
1.01
1.38
1.28
2.58
1.46
8.72
10.38
25.35
12.85
3.12
3.21
12.70
1.56
4.31
5.37
1.08
3.10
7.12
0.36
2.43
0.01
0.17
0.71
6.27
-99.00
0.52
0.73
-99.00
0.86
18.38
29.91
1.21
0.84
2.55
0.99
3.51
4.88
2.65
0.70
-99.00
-99.00
-99.00
-99.00
-99.00
-99.00
-99.00
-99.00
3.39
2.32
0.10
-99.00
-99.00
-99.00
-99.00
-99.00
-99.00
-99.00
-99.00
-99.00
-99.00
-99.00
0.03
-99.00
-99.00
-99.00
-99.00
-99.00
-99.00
-99.00
-99.00
-99.00
-99.00
-99.00
-99.00
-99.00
-99.00
-99.00
-99.00
-99.00
-99.00
-99.00
-99.00
-99.00
-99.00
-99.00
-99.00
-99.00
-99.00
-99.00
-99.00
-99.00
-99.00
-99.00
-99.00
-99.00
-99.00
-99.00
-99.00
-99.00
-99.00
-99.00
-99.00
0.01
-99.00
3.19
50.16
0.89
-99.00
-99.00
-99.00
-99.00
-99.00
-99.00
-99.00
-99.00
-99.00
-99.00
-99.00
-99.00
-99.00
-99.00
-99.00
-99.00
-99.00
-99.00
-99.00
-99.00
-99.00
-99.00
-99.00
-99.00
-99.00
-99.00
-99.00
-99.00
-99.00
-99.00
-99.00
-99.00
-99.00
-99.00
-99.00
-99.00
-99.00
-99.00
-99.00
-99.00
-99.00
-99.00
-99.00
-99.00
-99.00
-99.00
-99.00
-99.00
-99.00
-99.00
-99.00
-99.00
-99.00
-99.00
4.26
0.64
0.10
-99.00
1.52
-99.00
-99.00
-99.00
5.05
4.03
0.88
-99.00
0.20
2.11
3.26
0.02
0.10
-99.00
0.32
-99.00
-99.00
-99.00
-99.00
-99.00
-99.00
-99.00
-99.00
-99.00
-99.00
0.70
9.73
0.49
-99.00
-99.00
0.20
0.24
6.39
0.04
-99.00
-99.00
-99.00
0.35
3.24
0.12
-99.00
-99.00
-99.00
-99.00
1.60
0.23
0.97
-99.00
-99.00
-99.00
-99.00
-99.00
-99.00
-99.00
0.29
-99.00
0.46
3.37
1.66
0.02
0.22
0.02
0.07
1.02
14.14
1.23
7.95
6.97
0.03
22.02
18.44
4.03
0.23
3.51
4.28
4.09
7.28
8.17
23.68
-99.00
2.76
-99.00
-99.00
-99.00
-99.00
-99.00
-99.00
0.93
0.53
2.62
2.97
1.22
0.83
4.10
0.22
6.18
0.02
7.15
10.66
0.21
-99.00
-99.00
-99.00
4.98
-99.00
-99.00
-99.00
-99.00
6.70
0.77
1.88
3.30
-99.00
0.24
5.86
15.54
0.09
2.03
-99.00
0.50
2.09
12.87
45.45
34.81
3.35
18.44
6.50
2.49
8.01
42.48
37.92
7.04
1.36
14.02
0.46
10.44
13.32
1.48
17.40
15.29
27.82
0.44
6.62
3.93
1.16
-99.00
-99.00
0.13
-99.00
-99.00
-99.00
2.78
9.36
14.15
6.33
6.64
1.21
0.06
0.81
0.03
0.03
5.09
17.02
4.54
33.56
11.69
6.57
1.17
14.79
11.73
8.78
9.40
12.73
4.35
47.84
104.51
22.25
6.55
13.65
3.74
20.24
17.93
3.15
4.51
2.70
4.79
9.38
2.39
5.70
1.04
3.56
8.14
7.10
9.18
8.77
23.66
10.66
7.77
1.73
0.81
0.66
5.76
16.98
1.97
14.67
0.99
-99.00
3.71
20.31
1.88
21.03
0.86
18.33
8.32
13.30
11.16
10.00
3.10
19.69
21.86
2.18
6.95
5.24
-99.00
0.09
-99.00
0.10
-99.00
-99.00
0.03
1.35
30.55
27.25
3.16
-99.00
2.69
1.85
-99.00
0.06
-99.00
-99.00
2.29
-99.00
0.25
2.17
-99.00
-99.00
-99.00
-99.00
-99.00
-99.00
0.06
-99.00
-99.00
-99.00
6.27
4.36
1.08
-99.00
-99.00
-99.00
0.11
-99.00
-99.00
-99.00
-99.00
-99.00
-99.00
-99.00
-99.00
-99.00
0.06
1.57
-99.00
0.85
10.51
16.99
0.08
-99.00
-99.00
-99.00
-99.00
-99.00
-99.00
-99.00
-99.00
-99.00
-99.00
-99.00
-99.00
-99.00
-99.00
-99.00
-99.00
-99.00
-99.00
-99.00
-99.00
-99.00
-99.00
-99.00
-99.00
-99.00
-99.00
-99.00
-99.00
-99.00
-99.00
-99.00
-99.00
-99.00
-99.00
-99.00
-99.00
-99.00
-99.00
-99.00
-99.00
-99.00
2.70
0.37
-99.00
-99.00
-99.00
-99.00
-99.00
-99.00
-99.00
0.11
-99.00
-99.00
-99.00
-99.00
-99.00
-99.00
4.22
1.46
-99.00
-99.00
-99.00
-99.00
-99.00
0.31
-99.00
-99.00
-99.00
-99.00
-99.00
-99.00
-99.00
-99.00
-99.00
-99.00
-99.00
-99.00
0.32
18.36
0.03
0.28
0.10
0.28
-99.00
-99.00
-99.00
-99.00
3.59
0.05
0.02
-99.00
-99.00
-99.00
-99.00
-99.00
-99.00
0.03
10.49
0.15
-99.00
7.97
6.59
3.23
8.75
7.92
0.44
-99.00
-99.00
-99.00
0.70
9.69
0.86
8.95
3.06
-99.00
-99.00
-99.00
-99.00
-99.00
-99.00
-99.00
-99.00
2.31
0.69
-99.00
0.18
0.01
6.22
0.13
0.02
-99.00
-99.00
-99.00
-99.00
0.30
0.30
1.76
-99.00
-99.00
-99.00
-99.00
-99.00
-99.00
-99.00
-99.00
-99.00
0.39
22.28
8.89
0.62
8.18
18.15
2.23
2.73
-99.00
-99.00
-99.00
-99.00
-99.00
-99.00
2.80
2.48
32.87
5.85
3.67
6.30
6.20
0.31
3.10
44.16
37.28
18.53
3.59
9.76
14.72
8.28
-99.00
0.65
12.54
30.34
11.96
0.32
10.49
10.89
-99.00
44.38
2.62
3.67
6.16
16.21
16.48
9.33
0.11
-99.00
-99.00
-99.00
-99.00
6.38
0.20
-99.00
1.46
1.81
9.77
0.70
2.04
-99.00
0.30
3.25
2.51
1.60
0.65
0.03
11.40
7.99
5.70
29.00
42.20
19.27
18.84
0.14
3.46
0.57
0.67
6.26
25.69
33.23
28.55
12.07
16.00
7.85
2.31
8.53
3.85
7.45
9.25
4.17
4.29
1.66
0.83
2.48
0.90
0.01
-99.00
2.60
0.35
4.17
5.85
4.39
2.84
7.95
17.80
8.66
13.88
7.66
12.17
10.95
11.81
7.94
14.11
2.00
7.94
6.61
29.37
67.31
36.11
36.04
12.14
0.04
-99.00
1.61
4.21
10.50
11.54
13.36
0.90
2.20
4.64
1.15
17.35
12.79
3.99
1.19
17.76
39.13
18.88
25.41
8.13
2.44
3.90
4.88
1.86
2.05
3.02
4.49
9.76
8.99
23.66
12.89
25.57
2.63
7.98
1.61
0.52
-99.00
2.35
13.55
21.34
25.62
9.78
7.44
4.40
3.68
5.58
3.74
0.07
-99.00
0.45
1.64
10.09
0.07
4.36
1.09
0.78
1.84
2.85
0.33
2.60
15.28
25.21
9.10
16.08
34.61
3.95
2.99
6.27
56.71
15.08
-99.00
-99.00
-99.00
-99.00
0.78
3.11
-99.00
1.60
10.43
0.30
-99.00
-99.00
-99.00
-99.00
-99.00
-99.00
-99.00
-99.00
-99.00
-99.00
-99.00
-99.00
0.14
2.11
7.08
-99.00
-99.00
-99.00
-99.00
-99.00
-99.00
-99.00
-99.00
-99.00
-99.00
-99.00
-99.00
0.26
1.25
0.05
-99.00
-99.00
-99.00
-99.00
-99.00
-99.00
-99.00
-99.00
-99.00
-99.00
-99.00
-99.00
-99.00
-99.00
0.31
-99.00
-99.00
-99.00
-99.00
0.62
-99.00
-99.00
-99.00
-99.00
-99.00
-99.00
-99.00
-99.00
-99.00
0.35
2.02
8.10
0.35
-99.00
-99.00
-99.00
-99.00
-99.00
0.11
0.12
-99.00
-99.00
-99.00
-99.00
-99.00
-99.00
-99.00
-99.00
-99.00
-99.00
0.15
0.01
3.35
-99.00
-99.00
-99.00
0.11
0.12
2.47
15.04
-99.00
1.33
-99.00
-99.00
-99.00
-99.00
-99.00
-99.00
-99.00
-99.00
-99.00
-99.00
-99.00
-99.00
-99.00
0.46
-99.00
-99.00
-99.00
-99.00
-99.00
-99.00
-99.00
-99.00
-99.00
-99.00
-99.00
-99.00
-99.00
-99.00
-99.00
-99.00
-99.00
-99.00
-99.00
-99.00
-99.00
-99.00
-99.00
-99.00
-99.00
-99.00
-99.00
-99.00
-99.00
-99.00
-99.00
-99.00
-99.00
-99.00
-99.00
0.10
-99.00
-99.00
-99.00
-99.00
-99.00
-99.00
-99.00
-99.00
-99.00
0.88
-99.00
0.81
-99.00
-99.00
-99.00
-99.00
-99.00
-99.00
-99.00
-99.00
0.03
0.22
10.15
15.95
4.97
0.17
-99.00
-99.00
-99.00
-99.00
0.30
-99.00
-99.00
-99.00
-99.00
-99.00
-99.00
10.83
7.86
7.02
1.09
2.62
10.07
1.00
0.95
14.26
10.70
0.02
-99.00
0.34
5.37
0.15
9.14
31.02
35.66
33.28
2.18
0.28
8.47
5.66
1.89
-99.00
-99.00
-99.00
-99.00
-99.00
-99.00
-99.00
-99.00
6.16
3.29
21.55
3.40
0.12
2.31
0.42
10.71
1.24
5.26
75.52
86.04
65.22
27.18
38.94
30.44
7.43
0.14
0.10
1.40
11.71
15.10
14.31
101.85
15.40
6.35
10.40
10.73
32.20
20.63
16.12
7.60
17.14
11.10
4.44
2.89
10.66
7.91
6.66
5.34
6.58
6.00
11.25
16.82
19.05
3.72
15.25
31.99
11.59
9.59
0.90
9.97
8.77
3.99
19.31
15.94
20.32
10.36
7.98
16.65
11.82
5.82
7.82
5.07
2.37
4.39
4.72
7.10
26.22
41.38
14.30
6.85
3.99
19.59
12.40
7.72
16.27
8.67
9.32
0.86
14.52
6.76
3.51
18.61
38.65
12.65
7.95
4.28
5.95
2.73
9.22
5.07
18.15
31.70
7.85
16.89
11.57
29.64
14.84
0.46
9.63
16.22
16.11
16.59
13.09
4.60
4.12
0.41
1.54
13.62
12.32
8.46
0.48
1.30
9.55
27.11
8.16
2.53
3.06
0.10
-99.00
0.83
-99.00
-99.00
-99.00
-99.00
-99.00
-99.00
-99.00
-99.00
0.88
9.42
5.88
1.58
3.75
0.23
-99.00
2.19
1.48
0.31
-99.00
13.37
21.47
15.30
4.04
-99.00
-99.00
-99.00
1.67
0.16
0.28
8.26
0.08
-99.00
-99.00
-99.00
-99.00
-99.00
0.11
-99.00
-99.00
-99.00
-99.00
-99.00
-99.00
-99.00
-99.00
-99.00
-99.00
-99.00
-99.00
-99.00
-99.00
-99.00
-99.00
1.30
-99.00
-99.00
-99.00
-99.00
-99.00
-99.00
-99.00
-99.00
-99.00
-99.00
-99.00
-99.00
-99.00
-99.00
-99.00
-99.00
-99.00
-99.00
-99.00
-99.00
-99.00
-99.00
-99.00
-99.00
-99.00
-99.00
-99.00
-99.00
3.81
-99.00
-99.00
-99.00
-99.00
-99.00
0.13
-99.00
-99.00
-99.00
-99.00
-99.00
-99.00
-99.00
-99.00
-99.00
-99.00
0.23
2.75
0.05
-99.00
-99.00
-99.00
0.73
0.69
-99.00
-99.00
-99.00
-99.00
-99.00
-99.00
-99.00
1.50
1.67
-99.00
-99.00
-99.00
-99.00
-99.00
-99.00
-99.00
-99.00
-99.00
-99.00
-99.00
-99.00
-99.00
-99.00
-99.00
-99.00
-99.00
-99.00
-99.00
0.16
-99.00
-99.00
-99.00
-99.00
-99.00
-99.00
-99.00
-99.00
1.92
3.98
-99.00
-99.00
-99.00
-99.00
-99.00
-99.00
-99.00
-99.00
-99.00
-99.00
-99.00
-99.00
-99.00
-99.00
-99.00
-99.00
-99.00
-99.00
-99.00
-99.00
-99.00
-99.00
-99.00
-99.00
-99.00
-99.00
-99.00
-99.00
-99.00
-99.00
-99.00
0.15
-99.00
-99.00
-99.00
0.44
8.30
20.51
4.42
1.78
1.51
-99.00
1.43
1.27
-99.00
-99.00
2.38
-99.00
-99.00
0.08
0.12
0.41
0.24
0.11
-99.00
-99.00
-99.00
-99.00
0.57
9.82
1.07
0.80
9.77
-99.00
0.04
-99.00
-99.00
-99.00
-99.00
0.32
5.09
4.32
0.22
6.01
5.76
26.83
4.55
20.32
2.08
15.80
4.21
0.17
0.79
1.04
4.52
4.70
0.68
0.96
7.12
0.29
1.10
-99.00
-99.00
0.04
0.05
10.08
3.03
19.44
4.63
18.92
0.08
10.28
0.03
-99.00
-99.00
23.29
0.06
6.53
6.47
4.67
6.16
1.80
-99.00
14.59
10.28
1.65
7.19
10.65
4.37
52.86
20.48
-99.00
0.01
35.50
6.78
0.52
0.34
10.30
15.03
17.34
9.16
7.28
13.11
21.83
18.65
9.28
1.55
10.11
7.35
14.20
12.76
13.72
3.86
8.57
13.32
8.00
4.89
4.70
4.01
1.66
5.29
5.87
4.49
1.72
5.13
11.26
4.76
1.30
23.78
7.70
3.00
1.37
0.64
9.02
2.00
11.94
8.30
11.24
3.22
8.22
5.23
15.29
20.33
6.69
0.33
8.44
9.14
4.56
2.25
8.27
4.86
5.47
2.96
24.61
5.46
22.38
14.48
18.94
11.56
18.69
12.13
14.02
1.57
3.90
2.34
2.47
2.83
6.13
16.87
12.19
5.02
10.14
2.60
5.67
3.03
11.52
3.54
1.55
1.45
2.55
7.84
15.57
3.99
0.19
-99.00
0.84
3.60
5.56
1.57
10.82
11.08
5.69
6.85
13.73
4.28
5.79
0.63
-99.00
-99.00
0.71
-99.00
0.17
-99.00
-99.00
2.81
-99.00
2.86
1.56
0.03
0.04
-99.00
21.64
72.04
12.47
0.03
-99.00
-99.00
-99.00
-99.00
-99.00
-99.00
-99.00
-99.00
-99.00
-99.00
-99.00
-99.00
-99.00
-99.00
-99.00
-99.00
-99.00
-99.00
-99.00
0.03
-99.00
-99.00
-99.00
-99.00
-99.00
-99.00
-99.00
-99.00
0.99
2.33
0.10
4.94
-99.00
-99.00
-99.00
-99.00
-99.00
-99.00
-99.00
-99.00
-99.00
-99.00
-99.00
-99.00
-99.00
-99.00
-99.00
-99.00
-99.00
-99.00
-99.00
-99.00
-99.00
-99.00
-99.00
-99.00
-99.00
-99.00
-99.00
-99.00
-99.00
-99.00
-99.00
-99.00
-99.00
-99.00
-99.00
-99.00
-99.00
-99.00
-99.00
-99.00
-99.00
-99.00
-99.00
-99.00
-99.00
-99.00
-99.00
-99.00
-99.00
-99.00
-99.00
-99.00
-99.00
-99.00
-99.00
-99.00
4.78
1.25
-99.00
-99.00
-99.00
-99.00
-99.00
-99.00
-99.00
-99.00
-99.00
-99.00
-99.00
-99.00
-99.00
-99.00
-99.00
-99.00
-99.00
-99.00
-99.00
-99.00
-99.00
-99.00
-99.00
-99.00
-99.00
-99.00
-99.00
-99.00
-99.00
-99.00
-99.00
-99.00
-99.00
-99.00
-99.00
-99.00
-99.00
-99.00
-99.00
-99.00
-99.00
-99.00
-99.00
0.84
-99.00
0.39
-99.00
-99.00
-99.00
-99.00
-99.00
-99.00
-99.00
-99.00
0.34
0.53
-99.00
1.21
0.03
-99.00
-99.00
0.07
0.15
-99.00
-99.00
-99.00
-99.00
-99.00
-99.00
-99.00
-99.00
-99.00
0.66
2.30
0.04
0.27
0.20
-99.00
1.97
-99.00
2.73
0.38
0.06
0.28
-99.00
1.03
1.83
0.91
-99.00
-99.00
0.17
0.08
-99.00
3.44
2.54
0.48
-99.00
20.28
41.09
5.29
8.86
9.79
0.06
13.98
4.63
0.51
0.15
10.39
2.37
17.20
7.00
0.02
-99.00
-99.00
1.97
10.55
1.51
0.17
20.77
10.03
37.27
1.41
33.78
2.53
0.97
0.40
-99.00
-99.00
4.51
11.55
10.56
0.01
-99.00
0.01
0.69
0.14
11.14
0.12
-99.00
-99.00
-99.00
0.65
-99.00
0.07
3.02
5.02
3.65
5.09
1.97
7.27
14.44
17.06
7.65
6.02
8.25
12.03
7.05
3.62
7.67
8.13
12.31
2.93
15.68
59.99
24.61
9.98
0.51
3.34
22.29
9.52
50.98
11.10
8.08
6.48
7.54
5.17
3.74
4.58
3.18
2.95
6.24
3.68
16.43
1.78
8.48
18.26
42.67
28.17
26.68
24.10
17.44
12.00
0.53
2.10
3.73
4.60
6.33
6.87
11.49
26.05
9.97
15.27
0.52
-99.00
4.85
0.73
1.62
6.17
10.75
8.25
7.60
0.93
1.84
1.70
2.10
7.56
8.26
6.93
20.12
3.29
7.59
13.44
0.10
3.13
0.75
19.32
6.49
0.63
6.19
1.52
4.43
0.02
4.40
2.87
12.09
17.80
25.52
13.66
5.85
11.64
4.20
0.59
17.72
5.61
1.81
2.45
0.32
4.55
17.72
14.17
28.23
102.99
242.39
52.25
7.46
18.86
8.87
9.91
3.72
1.70
11.31
16.77
30.70
15.77
31.17
-99.00
0.02
0.70
3.24
2.33
7.21
7.01
0.10
-99.00
-99.00
0.18
-99.00
-99.00
-99.00
-99.00
-99.00
-99.00
-99.00
-99.00
-99.00
-99.00
-99.00
-99.00
0.57
1.73
1.46
-99.00
1.33
0.44
6.66
116.05
20.49
2.50
1.16
-99.00
-99.00
-99.00
-99.00
-99.00
0.07
0.05
-99.00
-99.00
-99.00
-99.00
-99.00
-99.00
-99.00
-99.00
-99.00
-99.00
-99.00
-99.00
-99.00
-99.00
-99.00
-99.00
-99.00
-99.00
-99.00
-99.00
-99.00
-99.00
-99.00
-99.00
-99.00
0.01
0.29
-99.00
-99.00
-99.00
-99.00
-99.00
-99.00
-99.00
-99.00
-99.00
-99.00
-99.00
-99.00
0.78
0.01
-99.00
-99.00
-99.00
-99.00
-99.00
-99.00
-99.00
-99.00
-99.00
-99.00
-99.00
-99.00
1.12
0.54
-99.00
-99.00
-99.00
-99.00
-99.00
-99.00
-99.00
-99.00
-99.00
-99.00
-99.00
-99.00
-99.00
-99.00
-99.00
-99.00
-99.00
-99.00
-99.00
-99.00
-99.00
0.07
0.14
-99.00
-99.00
-99.00
-99.00
-99.00
0.53
-99.00
-99.00
-99.00
-99.00
-99.00
-99.00
-99.00
-99.00
-99.00
-99.00
-99.00
-99.00
-99.00
-99.00
-99.00
-99.00
1.55
0.54
0.38
0.25
0.03
4.44
0.02
-99.00
-99.00
1.53
3.16
0.86
3.19
1.37
0.09
15.03
1.25
-99.00
-99.00
-99.00
-99.00
3.10
-99.00
1.41
0.03
-99.00
-99.00
-99.00
-99.00
-99.00
-99.00
-99.00
0.25
-99.00
-99.00
-99.00
-99.00
-99.00
0.40
-99.00
-99.00
-99.00
3.48
1.69
0.98
0.43
0.53
-99.00
-99.00
-99.00
-99.00
0.62
-99.00
-99.00
1.40
14.31
9.37
70.54
1.13
24.47
0.30
2.73
45.61
0.03
11.84
14.60
1.01
1.33
2.25
11.20
-99.00
-99.00
1.81
0.05
-99.00
-99.00
-99.00
-99.00
-99.00
-99.00
0.05
-99.00
-99.00
-99.00
0.82
-99.00
11.44
0.06
7.87
-99.00
0.79
-99.00
-99.00
0.07
-99.00
17.60
5.69
64.67
0.72
1.95
0.71
3.39
8.19
0.59
10.94
3.47
13.81
0.36
-99.00
0.13
1.58
0.84
23.06
43.06
23.85
3.05
2.64
1.83
0.14
-99.00
-99.00
0.03
-99.00
-99.00
5.76
45.64
3.68
27.97
9.08
10.67
13.99
26.41
8.95
27.01
5.18
8.92
4.14
8.28
25.98
12.53
3.07
3.64
6.36
17.25
8.16
12.22
2.76
41.71
7.06
35.37
19.77
24.54
11.84
9.55
65.98
33.05
12.69
3.48
3.38
8.74
1.46
2.27
0.15
1.69
0.15
0.78
1.57
9.61
7.49
0.47
0.81
3.02
0.14
30.29
39.28
12.11
3.00
2.02
23.70
137.22
74.05
40.74
11.06
3.25
2.90
7.68
3.70
6.42
6.77
4.11
2.58
3.27
1.66
3.12
7.18
10.11
24.34
8.24
3.81
3.54
2.23
1.18
2.34
-99.00
0.47
2.11
4.67
12.71
24.80
33.77
2.92
7.23
1.72
1.47
0.87
0.38
0.06
-99.00
-99.00
-99.00
-99.00
1.80
2.52
20.48
24.57
0.45
-99.00
-99.00
-99.00
-99.00
-99.00
1.23
-99.00
-99.00
-99.00
14.39
0.06
-99.00
-99.00
-99.00
-99.00
0.42
-99.00
-99.00
-99.00
-99.00
-99.00
-99.00
-99.00
0.38
0.29
-99.00
-99.00
-99.00
-99.00
-99.00
-99.00
-99.00
1.38
2.07
8.13
21.04
0.01
-99.00
-99.00
-99.00
-99.00
-99.00
-99.00
-99.00
-99.00
-99.00
-99.00
-99.00
-99.00
-99.00
-99.00
-99.00
-99.00
-99.00
-99.00
-99.00
-99.00
-99.00
-99.00
-99.00
-99.00
-99.00
0.24
6.75
-99.00
-99.00
-99.00
-99.00
-99.00
-99.00
-99.00
-99.00
-99.00
-99.00
-99.00
-99.00
-99.00
-99.00
-99.00
-99.00
-99.00
-99.00
-99.00
-99.00
-99.00
-99.00
-99.00
-99.00
-99.00
-99.00
-99.00
-99.00
-99.00
-99.00
-99.00
-99.00
-99.00
-99.00
-99.00
-99.00
-99.00
-99.00
-99.00
-99.00
-99.00
-99.00
-99.00
-99.00
-99.00
-99.00
-99.00
-99.00
-99.00
-99.00
-99.00
-99.00
-99.00
-99.00
-99.00
-99.00
-99.00
-99.00
-99.00
-99.00
-99.00
-99.00
0.05
0.69
9.21
0.04
-99.00
-99.00
-99.00
-99.00
0.05
23.09
4.48
0.90
-99.00
-99.00
0.72
0.06
7.50
0.02
-99.00
-99.00
-99.00
-99.00
7.69
0.53
-99.00
-99.00
1.27
-99.00
13.85
8.50
-99.00
-99.00
-99.00
1.22
0.70
0.41
-99.00
-99.00
-99.00
-99.00
-99.00
-99.00
-99.00
-99.00
-99.00
-99.00
-99.00
-99.00
-99.00
-99.00
-99.00
-99.00
-99.00
-99.00
-99.00
-99.00
-99.00
-99.00
-99.00
-99.00
0.70
2.88
7.67
0.01
-99.00
-99.00
11.47
28.97
2.95
1.07
0.02
2.83
0.44
-99.00
12.50
0.69
1.12
-99.00
0.09
6.36
4.52
5.58
3.77
9.79
0.03
0.22
0.05
-99.00
14.24
47.30
0.05
13.65
20.30
11.62
3.57
7.10
41.67
36.42
3.07
0.14
4.17
1.92
2.55
-99.00
-99.00
7.85
51.98
11.39
-99.00
3.28
2.00
1.62
-99.00
3.64
7.25
10.35
15.90
12.71
41.20
82.67
52.52
27.95
21.62
31.63
9.10
2.42
-99.00
0.94
5.13
13.21
15.62
33.01
5.50
60.68
18.81
4.68
5.52
0.57
20.46
14.58
8.13
8.87
32.60
29.13
21.02
26.73
8.10
8.10
18.13
8.63
1.24
3.28
3.13
8.07
5.04
17.61
1.47
1.67
1.42
10.84
16.81
7.42
19.44
7.70
1.15
0.19
1.26
2.54
6.37
3.72
10.08
17.64
25.55
4.14
17.37
21.17
25.20
10.33
14.17
11.03
2.16
2.07
15.93
1.42
4.25
4.75
3.66
2.36
6.97
9.16
32.70
16.55
8.96
0.36
-99.00
0.16
7.87
4.48
5.75
3.02
1.79
5.51
11.05
6.17
2.59
7.83
4.13
10.13
9.04
1.61
0.66
3.88
7.58
2.14
2.22
16.63
0.38
0.83
9.21
2.93
0.30
5.32
0.26
0.07
1.10
-99.00
-99.00
-99.00
4.56
1.20
4.69
6.46
3.47
10.39
2.08
4.77
0.24
-99.00
-99.00
-99.00
-99.00
9.01
9.56
-99.00
-99.00
-99.00
-99.00
19.24
24.25
-99.00
-99.00
-99.00
-99.00
-99.00
-99.00
-99.00
-99.00
-99.00
-99.00
-99.00
0.03
-99.00
-99.00
-99.00
-99.00
-99.00
-99.00
-99.00
-99.00
-99.00
-99.00
-99.00
-99.00
-99.00
-99.00
-99.00
-99.00
-99.00
-99.00
-99.00
-99.00
-99.00
-99.00
-99.00
-99.00
-99.00
-99.00
1.77
34.99
82.95
0.92
0.24
-99.00
-99.00
-99.00
-99.00
-99.00
-99.00
-99.00
-99.00
-99.00
-99.00
-99.00
-99.00
-99.00
-99.00
-99.00
-99.00
-99.00
-99.00
-99.00
-99.00
-99.00
-99.00
-99.00
-99.00
-99.00
-99.00
-99.00
-99.00
-99.00
-99.00
-99.00
-99.00
0.11
-99.00
-99.00
-99.00
-99.00
-99.00
-99.00
-99.00
-99.00
-99.00
-99.00
-99.00
-99.00
-99.00
-99.00
-99.00
-99.00
-99.00
-99.00
-99.00
-99.00
-99.00
-99.00
-99.00
-99.00
-99.00
-99.00
-99.00
-99.00
-99.00
-99.00
-99.00
-99.00
-99.00
-99.00
-99.00
-99.00
-99.00
-99.00
-99.00
-99.00
-99.00
2.64
-99.00
-99.00
-99.00
-99.00
2.02
-99.00
-99.00
3.29
-99.00
-99.00
-99.00
-99.00
-99.00
-99.00
-99.00
-99.00
-99.00
-99.00
-99.00
-99.00
-99.00
-99.00
-99.00
-99.00
0.35
-99.00
0.01
-99.00
-99.00
0.10
-99.00
-99.00
-99.00
-99.00
-99.00
-99.00
-99.00
-99.00
-99.00
-99.00
-99.00
-99.00
1.19
0.04
1.49
0.38
-99.00
-99.00
-99.00
-99.00
-99.00
-99.00
-99.00
-99.00
-99.00
-99.00
-99.00
-99.00
-99.00
-99.00
-99.00
0.25
-99.00
-99.00
-99.00
-99.00
-99.00
-99.00
-99.00
-99.00
-99.00
19.60
0.97
36.47
0.45
0.76
-99.00
-99.00
-99.00
-99.00
-99.00
-99.00
-99.00
-99.00
-99.00
-99.00
-99.00
28.35
0.07
1.62
20.92
16.03
7.02
-99.00
0.94
4.76
2.53
12.93
0.85
9.16
34.56
15.87
4.58
-99.00
4.05
0.85
8.35
-99.00
19.46
0.06
0.46
0.21
3.42
0.02
-99.00
5.56
2.78
8.94
41.31
31.49
13.10
12.86
3.48
2.33
6.95
11.20
23.20
12.18
1.63
6.20
2.67
-99.00
0.82
3.98
4.80
6.54
18.23
24.72
4.77
8.80
19.29
12.53
13.89
3.21
2.07
0.46
13.14
8.95
23.70
4.12
0.16
1.23
0.39
2.37
3.06
7.84
1.71
2.21
1.25
3.61
3.26
1.49
12.15
29.18
31.52
0.49
9.35
12.51
5.77
3.85
2.98
3.82
1.84
1.68
5.14
2.78
1.18
9.24
4.64
1.69
0.27
3.69
1.37
3.60
5.05
1.95
1.49
3.83
2.87
6.34
8.98
2.52
0.54
1.73
0.07
3.88
5.59
9.55
3.04
0.42
3.81
24.41
19.44
1.39
0.20
0.13
0.21
3.47
12.97
20.22
15.14
16.85
-99.00
0.42
0.50
0.48
5.40
5.10
11.53
26.78
4.48
1.61
3.20
14.93
21.00
11.59
6.22
1.08
0.66
-99.00
-99.00
2.73
0.44
3.15
0.35
29.46
28.05
25.71
0.44
0.29
-99.00
-99.00
-99.00
3.85
64.37
12.95
-99.00
-99.00
0.09
0.39
10.75
33.40
11.89
0.74
0.22
-99.00
-99.00
0.10
-99.00
-99.00
-99.00
-99.00
-99.00
-99.00
-99.00
-99.00
-99.00
0.07
-99.00
-99.00
-99.00
-99.00
0.76
-99.00
-99.00
-99.00
-99.00
-99.00
-99.00
-99.00
-99.00
-99.00
-99.00
-99.00
-99.00
-99.00
-99.00
-99.00
-99.00
-99.00
-99.00
-99.00
-99.00
-99.00
-99.00
-99.00
-99.00
-99.00
-99.00
-99.00
-99.00
-99.00
-99.00
-99.00
-99.00
-99.00
-99.00
-99.00
-99.00
-99.00
-99.00
-99.00
-99.00
0.54
0.75
-99.00
-99.00
-99.00
-99.00
-99.00
-99.00
-99.00
-99.00
-99.00
-99.00
-99.00
-99.00
-99.00
-99.00
-99.00
-99.00
-99.00
-99.00
-99.00
-99.00
-99.00
-99.00
-99.00
-99.00
-99.00
-99.00
-99.00
-99.00
-99.00
-99.00
-99.00
-99.00
-99.00
-99.00
-99.00
-99.00
-99.00
0.36
0.34
-99.00
0.02
-99.00
-99.00
-99.00
-99.00
0.29
-99.00
-99.00
0.12
11.17
0.01
0.38
1.84
23.25
1.24
10.27
2.76
0.15
-99.00
0.04
7.32
2.34
-99.00
-99.00
22.53
13.17
1.86
0.04
-99.00
8.18
-99.00
-99.00
-99.00
-99.00
-99.00
7.28
6.80
-99.00
0.11
-99.00
-99.00
-99.00
-99.00
-99.00
-99.00
-99.00
19.75
36.44
19.22
-99.00
13.22
3.78
16.38
0.13
10.12
24.80
1.65
5.96
1.96
-99.00
0.22
7.21
0.24
0.51
-99.00
-99.00
-99.00
-99.00
0.80
-99.00
-99.00
-99.00
-99.00
2.31
0.05
-99.00
-99.00
-99.00
1.18
3.88
12.74
-99.00
2.47
0.13
-99.00
2.02
8.23
0.20
10.82
0.05
-99.00
0.57
-99.00
-99.00
9.34
1.14
14.66
12.27
35.75
3.44
0.03
-99.00
0.07
8.63
14.35
-99.00
9.06
-99.00
0.83
35.69
5.96
4.88
1.22
36.50
-99.00
11.25
8.46
25.84
6.81
1.35
36.49
0.25
-99.00
1.13
5.93
7.84
0.26
3.70
8.39
9.51
3.61
4.80
0.46
11.91
5.71
8.12
22.92
7.40
9.79
12.52
1.35
12.14
9.87
6.77
4.71
9.60
6.42
26.00
43.58
16.37
25.30
6.27
3.61
28.61
31.92
5.41
9.23
8.87
3.70
16.39
16.18
4.17
8.25
6.90
11.27
26.99
3.03
0.80
6.54
11.29
3.87
10.17
17.46
22.13
14.36
2.39
9.28
25.80
8.13
5.01
10.79
4.55
17.43
2.15
2.20
4.95
0.27
0.49
2.11
4.50
11.47
15.59
5.47
1.27
0.11
1.57
3.08
6.02
6.36
2.33
2.19
16.74
6.77
1.79
3.64
3.83
0.02
0.45
45.45
15.48
10.62
5.88
3.22
4.72
4.86
2.25
2.19
12.23
3.44
3.51
6.82
3.10
0.15
2.41
10.59
13.63
10.49
1.41
2.94
0.25
0.60
6.25
13.36
5.42
9.17
2.37
11.20
7.00
6.36
19.43
36.16
31.86
0.01
2.26
22.63
31.97
8.74
-99.00
-99.00
0.05
0.95
3.27
0.45
-99.00
-99.00
-99.00
-99.00
-99.00
-99.00
-99.00
-99.00
-99.00
-99.00
-99.00
-99.00
-99.00
-99.00
-99.00
-99.00
-99.00
-99.00
21.75
17.06
6.41
14.80
4.68
-99.00
-99.00
2.74
3.42
-99.00
0.03
-99.00
-99.00
-99.00
-99.00
-99.00
-99.00
-99.00
-99.00
-99.00
-99.00
-99.00
-99.00
-99.00
-99.00
-99.00
-99.00
-99.00
-99.00
-99.00
-99.00
-99.00
-99.00
-99.00
-99.00
-99.00
-99.00
-99.00
-99.00
-99.00
-99.00
-99.00
-99.00
-99.00
3.04
8.17
-99.00
-99.00
-99.00
-99.00
-99.00
-99.00
-99.00
-99.00
-99.00
-99.00
-99.00
-99.00
-99.00
0.39
8.39
6.11
-99.00
-99.00
-99.00
-99.00
-99.00
-99.00
0.08
-99.00
0.40
-99.00
-99.00
-99.00
-99.00
-99.00
-99.00
-99.00
-99.00
-99.00
-99.00
-99.00
-99.00
-99.00
-99.00
-99.00
-99.00
-99.00
-99.00
-99.00
0.25
6.54
13.19
9.25
-99.00
-99.00
-99.00
-99.00
-99.00
-99.00
-99.00
-99.00
-99.00
-99.00
-99.00
-99.00
-99.00
-99.00
-99.00
-99.00
-99.00
-99.00
0.01
-99.00
-99.00
0.09
-99.00
9.81
-99.00
-99.00
-99.00
-99.00
0.02
0.45
0.07
-99.00
-99.00
-99.00
-99.00
3.54
12.99
-99.00
-99.00
-99.00
-99.00
-99.00
-99.00
-99.00
-99.00
-99.00
-99.00
3.70
-99.00
-99.00
0.34
0.04
4.36
0.12
2.77
-99.00
-99.00
-99.00
-99.00
-99.00
-99.00
0.56
1.59
5.11
17.03
0.54
-99.00
6.81
0.28
0.12
-99.00
-99.00
-99.00
-99.00
0.31
-99.00
1.13
0.89
0.17
0.61
-99.00
-99.00
15.38
15.77
2.22
-99.00
-99.00
17.63
-99.00
5.85
-99.00
-99.00
2.11
1.80
0.35
0.24
0.26
2.95
-99.00
13.52
0.04
2.95
7.16
1.77
5.61
1.65
14.75
6.16
4.58
-99.00
0.99
8.25
18.66
0.57
1.43
2.80
44.77
15.81
1.37
15.48
9.38
43.81
10.41
1.68
35.16
42.42
23.05
34.52
7.86
8.81
11.53
20.18
9.56
18.96
1.73
0.16
2.18
2.23
5.75
-99.00
19.13
0.10
4.52
5.21
3.38
8.54
2.45
2.53
4.44
7.77
12.39
1.41
2.11
2.63
7.25
4.13
1.47
1.88
0.96
0.23
4.49
12.61
23.07
18.51
32.25
22.38
52.62
10.77
11.93
0.48
1.22
0.79
1.38
4.31
17.59
8.14
3.92
5.72
37.58
57.68
22.73
9.34
1.14
0.36
1.45
6.00
3.80
2.41
3.80
4.44
5.66
4.95
28.50
4.18
2.00
0.24
20.73
19.03
9.18
5.62
8.11
5.86
11.65
6.85
11.61
1.02
9.15
13.13
5.20
10.19
9.36
19.47
16.70
28.83
13.21
13.31
12.60
18.81
2.27
0.21
9.38
4.04
7.70
0.59
3.97
1.34
0.07
0.02
5.37
0.92
6.23
27.52
14.23
19.95
0.13
-99.00
0.55
0.09
-99.00
1.80
9.09
8.51
12.32
10.24
4.72
3.53
1.05
1.78
2.64
60.25
39.56
14.49
0.12
-99.00
-99.00
-99.00
-99.00
-99.00
-99.00
-99.00
-99.00
4.73
2.12
-99.00
0.34
0.02
6.83
43.50
3.49
-99.00
0.04
0.58
0.38
-99.00
-99.00
-99.00
-99.00
-99.00
-99.00
-99.00
-99.00
-99.00
-99.00
-99.00
-99.00
-99.00
2.99
-99.00
-99.00
-99.00
-99.00
-99.00
-99.00
-99.00
-99.00
-99.00
-99.00
-99.00
-99.00
-99.00
-99.00
-99.00
-99.00
-99.00
-99.00
-99.00
-99.00
-99.00
-99.00
-99.00
-99.00
-99.00
-99.00
-99.00
-99.00
-99.00
-99.00
-99.00
-99.00
-99.00
-99.00
1.94
8.58
16.22
5.11
-99.00
-99.00
-99.00
-99.00
-99.00
-99.00
-99.00
-99.00
-99.00
-99.00
-99.00
-99.00
-99.00
-99.00
-99.00
-99.00
-99.00
-99.00
-99.00
-99.00
-99.00
-99.00
-99.00
-99.00
-99.00
0.70
7.49
-99.00
-99.00
-99.00
-99.00
-99.00
-99.00
-99.00
-99.00
5.29
5.92
4.38
-99.00
-99.00
0.58
0.27
33.11
-99.00
-99.00
-99.00
-99.00
-99.00
-99.00
2.85
-99.00
-99.00
11.13
0.05
-99.00
10.36
7.53
5.69
20.26
2.90
-99.00
0.22
-99.00
-99.00
-99.00
-99.00
-99.00
-99.00
-99.00
-99.00
-99.00
-99.00
-99.00
-99.00
-99.00
-99.00
0.10
-99.00
-99.00
-99.00
-99.00
-99.00
-99.00
-99.00
-99.00
-99.00
-99.00
-99.00
-99.00
-99.00
-99.00
-99.00
-99.00
-99.00
-99.00
0.07
-99.00
-99.00
-99.00
-99.00
-99.00
0.04
0.40
-99.00
-99.00
-99.00
-99.00
-99.00
-99.00
-99.00
1.02
0.95
-99.00
-99.00
-99.00
-99.00
-99.00
0.90
-99.00
-99.00
0.16
-99.00
-99.00
-99.00
-99.00
4.73
13.80
2.34
6.68
24.69
1.84
2.38
-99.00
-99.00
-99.00
-99.00
-99.00
-99.00
-99.00
0.67
-99.00
1.47
-99.00
0.72
2.39
27.50
22.45
2.39
0.31
0.27
12.42
19.78
5.89
5.74
0.11
3.83
-99.00
-99.00
-99.00
-99.00
-99.00
-99.00
-99.00
-99.00
0.38
2.90
3.61
3.92
6.42
11.71
0.39
-99.00
14.73
4.20
4.85
5.40
12.65
13.36
9.38
19.90
33.28
1.94
17.90
1.27
5.77
5.97
8.13
2.18
12.72
8.96
4.02
15.26
6.28
11.68
4.19
16.16
21.07
16.98
0.34
6.48
2.67
2.85
7.81
11.96
6.21
38.99
17.08
14.36
5.05
7.48
0.25
3.44
6.29
16.83
6.63
1.12
1.70
17.45
3.19
9.16
6.64
2.92
5.37
51.52
3.22
7.78
6.28
0.71
-99.00
15.77
8.98
6.40
11.90
3.74
5.28
3.85
6.58
9.78
6.46
2.08
2.28
2.52
1.40
6.98
16.84
0.57
0.35
-99.00
0.36
0.70
11.57
13.42
2.96
0.52
4.00
5.19
2.89
1.60
10.01
21.58
8.51
2.68
0.97
-99.00
0.22
3.24
-99.00
0.84
-99.00
-99.00
0.11
6.77
6.87
10.32
5.57
23.29
14.48
1.14
-99.00
-99.00
0.02
0.80
1.98
0.27
1.25
-99.00
0.49
2.08
0.79
3.33
3.80
2.63
19.33
0.85
5.17
0.24
2.16
7.99
24.54
8.84
-99.00
-99.00
-99.00
-99.00
-99.00
-99.00
-99.00
-99.00
-99.00
-99.00
-99.00
0.55
-99.00
-99.00
-99.00
-99.00
-99.00
-99.00
-99.00
-99.00
-99.00
-99.00
-99.00
-99.00
-99.00
-99.00
-99.00
-99.00
-99.00
-99.00
-99.00
-99.00
-99.00
0.83
-99.00
0.09
-99.00
-99.00
0.09
0.04
0.15
-99.00
-99.00
-99.00
-99.00
-99.00
-99.00
-99.00
-99.00
-99.00
-99.00
-99.00
-99.00
-99.00
-99.00
-99.00
-99.00
-99.00
-99.00
-99.00
-99.00
-99.00
-99.00
-99.00
-99.00
-99.00
-99.00
-99.00
-99.00
-99.00
-99.00
-99.00
-99.00
-99.00
-99.00
-99.00
-99.00
-99.00
-99.00
-99.00
-99.00
0.07
19.55
0.07
-99.00
-99.00
-99.00
-99.00
-99.00
-99.00
-99.00
-99.00
-99.00
-99.00
-99.00
-99.00
-99.00
-99.00
-99.00
-99.00
-99.00
-99.00
0.37
-99.00
-99.00
-99.00
-99.00
-99.00
-99.00
-99.00
-99.00
-99.00
-99.00
-99.00
-99.00
-99.00
-99.00
-99.00
-99.00
0.81
14.43
2.35
17.40
-99.00
-99.00
-99.00
-99.00
-99.00
-99.00
-99.00
-99.00
-99.00
-99.00
-99.00
-99.00
-99.00
-99.00
-99.00
-99.00
-99.00
-99.00
-99.00
-99.00
0.03
-99.00
-99.00
-99.00
-99.00
0.14
2.33
5.81
16.91
29.87
3.21
46.35
23.33
-99.00
-99.00
-99.00
-99.00
-99.00
-99.00
2.04
-99.00
-99.00
-99.00
-99.00
-99.00
10.71
-99.00
-99.00
15.65
6.52
0.03
-99.00
2.65
2.47
-99.00
0.84
1.43
0.91
-99.00
0.07
16.00
-99.00
-99.00
3.58
0.65
15.37
12.66
3.93
27.40
22.43
4.21
0.09
0.01
6.30
35.31
7.12
5.67
-99.00
9.51
0.42
5.15
-99.00
-99.00
4.42
0.05
42.76
-99.00
0.15
-99.00
-99.00
0.42
-99.00
2.77
1.28
2.71
10.21
10.22
6.94
0.46
30.01
7.03
6.88
4.23
-99.00
5.63
19.08
9.50
1.46
1.37
9.39
10.48
1.50
1.36
39.91
42.82
50.68
27.40
0.90
2.18
76.29
28.49
1.84
3.85
11.24
5.57
1.55
0.11
5.52
9.07
2.35
0.64
1.17
4.02
3.04
5.36
2.57
1.95
3.98
3.75
3.11
0.60
2.71
22.52
30.62
5.45
7.73
3.41
17.01
0.98
38.54
45.74
45.38
7.08
6.93
1.77
5.25
0.42
2.13
2.26
6.83
5.89
10.80
12.81
34.25
16.35
1.70
0.20
5.87
14.45
4.26
6.98
16.85
1.12
5.09
3.14
2.79
1.89
4.36
7.21
22.88
11.23
9.52
29.33
14.76
23.86
4.35
3.52
2.02
1.96
6.32
8.84
11.31
12.32
23.72
0.72
0.83
10.59
5.44
9.74
4.78
-99.00
11.21
16.58
9.54
4.15
3.20
3.85
2.84
-99.00
25.26
0.59
0.91
3.10
14.23
3.71
5.46
3.06
6.32
6.22
27.97
0.26
15.52
9.22
2.67
0.55
-99.00
3.59
3.25
1.58
-99.00
0.46
0.06
0.25
9.01
7.96
20.06
5.86
5.80
0.18
4.35
8.48
-99.00
0.32
-99.00
-99.00
-99.00
-99.00
-99.00
-99.00
-99.00
-99.00
11.97
0.74
1.37
7.16
-99.00
-99.00
-99.00
-99.00
-99.00
-99.00
-99.00
-99.00
-99.00
-99.00
-99.00
-99.00
-99.00
-99.00
-99.00
-99.00
-99.00
-99.00
-99.00
-99.00
-99.00
-99.00
-99.00
-99.00
-99.00
-99.00
-99.00
-99.00
-99.00
-99.00
-99.00
-99.00
-99.00
-99.00
-99.00
-99.00
-99.00
-99.00
-99.00
-99.00
-99.00
-99.00
-99.00
-99.00
-99.00
-99.00
-99.00
-99.00
-99.00
-99.00
-99.00
-99.00
-99.00
-99.00
-99.00
-99.00
-99.00
-99.00
-99.00
-99.00
-99.00
-99.00
-99.00
-99.00
-99.00
-99.00
-99.00
-99.00
-99.00
-99.00
-99.00
-99.00
0.04
3.74
-99.00
-99.00
-99.00
-99.00
-99.00
-99.00
-99.00
-99.00
-99.00
-99.00
-99.00
-99.00
-99.00
0.82
0.16
4.17
8.91
-99.00
-99.00
-99.00
-99.00
-99.00
0.97
0.57
-99.00
-99.00
-99.00
-99.00
-99.00
0.27
-99.00
-99.00
-99.00
-99.00
-99.00
0.77
0.61
-99.00
-99.00
-99.00
-99.00
-99.00
-99.00
-99.00
-99.00
-99.00
-99.00
-99.00
-99.00
-99.00
-99.00
-99.00
-99.00
-99.00
-99.00
-99.00
-99.00
-99.00
-99.00
-99.00
-99.00
-99.00
-99.00
-99.00
-99.00
-99.00
-99.00
-99.00
2.96
8.70
0.68
6.30
15.48
0.18
3.60
23.92
15.68
-99.00
0.14
0.09
1.66
-99.00
-99.00
-99.00
-99.00
-99.00
-99.00
-99.00
-99.00
0.09
5.47
7.14
4.06
0.24
24.57
32.21
0.02
-99.00
0.93
-99.00
-99.00
-99.00
-99.00
1.34
3.99
-99.00
-99.00
0.22
0.56
0.16
2.79
11.62
2.70
8.02
-99.00
0.19
1.54
0.61
0.50
5.09
15.91
28.51
0.08
16.33
0.83
0.18
6.29
4.23
20.97
4.26
-99.00
-99.00
-99.00
0.04
-99.00
0.95
-99.00
0.34
6.65
24.91
-99.00
1.16
5.14
0.35
11.57
25.41
11.52
13.99
7.41
9.57
13.78
30.51
14.78
5.49
5.16
3.59
8.70
4.05
3.79
6.45
8.10
55.44
37.09
16.75
0.64
1.21
12.18
6.99
1.35
0.37
34.15
16.84
5.78
1.45
1.30
5.49
3.78
10.99
7.38
2.78
5.56
6.00
6.95
7.93
4.46
6.82
12.25
3.92
1.00
3.69
5.13
10.71
17.57
16.13
13.07
1.76
-99.00
34.63
6.59
0.71
4.06
6.31
8.31
0.38
7.83
22.61
50.38
10.29
5.11
30.95
4.76
-99.00
2.55
6.33
3.85
0.51
4.24
6.56
7.79
22.62
3.30
3.87
3.18
6.03
3.49
2.04
11.08
4.14
2.82
1.37
8.97
8.09
4.65
0.02
18.99
11.40
9.30
5.79
0.43
3.23
3.32
1.99
1.35
6.10
11.82
8.01
0.05
-99.00
-99.00
-99.00
0.07
-99.00
-99.00
-99.00
-99.00
-99.00
0.46
3.61
2.54
1.27
9.15
22.13
5.87
5.33
2.40
8.60
0.06
0.09
-99.00
-99.00
-99.00
-99.00
-99.00
0.02
-99.00
-99.00
-99.00
0.78
2.74
0.02
0.73
0.34
-99.00
-99.00
0.21
-99.00
-99.00
-99.00
-99.00
1.39
1.32
-99.00
-99.00
-99.00
-99.00
0.19
0.06
-99.00
0.03
-99.00
-99.00
-99.00
-99.00
-99.00
-99.00
-99.00
-99.00
-99.00
-99.00
0.09
-99.00
1.48
-99.00
-99.00
-99.00
-99.00
-99.00
-99.00
-99.00
-99.00
-99.00
-99.00
-99.00
-99.00
-99.00
-99.00
-99.00
-99.00
-99.00
-99.00
-99.00
-99.00
-99.00
-99.00
-99.00
-99.00
-99.00
-99.00
-99.00
-99.00
-99.00
-99.00
-99.00
-99.00
-99.00
-99.00
-99.00
-99.00
-99.00
-99.00
-99.00
-99.00
-99.00
-99.00
-99.00
-99.00
1.86
1.39
0.08
-99.00
1.06
-99.00
-99.00
-99.00
-99.00
1.28
0.08
-99.00
-99.00
-99.00
-99.00
-99.00
-99.00
-99.00
-99.00
-99.00
-99.00
-99.00
-99.00
-99.00
-99.00
-99.00
-99.00
-99.00
-99.00
-99.00
-99.00
-99.00
-99.00
0.14
1.49
-99.00
-99.00
-99.00
-99.00
-99.00
-99.00
24.37
2.42
-99.00
-99.00
3.76
6.72
0.90
-99.00
-99.00
19.43
1.54
-99.00
-99.00
-99.00
-99.00
-99.00
-99.00
-99.00
-99.00
-99.00
-99.00
-99.00
-99.00
-99.00
-99.00
-99.00
-99.00
-99.00
-99.00
-99.00
-99.00
-99.00
-99.00
-99.00
-99.00
-99.00
-99.00
11.44
0.06
-99.00
4.07
0.01
-99.00
-99.00
-99.00
-99.00
-99.00
-99.00
-99.00
5.50
1.39
-99.00
2.54
6.84
0.11
-99.00
-99.00
-99.00
-99.00
-99.00
-99.00
2.15
-99.00
-99.00
-99.00
-99.00
0.53
-99.00
0.14
-99.00
-99.00
0.10
-99.00
-99.00
1.88
-99.00
6.86
-99.00
-99.00
0.12
0.11
2.26
4.44
7.90
5.13
19.50
44.37
71.80
6.83
-99.00
-99.00
-99.00
0.26
-99.00
-99.00
-99.00
-99.00
-99.00
-99.00
-99.00
-99.00
-99.00
-99.00
-99.00
0.30
5.00
15.05
5.64
10.81
11.99
7.57
0.85
19.32
14.79
64.93
5.72
-99.00
0.11
0.21
84.45
4.77
23.49
7.12
18.62
18.07
12.01
15.68
11.08
0.65
1.40
2.03
3.97
4.65
35.13
18.28
3.91
16.98
44.73
2.35
1.94
1.44
15.19
4.04
3.28
7.38
6.53
9.49
5.69
17.00
11.26
3.88
8.47
10.68
17.62
20.72
9.71
4.09
0.28
23.54
24.02
3.47
1.85
13.03
10.11
4.60
10.72
26.67
16.63
8.12
3.94
3.94
18.69
11.11
1.11
20.14
25.78
31.00
11.92
13.19
9.70
4.42
16.25
27.98
33.28
5.18
5.49
6.38
0.16
0.23
1.09
1.06
0.03
2.55
1.81
1.53
7.81
32.51
7.77
13.66
10.47
2.46
6.40
0.20
5.74
1.39
1.87
1.50
-99.00
0.47
0.63
28.10
30.84
7.81
1.08
0.63
0.02
-99.00
4.52
6.41
14.30
18.93
11.68
7.09
17.33
1.76
-99.00
-99.00
-99.00
10.97
3.49
3.82
2.34
39.51
3.08
0.07
3.93
5.84
0.01
-99.00
-99.00
0.18
2.66
8.84
1.52
0.65
1.77
-99.00
-99.00
-99.00
-99.00
-99.00
-99.00
-99.00
0.05
1.13
3.99
0.22
-99.00
-99.00
-99.00
-99.00
-99.00
0.38
13.02
99.69
18.62
0.05
-99.00
-99.00
-99.00
-99.00
0.32
3.54
2.17
0.53
-99.00
-99.00
-99.00
-99.00
8.51
6.41
-99.00
-99.00
-99.00
-99.00
-99.00
-99.00
-99.00
-99.00
-99.00
-99.00
-99.00
-99.00
-99.00
-99.00
-99.00
-99.00
-99.00
-99.00
-99.00
-99.00
-99.00
-99.00
-99.00
-99.00
-99.00
-99.00
-99.00
0.11
0.01
-99.00
-99.00
-99.00
-99.00
-99.00
-99.00
-99.00
-99.00
-99.00
-99.00
0.08
-99.00
-99.00
-99.00
-99.00
-99.00
-99.00
0.93
0.20
-99.00
-99.00
-99.00
1.21
0.76
-99.00
-99.00
-99.00
-99.00
-99.00
-99.00
-99.00
-99.00
-99.00
-99.00
-99.00
-99.00
-99.00
-99.00
-99.00
-99.00
-99.00
-99.00
-99.00
-99.00
-99.00
-99.00
-99.00
-99.00
-99.00
-99.00
-99.00
-99.00
-99.00
-99.00
-99.00
-99.00
-99.00
2.70
0.67
2.93
0.40
2.52
7.89
1.94
-99.00
-99.00
-99.00
-99.00
-99.00
-99.00
-99.00
-99.00
-99.00
-99.00
-99.00
-99.00
-99.00
-99.00
-99.00
-99.00
-99.00
-99.00
-99.00
-99.00
-99.00
-99.00
-99.00
-99.00
3.79
-99.00
0.52
-99.00
7.74
1.08
-99.00
-99.00
-99.00
-99.00
0.99
-99.00
-99.00
-99.00
-99.00
-99.00
-99.00
-99.00
-99.00
-99.00
-99.00
-99.00
-99.00
-99.00
-99.00
-99.00
-99.00
-99.00
0.96
-99.00
-99.00
9.85
5.73
12.04
8.65
12.82
-99.00
19.32
17.29
1.92
9.68
0.84
-99.00
0.05
-99.00
-99.00
3.03
-99.00
-99.00
-99.00
17.35
0.10
-99.00
7.83
6.83
1.58
7.46
2.41
-99.00
0.15
-99.00
0.56
-99.00
-99.00
-99.00
3.67
0.06
0.60
4.36
56.97
-99.00
1.40
40.50
5.99
4.17
1.37
1.22
27.51
11.19
0.63
-99.00
15.07
2.67
-99.00
-99.00
0.08
2.06
2.17
22.37
38.26
76.34
24.99
16.86
9.65
49.10
6.69
5.45
4.26
15.39
9.82
16.56
2.07
1.14
13.13
7.36
15.43
10.91
4.72
7.00
0.10
1.39
2.35
-99.00
1.97
5.86
8.83
7.11
3.38
1.60
3.67
3.28
2.55
5.22
16.21
18.91
23.66
27.73
10.93
2.59
1.90
9.78
19.71
10.59
12.23
20.54
6.95
6.62
22.57
5.13
3.73
3.55
8.21
0.73
3.64
4.67
2.65
8.82
6.60
21.20
10.75
7.86
20.18
49.28
14.41
2.40
-99.00
3.28
0.25
4.99
4.65
6.73
3.58
0.26
0.79
0.93
7.91
7.90
3.93
1.34
4.93
0.93
2.65
0.99
0.65
5.33
-99.00
-99.00
0.96
14.53
12.80
3.70
2.36
7.43
3.06
0.30
0.13
0.11
2.48
3.40
28.88
7.56
1.97
-99.00
1.07
3.85
6.35
0.29
11.05
3.33
-99.00
-99.00
-99.00
0.21
-99.00
-99.00
-99.00
-99.00
-99.00
-99.00
-99.00
-99.00
-99.00
-99.00
-99.00
-99.00
-99.00
-99.00
-99.00
5.99
97.61
112.48
3.87
-99.00
-99.00
-99.00
-99.00
-99.00
5.93
1.47
2.11
1.26
-99.00
-99.00
-99.00
-99.00
-99.00
-99.00
-99.00
-99.00
-99.00
-99.00
-99.00
-99.00
-99.00
-99.00
-99.00
-99.00
-99.00
-99.00
-99.00
-99.00
-99.00
-99.00
-99.00
0.08
0.02
-99.00
-99.00
-99.00
0.03
-99.00
-99.00
-99.00
-99.00
-99.00
-99.00
-99.00
-99.00
-99.00
-99.00
-99.00
-99.00
-99.00
-99.00
-99.00
-99.00
-99.00
-99.00
-99.00
-99.00
-99.00
-99.00
-99.00
-99.00
-99.00
-99.00
-99.00
-99.00
-99.00
-99.00
-99.00
-99.00
-99.00
-99.00
-99.00
-99.00
-99.00
-99.00
-99.00
0.18
0.28
-99.00
-99.00
-99.00
2.55
3.32
-99.00
-99.00
-99.00
-99.00
-99.00
-99.00
-99.00
-99.00
-99.00
13.89
3.92
-99.00
9.50
0.40
-99.00
-99.00
-99.00
-99.00
-99.00
1.54
0.31
-99.00
-99.00
-99.00
-99.00
-99.00
-99.00
0.27
1.78
0.04
-99.00
0.18
-99.00
-99.00
-99.00
0.35
-99.00
0.06
-99.00
-99.00
-99.00
-99.00
-99.00
-99.00
-99.00
-99.00
-99.00
-99.00
-99.00
-99.00
-99.00
0.77
0.03
0.28
-99.00
-99.00
-99.00
2.58
2.55
40.37
3.08
1.08
-99.00
-99.00
-99.00
-99.00
9.78
27.60
4.17
-99.00
24.67
2.61
-99.00
4.00
3.83
2.36
6.83
8.80
6.22
2.25
4.54
6.67
0.45
5.18
4.50
0.05
-99.00
-99.00
-99.00
-99.00
-99.00
2.08
-99.00
20.36
2.27
8.46
6.67
2.36
0.58
0.08
-99.00
-99.00
3.41
8.05
-99.00
1.80
2.93
0.12
6.16
-99.00
-99.00
-99.00
-99.00
-99.00
0.31
-99.00
0.98
7.51
0.84
0.15
13.78
19.65
8.68
10.71
38.99
29.14
14.24
18.76
0.04
-99.00
0.90
23.63
5.18
0.65
0.52
8.19
3.27
17.85
4.40
0.37
9.70
11.58
7.09
1.53
0.06
2.54
1.45
5.43
2.59
1.22
10.47
16.48
5.97
1.07
7.67
8.98
10.75
17.70
12.77
11.21
13.06
27.45
20.24
4.73
7.85
2.79
14.01
17.32
28.93
51.18
9.77
5.94
12.34
4.53
4.95
0.01
3.55
12.16
14.02
35.20
21.13
13.87
4.07
3.92
3.47
1.81
23.42
8.59
3.42
14.41
15.57
4.88
15.44
6.62
6.90
10.41
2.67
4.63
0.49
4.86
15.13
5.77
13.93
27.42
5.65
6.16
1.80
0.78
0.10
7.28
27.14
6.17
26.83
9.55
1.76
3.06
0.66
4.27
23.54
23.36
13.95
3.83
7.84
24.64
14.00
0.81
28.24
9.04
20.81
16.55
7.03
10.37
3.34
4.94
6.52
7.03
3.32
4.72
3.92
0.37
-99.00
16.72
1.38
2.05
3.68
0.88
13.23
97.12
9.19
1.83
29.74
13.27
4.44
-99.00
-99.00
-99.00
-99.00
-99.00
-99.00
1.91
4.13
-99.00
-99.00
1.34
0.47
-99.00
-99.00
-99.00
-99.00
-99.00
-99.00
-99.00
-99.00
-99.00
-99.00
-99.00
-99.00
-99.00
-99.00
-99.00
-99.00
-99.00
-99.00
-99.00
-99.00
-99.00
-99.00
-99.00
-99.00
-99.00
0.06
0.30
0.99
1.00
-99.00
3.64
-99.00
-99.00
-99.00
-99.00
-99.00
-99.00
0.17
-99.00
-99.00
-99.00
-99.00
-99.00
-99.00
-99.00
-99.00
-99.00
0.09
-99.00
-99.00
-99.00
-99.00
-99.00
-99.00
-99.00
-99.00
4.44
6.69
0.09
-99.00
2.14
2.04
-99.00
-99.00
-99.00
-99.00
-99.00
-99.00
-99.00
-99.00
-99.00
-99.00
-99.00
-99.00
-99.00
-99.00
-99.00
-99.00
2.35
-99.00
3.96
-99.00
-99.00
-99.00
-99.00
-99.00
-99.00
-99.00
-99.00
-99.00
-99.00
-99.00
-99.00
-99.00
-99.00
0.30
14.22
5.63
2.43
17.34
0.03
-99.00
-99.00
0.04
0.35
0.09
0.12
0.08
-99.00
-99.00
-99.00
-99.00
-99.00
8.48
-99.00
-99.00
-99.00
-99.00
-99.00
-99.00
-99.00
-99.00
-99.00
-99.00
-99.00
-99.00
0.58
10.44
3.66
0.57
-99.00
-99.00
0.27
-99.00
8.03
19.25
2.53
-99.00
-99.00
-99.00
-99.00
-99.00
-99.00
0.08
13.07
0.02
-99.00
-99.00
1.06
4.49
7.68
0.08
-99.00
-99.00
-99.00
-99.00
-99.00
-99.00
-99.00
0.49
41.29
75.98
0.12
-99.00
-99.00
-99.00
0.31
12.88
0.09
-99.00
-99.00
-99.00
-99.00
-99.00
13.70
1.39
9.90
13.55
0.54
0.18
-99.00
-99.00
-99.00
0.09
0.20
0.90
1.56
4.23
9.41
0.12
20.80
20.21
1.09
0.18
3.65
0.04
20.70
0.10
-99.00
1.29
5.41
6.27
0.06
23.04
1.26
0.66
0.03
-99.00
10.95
0.04
1.00
-99.00
-99.00
-99.00
9.32
0.24
0.25
4.77
0.84
-99.00
-99.00
-99.00
6.57
15.28
53.31
21.51
2.03
8.52
0.30
1.55
-99.00
-99.00
9.83
0.04
-99.00
-99.00
-99.00
-99.00
0.02
14.26
2.38
0.68
3.48
2.41
18.09
2.47
3.70
0.87
2.62
8.02
2.10
16.36
6.50
30.99
16.31
9.83
4.22
7.62
2.69
4.97
2.72
4.75
27.01
31.98
11.54
9.52
7.87
7.47
6.23
8.32
77.20
45.14
13.08
9.35
15.48
5.67
11.39
4.07
5.85
0.57
6.45
13.49
15.74
6.16
3.12
0.17
0.32
3.66
8.80
1.32
4.91
11.91
21.37
16.91
16.02
11.33
7.00
7.10
2.01
2.08
8.02
20.02
15.52
39.39
21.76
14.95
5.79
3.30
16.71
5.44
0.46
-99.00
0.64
8.14
2.39
2.79
9.42
3.32
6.13
1.43
16.17
13.03
8.92
3.66
0.94
6.21
8.99
24.84
13.08
32.76
31.92
31.56
25.61
7.77
3.59
0.16
-99.00
4.89
0.45
0.36
0.82
5.16
2.69
5.85
1.05
0.19
-99.00
-99.00
27.60
3.21
0.98
4.97
8.56
0.44
2.80
12.35
-99.00
-99.00
-99.00
-99.00
0.41
0.19
0.45
6.57
1.62
4.56
25.37
8.13
2.34
8.51
2.19
13.91
0.29
4.48
-99.00
0.06
-99.00
-99.00
-99.00
-99.00
6.56
5.51
0.32
0.29
-99.00
-99.00
-99.00
-99.00
-99.00
-99.00
-99.00
-99.00
4.23
0.18
-99.00
-99.00
-99.00
-99.00
0.68
0.15
-99.00
-99.00
-99.00
24.76
98.76
1.79
0.01
-99.00
-99.00
-99.00
-99.00
-99.00
0.16
-99.00
-99.00
-99.00
-99.00
-99.00
-99.00
-99.00
-99.00
-99.00
-99.00
-99.00
-99.00
-99.00
-99.00
-99.00
-99.00
-99.00
-99.00
-99.00
-99.00
-99.00
-99.00
-99.00
-99.00
-99.00
-99.00
2.63
-99.00
-99.00
-99.00
-99.00
-99.00
-99.00
-99.00
-99.00
-99.00
-99.00
-99.00
-99.00
0.15
-99.00
-99.00
-99.00
-99.00
-99.00
-99.00
-99.00
-99.00
-99.00
-99.00
-99.00
-99.00
-99.00
-99.00
-99.00
-99.00
-99.00
-99.00
-99.00
-99.00
-99.00
-99.00
-99.00
-99.00
-99.00
-99.00
-99.00
-99.00
-99.00
-99.00
-99.00
-99.00
-99.00
-99.00
-99.00
-99.00
-99.00
-99.00
-99.00
-99.00
-99.00
-99.00
-99.00
-99.00
-99.00
-99.00
-99.00
-99.00
-99.00
-99.00
-99.00
-99.00
-99.00
-99.00
-99.00
-99.00
-99.00
-99.00
-99.00
-99.00
-99.00
-99.00
-99.00
-99.00
-99.00
-99.00
-99.00
-99.00
-99.00
-99.00
-99.00
-99.00
-99.00
-99.00
-99.00
0.02
-99.00
-99.00
-99.00
-99.00
-99.00
-99.00
-99.00
-99.00
-99.00
-99.00
-99.00
0.07
5.15
10.88
0.31
-99.00
0.74
-99.00
-99.00
-99.00
-99.00
-99.00
0.02
1.21
-99.00
-99.00
-99.00
-99.00
-99.00
-99.00
-99.00
-99.00
-99.00
-99.00
-99.00
-99.00
-99.00
-99.00
-99.00
-99.00
8.13
0.31
10.90
5.24
1.34
11.47
0.31
17.39
19.99
20.92
13.96
10.87
2.40
0.12
2.46
4.09
2.79
5.73
2.04
2.56
7.42
8.67
20.66
17.88
-99.00
-99.00
0.41
22.96
2.29
-99.00
-99.00
6.22
-99.00
1.05
10.02
24.28
15.55
2.89
0.69
0.46
0.71
2.66
5.54
7.51
12.12
5.81
8.07
23.55
18.37
14.43
8.87
9.14
17.46
14.80
3.99
17.91
29.25
20.18
23.48
2.84
6.38
20.30
4.55
3.60
7.50
32.48
40.17
21.43
24.88
2.17
1.37
5.91
7.71
17.73
26.66
19.96
15.70
8.70
5.49
2.85
0.25
2.07
9.38
31.84
6.22
1.76
0.10
1.75
32.52
15.28
6.16
13.19
14.24
5.35
16.54
18.21
3.97
0.64
65.46
27.47
47.23
10.51
4.24
1.26
1.24
2.02
1.27
1.07
0.21
1.75
0.05
3.07
9.56
6.90
17.31
7.98
17.61
2.45
6.38
1.07
2.67
1.07
2.39
0.09
0.03
1.00
1.72
27.49
38.93
8.47
22.44
10.12
2.74
2.44
3.03
8.55
2.11
15.89
63.14
32.84
32.98
6.59
0.02
7.35
4.39
0.11
0.01
5.95
2.65
5.36
1.39
3.66
6.66
11.40
5.96
5.60
5.12
-99.00
0.14
3.76
4.77
13.07
-99.00
4.90
34.41
29.17
22.49
15.35
8.45
9.01
-99.00
-99.00
-99.00
-99.00
-99.00
1.13
5.02
2.78
0.13
2.65
4.14
-99.00
0.90
-99.00
-99.00
-99.00
-99.00
-99.00
-99.00
-99.00
-99.00
-99.00
-99.00
-99.00
-99.00
-99.00
-99.00
-99.00
-99.00
-99.00
-99.00
-99.00
-99.00
-99.00
-99.00
-99.00
-99.00
-99.00
-99.00
-99.00
-99.00
-99.00
-99.00
-99.00
-99.00
-99.00
-99.00
0.89
-99.00
-99.00
-99.00
-99.00
-99.00
-99.00
-99.00
-99.00
-99.00
-99.00
-99.00
-99.00
-99.00
-99.00
-99.00
-99.00
-99.00
-99.00
-99.00
-99.00
-99.00
-99.00
-99.00
-99.00
-99.00
-99.00
-99.00
-99.00
-99.00
-99.00
-99.00
-99.00
-99.00
-99.00
-99.00
-99.00
0.34
-99.00
-99.00
-99.00
-99.00
0.25
4.01
1.69
6.84
-99.00
-99.00
-99.00
-99.00
0.04
0.12
-99.00
-99.00
-99.00
1.85
0.11
0.40
8.22
1.01
0.07
-99.00
0.45
0.43
0.25
0.10
-99.00
-99.00
-99.00
-99.00
2.88
2.13
-99.00
-99.00
-99.00
-99.00
-99.00
-99.00
-99.00
-99.00
-99.00
-99.00
-99.00
0.14
-99.00
0.01
-99.00
-99.00
-99.00
-99.00
9.67
1.11
-99.00
-99.00
0.07
0.07
3.58
1.41
0.05
-99.00
0.35
0.57
0.27
-99.00
-99.00
-99.00
-99.00
-99.00
-99.00
-99.00
-99.00
-99.00
-99.00
-99.00
-99.00
-99.00
-99.00
-99.00
-99.00
-99.00
-99.00
-99.00
-99.00
-99.00
10.76
0.42
0.07
11.15
23.98
-99.00
3.67
-99.00
-99.00
2.65
1.43
2.78
1.42
17.93
18.27
6.20
5.87
0.17
15.15
0.10
8.22
25.16
10.12
0.66
0.09
2.99
0.02
0.04
1.56
11.70
-99.00
0.04
0.01
-99.00
-99.00
3.48
5.36
-99.00
16.28
2.21
15.44
2.14
9.74
1.76
2.93
0.75
11.67
42.61
4.38
16.82
14.45
0.68
0.03
1.03
2.53
12.66
17.48
4.46
10.38
3.68
5.16
12.04
9.60
3.55
1.87
5.85
1.52
2.63
10.96
10.21
5.99
6.55
9.98
12.37
19.82
21.23
-99.00
0.67
6.29
1.45
2.59
0.82
0.37
0.78
0.26
-99.00
0.80
12.35
12.89
10.12
2.70
7.55
7.74
15.50
8.99
1.79
5.69
12.63
32.33
21.08
19.57
35.68
19.92
25.62
56.72
4.86
5.09
3.69
1.51
1.35
7.69
7.76
27.06
21.82
5.63
6.06
0.02
3.62
1.59
3.61
8.39
7.98
14.58
6.28
20.48
5.48
11.97
13.61
5.64
2.87
1.98
1.56
1.26
0.08
1.02
-99.00
1.02
0.05
4.37
4.44
8.99
42.14
59.55
4.31
3.11
0.20
12.02
2.76
1.86
17.58
1.75
2.56
1.88
0.67
-99.00
7.68
4.56
2.59
3.06
4.11
55.48
56.98
11.79
8.17
9.86
5.36
2.51
2.42
0.43
-99.00
-99.00
-99.00
1.74
23.75
1.24
10.60
5.70
-99.00
2.63
2.02
0.61
1.64
0.22
0.36
0.85
2.18
-99.00
-99.00
1.71
1.09
5.72
0.72
0.22
0.49
0.73
-99.00
-99.00
-99.00
18.49
66.20
11.14
0.41
-99.00
-99.00
0.14
-99.00
-99.00
-99.00
-99.00
-99.00
-99.00
-99.00
-99.00
-99.00
-99.00
-99.00
-99.00
-99.00
-99.00
-99.00
-99.00
-99.00
-99.00
-99.00
-99.00
-99.00
-99.00
-99.00
-99.00
-99.00
-99.00
6.86
0.01
-99.00
-99.00
-99.00
-99.00
-99.00
-99.00
-99.00
-99.00
-99.00
-99.00
-99.00
-99.00
-99.00
-99.00
-99.00
-99.00
-99.00
-99.00
-99.00
-99.00
-99.00
-99.00
-99.00
-99.00
-99.00
-99.00
-99.00
-99.00
-99.00
-99.00
-99.00
-99.00
-99.00
0.15
-99.00
-99.00
-99.00
-99.00
-99.00
-99.00
-99.00
-99.00
-99.00
-99.00
-99.00
-99.00
-99.00
-99.00
-99.00
-99.00
-99.00
-99.00
-99.00
-99.00
-99.00
-99.00
-99.00
-99.00
-99.00
-99.00
-99.00
-99.00
-99.00
-99.00
-99.00
-99.00
-99.00
-99.00
-99.00
-99.00
-99.00
-99.00
-99.00
-99.00
-99.00
-99.00
-99.00
-99.00
-99.00
-99.00
-99.00
-99.00
-99.00
23.35
3.20
-99.00
-99.00
-99.00
17.03
1.51
3.46
0.08
-99.00
-99.00
-99.00
0.45
-99.00
-99.00
-99.00
-99.00
-99.00
-99.00
-99.00
-99.00
0.40
-99.00
-99.00
0.21
-99.00
-99.00
0.86
-99.00
4.61
3.55
-99.00
-99.00
-99.00
-99.00
-99.00
1.57
1.40
0.22
4.74
14.37
-99.00
-99.00
-99.00
0.69
-99.00
-99.00
-99.00
-99.00
-99.00
-99.00
0.14
0.16
5.11
-99.00
6.98
1.75
0.09
-99.00
-99.00
0.03
-99.00
0.08
-99.00
-99.00
0.02
-99.00
0.77
12.58
0.05
7.19
10.98
4.13
15.75
0.37
49.19
36.30
6.04
22.00
46.65
2.21
-99.00
-99.00
-99.00
-99.00
-99.00
-99.00
6.09
6.07
1.89
2.57
12.32
2.40
0.01
16.18
2.18
1.06
6.80
3.57
19.71
2.05
5.24
19.79
8.15
37.50
24.32
16.46
8.86
10.21
0.33
3.25
2.86
31.37
70.09
24.98
16.53
21.43
23.31
32.03
7.01
19.60
5.42
10.84
8.96
2.24
16.46
5.77
5.31
10.11
23.61
31.04
12.29
4.92
1.36
0.25
3.54
1.77
0.60
21.95
36.17
17.06
18.63
7.27
2.31
7.98
6.21
2.55
2.07
3.64
16.19
4.69
5.33
6.30
5.15
15.29
8.90
5.49
19.08
23.28
11.00
20.07
3.53
5.24
-99.00
5.13
13.40
4.20
0.43
3.50
4.84
1.79
3.37
1.38
1.75
9.00
6.61
10.18
0.85
1.69
2.15
3.69
0.26
1.52
0.83
7.33
3.71
19.67
2.52
2.40
11.69
5.64
3.15
0.34
1.81
1.93
3.56
10.25
17.50
6.19
14.99
19.98
9.72
5.00
5.90
5.68
-99.00
0.17
1.69
34.39
16.47
2.84
0.77
-99.00
0.09
1.69
1.75
1.37
0.03
3.30
1.07
0.47
15.49
10.37
19.24
11.34
10.75
2.51
6.10
1.82
-99.00
5.34
1.97
6.56
-99.00
2.44
7.88
0.80
1.93
10.45
32.66
-99.00
-99.00
-99.00
-99.00
-99.00
-99.00
-99.00
0.45
3.97
1.06
5.86
21.82
1.72
-99.00
-99.00
-99.00
-99.00
-99.00
0.14
0.10
0.06
0.10
11.30
24.03
5.12
0.14
-99.00
-99.00
-99.00
-99.00
1.34
0.66
-99.00
-99.00
-99.00
-99.00
-99.00
-99.00
-99.00
-99.00
-99.00
-99.00
-99.00
-99.00
-99.00
-99.00
-99.00
-99.00
-99.00
-99.00
-99.00
-99.00
-99.00
-99.00
-99.00
-99.00
-99.00
-99.00
-99.00
-99.00
-99.00
-99.00
-99.00
-99.00
-99.00
-99.00
-99.00
-99.00
-99.00
-99.00
-99.00
-99.00
-99.00
-99.00
-99.00
-99.00
-99.00
-99.00
-99.00
-99.00
0.13
0.08
-99.00
-99.00
-99.00
-99.00
-99.00
-99.00
-99.00
-99.00
-99.00
-99.00
-99.00
-99.00
-99.00
0.40
4.86
-99.00
-99.00
-99.00
-99.00
2.47
5.31
0.56
-99.00
-99.00
-99.00
-99.00
-99.00
-99.00
-99.00
-99.00
-99.00
-99.00
-99.00
-99.00
-99.00
-99.00
-99.00
-99.00
-99.00
-99.00
-99.00
-99.00
-99.00
-99.00
-99.00
-99.00
-99.00
1.25
-99.00
-99.00
-99.00
-99.00
-99.00
0.37
-99.00
-99.00
-99.00
-99.00
-99.00
-99.00
-99.00
2.12
-99.00
-99.00
-99.00
-99.00
-99.00
-99.00
-99.00
-99.00
-99.00
-99.00
-99.00
-99.00
-99.00
-99.00
3.04
14.09
0.23
1.65
3.09
5.39
2.58
11.83
16.32
0.09
-99.00
-99.00
-99.00
7.93
0.02
6.39
1.02
2.45
0.02
-99.00
-99.00
-99.00
-99.00
-99.00
-99.00
-99.00
-99.00
2.66
-99.00
2.99
0.11
12.19
1.28
-99.00
1.77
0.14
-99.00
-99.00
1.92
3.10
11.74
35.58
1.13
7.71
9.30
4.73
6.23
1.84
3.27
2.28
1.91
0.17
-99.00
1.49
1.26
-99.00
0.24
1.71
21.66
12.77
6.50
37.74
19.65
0.13
11.53
2.62
15.37
7.55
7.87
9.23
33.08
2.49
0.03
33.17
11.62
27.50
2.92
33.26
97.31
63.07
4.54
0.91
-99.00
3.84
0.01
0.12
1.64
54.56
87.44
3.27
10.52
24.06
18.87
2.01
15.86
40.62
40.94
61.08
31.42
16.86
10.26
8.40
3.70
0.28
0.09
2.51
11.88
19.55
6.29
6.33
30.10
7.66
6.05
5.46
11.84
13.42
9.64
42.46
20.48
0.49
0.13
0.82
4.21
0.54
5.75
15.65
5.96
5.25
5.68
19.79
33.40
6.68
2.93
-99.00
0.51
1.38
7.14
10.77
14.11
37.12
27.29
10.91
14.84
24.27
26.57
4.34
6.10
2.41
7.86
8.72
32.60
1.01
1.14
11.45
21.26
7.07
4.90
3.39
4.09
6.91
8.72
6.91
10.19
2.87
6.53
0.10
17.28
35.02
40.76
43.83
2.41
0.80
-99.00
4.89
5.52
-99.00
-99.00
0.19
11.42
1.96
16.50
34.17
16.50
4.94
16.53
10.35
4.54
0.74
0.01
-99.00
0.02
0.25
0.05
-99.00
-99.00
1.52
0.56
2.82
0.43
-99.00
0.15
6.50
12.20
2.17
0.07
0.08
7.54
3.50
-99.00
-99.00
-99.00
-99.00
-99.00
0.48
-99.00
-99.00
-99.00
-99.00
-99.00
-99.00
-99.00
-99.00
-99.00
0.11
6.69
-99.00
-99.00
-99.00
-99.00
-99.00
27.75
67.67
0.23
-99.00
-99.00
-99.00
-99.00
-99.00
-99.00
-99.00
-99.00
-99.00
-99.00
-99.00
-99.00
-99.00
-99.00
-99.00
-99.00
-99.00
-99.00
-99.00
-99.00
-99.00
-99.00
-99.00
-99.00
-99.00
-99.00
-99.00
-99.00
-99.00
-99.00
-99.00
-99.00
-99.00
-99.00
-99.00
-99.00
-99.00
-99.00
-99.00
-99.00
-99.00
-99.00
-99.00
-99.00
-99.00
-99.00
-99.00
-99.00
-99.00
-99.00
-99.00
-99.00
-99.00
-99.00
-99.00
-99.00
-99.00
-99.00
-99.00
-99.00
-99.00
-99.00
-99.00
-99.00
-99.00
-99.00
-99.00
-99.00
-99.00
-99.00
-99.00
-99.00
-99.00
-99.00
-99.00
-99.00
-99.00
-99.00
-99.00
-99.00
-99.00
-99.00
0.37
0.13
-99.00
-99.00
-99.00
0.03
-99.00
3.56
0.15
1.70
0.01
-99.00
-99.00
-99.00
-99.00
0.48
-99.00
-99.00
-99.00
-99.00
-99.00
-99.00
-99.00
0.14
-99.00
-99.00
-99.00
-99.00
-99.00
-99.00
-99.00
-99.00
-99.00
-99.00
-99.00
0.01
24.05
0.47
14.61
3.44
29.64
2.01
4.05
7.10
0.02
0.29
-99.00
-99.00
-99.00
-99.00
-99.00
13.16
0.11
0.15
17.76
27.74
0.19
-99.00
-99.00
8.06
0.03
-99.00
-99.00
-99.00
-99.00
-99.00
-99.00
-99.00
-99.00
1.40
-99.00
0.02
0.70
-99.00
-99.00
11.36
7.43
-99.00
0.01
-99.00
-99.00
-99.00
1.39
0.47
0.61
2.77
0.44
21.74
0.06
-99.00
1.44
0.92
-99.00
1.91
6.01
0.03
-99.00
-99.00
0.15
3.66
1.71
-99.00
-99.00
-99.00
-99.00
10.23
29.12
2.20
0.10
22.33
0.97
-99.00
-99.00
-99.00
-99.00
-99.00
-99.00
-99.00
-99.00
2.66
1.38
9.37
1.61
12.91
2.29
0.35
15.61
20.02
0.60
2.39
4.63
2.15
3.35
6.73
20.13
4.63
26.85
42.62
57.63
31.40
0.49
9.52
8.71
3.64
39.03
12.93
19.16
1.79
2.79
3.66
2.06
2.20
1.11
1.65
0.51
3.93
9.05
8.10
13.28
32.51
4.71
10.61
1.27
0.37
1.95
5.44
5.50
9.73
2.45
4.79
6.91
9.04
19.54
20.00
11.54
15.15
22.19
7.54
3.13
3.67
0.63
0.68
0.10
-99.00
2.49
5.00
16.15
21.61
30.17
19.05
8.17
4.33
3.84
2.21
13.06
4.81
2.88
0.24
1.37
9.37
12.30
4.02
2.30
0.52
5.68
11.17
4.86
5.49
13.60
12.76
7.68
9.30
3.53
3.35
13.80
16.60
5.26
1.78
0.23
6.90
2.53
5.09
0.52
7.72
0.37
1.21
2.48
1.72
3.54
5.80
0.30
5.58
2.14
8.50
6.81
1.04
2.12
3.34
0.17
0.12
18.82
3.42
2.12
0.53
23.67
93.85
56.07
18.63
1.19
-99.00
-99.00
-99.00
-99.00
1.91
0.18
0.01
1.52
0.47
2.30
5.92
0.14
2.01
3.07
3.16
9.39
23.30
0.84
-99.00
-99.00
-99.00
-99.00
-99.00
-99.00
-99.00
-99.00
-99.00
-99.00
-99.00
-99.00
-99.00
-99.00
-99.00
-99.00
-99.00
-99.00
-99.00
-99.00
-99.00
-99.00
-99.00
-99.00
-99.00
-99.00
-99.00
-99.00
-99.00
-99.00
-99.00
-99.00
-99.00
-99.00
-99.00
-99.00
-99.00
-99.00
-99.00
-99.00
-99.00
-99.00
-99.00
-99.00
-99.00
-99.00
-99.00
-99.00
4.64
6.99
7.50
0.23
-99.00
-99.00
-99.00
-99.00
-99.00
-99.00
-99.00
-99.00
2.87
-99.00
-99.00
-99.00
-99.00
-99.00
-99.00
-99.00
-99.00
-99.00
-99.00
-99.00
-99.00
-99.00
-99.00
-99.00
-99.00
-99.00
-99.00
-99.00
-99.00
-99.00
0.09
-99.00
-99.00
-99.00
0.05
-99.00
-99.00
-99.00
-99.00
-99.00
-99.00
-99.00
-99.00
-99.00
-99.00
-99.00
-99.00
-99.00
0.09
-99.00
-99.00
-99.00
-99.00
-99.00
-99.00
-99.00
-99.00
-99.00
-99.00
-99.00
-99.00
-99.00
-99.00
-99.00
-99.00
-99.00
-99.00
-99.00
-99.00
-99.00
-99.00
-99.00
-99.00
-99.00
-99.00
-99.00
-99.00
-99.00
0.86
0.02
2.79
2.86
-99.00
-99.00
-99.00
-99.00
-99.00
-99.00
-99.00
-99.00
-99.00
-99.00
-99.00
-99.00
-99.00
-99.00
-99.00
-99.00
-99.00
0.01
0.78
0.08
0.05
0.29
0.61
0.05
9.75
0.51
7.33
4.07
4.77
5.44
0.26
-99.00
-99.00
-99.00
-99.00
-99.00
-99.00
-99.00
0.16
14.91
0.28
1.74
0.01
30.50
0.10
0.29
0.86
0.84
0.27
0.75
0.19
-99.00
-99.00
0.10
0.03
-99.00
-99.00
-99.00
-99.00
-99.00
-99.00
0.11
0.43
0.04
23.58
0.74
-99.00
1.22
-99.00
16.62
0.12
19.42
28.19
15.90
4.70
3.70
0.02
3.79
0.76
3.05
4.40
-99.00
2.59
1.32
52.23
0.16
-99.00
21.82
1.62
1.02
0.85
0.89
3.32
20.18
20.63
18.13
18.23
30.32
6.50
18.03
29.03
23.12
19.50
16.32
1.51
2.44
1.76
2.01
8.20
6.27
5.03
0.50
0.24
4.00
16.07
8.28
2.72
11.45
23.48
18.70
4.31
-99.00
1.78
0.74
1.26
6.65
17.89
16.24
7.28
5.94
21.08
22.21
1.88
10.55
2.16
5.84
3.50
8.49
8.75
6.17
8.13
11.02
1.60
4.04
3.51
3.30
17.68
26.41
8.76
8.91
11.68
7.27
12.18
8.38
40.95
26.66
3.19
6.31
0.64
2.67
7.45
3.73
6.62
5.95
8.12
4.94
1.45
2.01
12.39
27.14
12.88
3.77
8.17
6.62
10.48
6.91
3.72
3.84
2.58
2.47
1.08
0.24
14.60
30.00
48.91
90.87
57.47
25.34
95.89
60.72
23.56
4.26
2.84
0.08
0.48
11.15
0.43
7.68
1.20
0.53
4.28
12.01
13.02
-99.00
-99.00
2.96
3.37
31.13
41.77
38.29
60.20
1.01
-99.00
0.05
0.03
0.40
4.84
14.07
0.98
-99.00
-99.00
-99.00
-99.00
-99.00
-99.00
-99.00
-99.00
-99.00
-99.00
-99.00
-99.00
-99.00
0.01
-99.00
-99.00
-99.00
-99.00
-99.00
-99.00
-99.00
-99.00
-99.00
-99.00
-99.00
-99.00
-99.00
-99.00
-99.00
-99.00
-99.00
-99.00
-99.00
-99.00
-99.00
-99.00
-99.00
-99.00
0.36
1.03
-99.00
-99.00
-99.00
-99.00
-99.00
-99.00
-99.00
-99.00
-99.00
-99.00
-99.00
-99.00
-99.00
-99.00
-99.00
-99.00
-99.00
-99.00
-99.00
-99.00
-99.00
-99.00
-99.00
-99.00
-99.00
0.05
-99.00
0.05
-99.00
-99.00
-99.00
-99.00
-99.00
-99.00
-99.00
-99.00
-99.00
-99.00
-99.00
-99.00
-99.00
-99.00
-99.00
-99.00
-99.00
-99.00
2.32
13.81
-99.00
-99.00
-99.00
-99.00
-99.00
-99.00
0.04
-99.00
-99.00
-99.00
-99.00
0.04
-99.00
-99.00
-99.00
-99.00
-99.00
-99.00
-99.00
-99.00
0.05
-99.00
-99.00
-99.00
-99.00
-99.00
-99.00
-99.00
-99.00
-99.00
-99.00
-99.00
-99.00
-99.00
-99.00
-99.00
-99.00
-99.00
0.09
-99.00
0.17
-99.00
-99.00
-99.00
-99.00
-99.00
-99.00
-99.00
-99.00
-99.00
-99.00
-99.00
-99.00
-99.00
-99.00
-99.00
-99.00
-99.00
13.08
1.24
-99.00
0.12
-99.00
0.07
0.09
0.17
0.49
-99.00
-99.00
16.22
36.14
30.88
-99.00
1.19
-99.00
-99.00
-99.00
8.56
1.56
-99.00
0.08
0.06
-99.00
-99.00
-99.00
-99.00
-99.00
0.12
3.52
1.47
-99.00
-99.00
-99.00
-99.00
-99.00
-99.00
-99.00
0.67
-99.00
-99.00
-99.00
-99.00
-99.00
0.17
0.37
-99.00
0.06
20.20
0.40
7.60
6.13
1.56
12.55
12.84
19.46
3.25
14.05
0.10
7.58
-99.00
0.10
-99.00
-99.00
7.53
-99.00
11.34
-99.00
39.40
0.02
0.46
5.82
-99.00
0.04
-99.00
-99.00
-99.00
-99.00
-99.00
-99.00
-99.00
-99.00
-99.00
-99.00
1.78
12.46
12.86
1.69
-99.00
0.37
0.96
0.10
-99.00
0.25
2.95
0.02
4.52
2.70
2.98
16.36
0.02
0.60
5.27
10.71
31.93
15.01
8.75
16.00
32.77
14.85
21.10
36.57
43.29
48.27
61.20
7.43
4.05
1.62
2.40
2.95
16.09
16.68
20.76
91.96
43.70
16.71
10.12
0.27
0.84
0.01
8.25
0.34
2.74
1.96
2.57
9.54
12.59
3.75
3.20
3.17
3.23
4.17
7.98
6.20
5.22
17.28
16.60
6.60
14.26
18.32
9.24
10.73
7.58
7.47
0.97
4.40
1.62
2.66
6.15
3.94
8.52
20.86
9.00
7.19
6.03
10.57
5.94
7.25
1.88
5.14
-99.00
-99.00
0.51
0.37
1.90
7.97
0.45
12.34
0.39
11.66
5.27
4.26
14.79
13.15
14.95
26.94
10.81
3.52
45.69
20.66
0.17
0.67
8.05
9.63
24.07
1.26
1.74
1.55
11.98
0.27
19.57
2.87
7.10
52.44
16.38
18.87
4.52
0.61
0.61
-99.00
0.11
-99.00
1.20
10.66
0.11
-99.00
-99.00
-99.00
3.60
8.56
20.76
27.80
79.14
32.21
41.44
46.63
1.75
-99.00
-99.00
6.25
1.34
-99.00
0.31
-99.00
0.02
-99.00
-99.00
-99.00
-99.00
-99.00
-99.00
-99.00
0.25
0.10
-99.00
-99.00
-99.00
-99.00
-99.00
-99.00
-99.00
-99.00
-99.00
-99.00
-99.00
-99.00
-99.00
-99.00
-99.00
-99.00
-99.00
-99.00
-99.00
-99.00
-99.00
-99.00
-99.00
-99.00
-99.00
-99.00
-99.00
-99.00
-99.00
-99.00
-99.00
-99.00
-99.00
-99.00
-99.00
-99.00
-99.00
