19710101
0.00
0.00
0.00
0.00
0.00
0.00
0.00
0.00
0.00
10.50
0.00
0.00
0.00
0.00
0.00
0.00
0.00
0.00
0.00
0.00
0.00
0.00
0.00
0.00
0.00
0.00
0.00
0.00
0.00
0.00
0.00
0.00
0.00
0.00
0.00
0.00
0.00
11.57
7.89
17.96
13.25
0.00
0.00
3.12
10.41
0.00
0.00
3.12
5.26
4.03
7.09
10.63
7.36
10.03
3.12
0.00
3.63
13.04
0.00
2.64
3.34
11.83
5.93
12.36
0.00
0.59
2.98
6.22
6.82
2.64
5.93
6.82
0.00
0.00
0.33
0.00
0.00
0.00
0.00
0.00
0.00
5.61
0.00
0.00
3.68
21.19
0.00
6.22
7.99
7.12
0.29
7.99
8.20
7.28
15.30
10.22
0.00
0.00
0.00
13.95
12.09
4.44
2.23
0.29
0.00
0.00
0.56
1.43
4.23
7.69
16.69
0.00
0.00
7.28
0.00
0.00
0.00
0.00
0.00
0.00
0.00
3.53
1.66
5.63
2.60
5.63
15.77
15.48
18.87
0.69
0.85
0.36
11.48
4.88
32.72
1.66
0.00
0.00
0.77
1.50
8.43
5.18
5.63
5.41
4.43
4.88
9.75
0.00
0.00
0.00
0.00
0.00
0.00
0.00
0.00
0.00
4.63
10.84
11.96
12.36
7.72
17.73
17.78
12.69
17.48
20.88
20.14
12.89
8.88
4.24
4.93
6.72
5.38
8.08
7.85
12.56
6.07
0.04
1.55
5.13
3.60
25.48
11.21
15.96
10.30
46.19
50.71
14.84
11.76
0.00
0.00
0.00
0.00
0.00
0.00
10.08
0.00
0.00
0.00
0.00
0.00
0.00
0.00
1.36
18.23
7.80
0.00
17.73
13.99
0.00
9.88
4.88
7.20
13.95
9.63
11.38
37.47
43.53
27.22
23.55
2.49
3.83
1.54
0.79
2.49
4.24
6.09
2.25
1.77
2.72
31.61
30.68
30.76
18.58
2.23
0.00
0.00
3.33
6.37
0.00
0.00
0.10
0.41
0.00
0.00
0.00
5.13
8.37
0.08
9.44
20.73
0.00
0.00
21.80
7.06
1.75
3.80
0.00
20.29
28.44
24.02
11.88
8.70
0.00
1.90
10.36
3.02
11.37
28.98
23.75
13.76
19.76
28.98
34.68
26.50
20.38
18.49
0.00
0.00
0.00
0.00
0.00
0.00
0.00
0.00
0.00
0.00
0.00
0.00
0.00
14.95
87.71
16.97
4.59
14.95
17.33
0.00
22.51
39.10
0.00
0.00
0.00
5.56
0.00
0.00
0.00
0.00
0.00
0.00
11.42
0.00
0.00
0.00
0.00
0.00
0.00
0.00
0.00
0.00
0.00
0.00
0.00
0.00
0.00
0.00
0.00
0.00
8.95
0.00
8.95
0.00
0.00
11.42
0.00
18.82
18.82
0.00
0.00
0.00
0.00
0.00
0.00
18.82
18.82
0.00
0.00
18.82
18.82
0.00
18.82
0.00
0.00
0.00
0.00
0.00
0.00
0.00
0.00
18.82
18.82
0.00
0.00
0.00
0.00
18.82
0.00
0.00
0.00
0.00
0.00
0.00
0.00
0.00
0.00
10.50
10.50
0.00
0.00
0.00
0.00
0.00
0.00
0.00
0.00
0.00
0.00
0.00
0.00
0.00
0.00
0.00
0.00
0.00
0.00
0.00
0.00
0.00
0.00
0.00
0.00
0.00
0.00
0.00
0.00
0.00
0.00
0.00
0.00
0.00
0.00
0.00
0.00
0.00
0.00
4.03
0.00
0.00
0.00
12.62
11.33
0.00
4.46
4.75
0.00
0.00
2.64
0.00
8.98
5.06
0.00
0.00
0.00
0.00
3.68
3.34
1.89
0.00
0.00
0.00
0.00
0.00
0.00
12.36
4.18
0.00
0.00
0.00
0.00
0.00
0.00
0.00
12.88
0.59
4.67
7.71
1.06
0.15
0.00
0.00
0.00
0.00
0.00
0.29
0.00
0.00
0.00
1.77
4.01
1.37
3.57
2.58
7.22
6.55
4.34
3.36
0.00
0.00
0.00
0.00
4.01
2.47
8.80
0.00
5.72
6.34
0.15
0.69
5.59
6.38
5.63
16.83
18.95
13.77
18.31
14.63
6.08
3.67
7.27
10.62
4.28
4.73
8.00
9.89
14.06
25.01
19.43
61.78
19.43
25.01
20.98
21.39
16.79
19.47
15.05
16.72
20.24
13.06
9.61
0.00
0.00
0.00
0.00
0.00
0.00
3.75
6.92
0.00
3.84
15.00
18.55
8.60
12.39
8.73
26.21
16.07
7.00
9.80
6.20
1.95
8.91
8.15
13.52
14.16
12.89
12.23
4.41
5.97
1.63
5.32
8.74
8.64
5.60
5.40
3.66
2.89
11.67
0.00
0.00
5.40
1.36
5.50
4.56
8.74
5.95
7.56
5.00
6.62
14.32
9.74
13.19
20.23
20.48
9.30
6.88
5.52
5.90
14.17
4.61
10.46
26.18
23.51
22.58
9.05
14.55
15.76
24.75
7.14
3.92
19.74
0.35
0.10
0.00
0.31
7.83
15.15
11.35
4.61
0.00
9.33
0.00
3.74
0.00
4.75
9.92
19.30
14.48
22.73
6.51
7.69
8.70
5.13
12.22
0.00
0.00
4.97
7.22
4.65
22.41
28.98
20.38
17.66
0.00
0.00
0.00
0.00
0.00
12.39
36.50
12.60
2.64
0.00
0.00
0.00
0.00
0.62
1.29
0.02
0.00
0.00
20.57
24.86
23.11
22.68
39.38
18.29
0.00
19.85
22.51
27.17
5.56
17.86
18.69
0.00
0.00
0.00
0.00
16.97
15.50
0.00
0.00
0.00
0.00
0.00
0.00
0.00
0.00
0.00
0.00
0.00
0.00
0.00
0.00
0.00
0.00
0.00
0.00
0.00
26.77
0.00
0.00
0.00
0.00
0.00
0.00
0.00
0.00
0.00
0.00
26.77
0.00
0.00
0.00
0.00
0.00
0.00
0.00
7.02
0.00
0.00
5.50
0.00
0.00
0.00
0.00
0.00
0.00
0.00
0.00
0.00
0.00
0.00
0.00
0.00
0.00
0.00
0.00
0.00
0.00
0.00
0.00
0.00
0.00
0.00
0.00
0.00
0.00
0.00
0.00
0.00
0.00
0.00
0.00
0.00
0.00
0.00
0.00
0.00
0.00
0.00
0.00
0.00
0.00
0.00
0.00
0.00
0.00
0.00
0.00
0.00
0.00
0.00
0.00
0.00
0.00
0.00
0.00
0.00
0.00
0.00
0.00
0.00
0.00
0.00
0.00
0.00
0.00
0.00
0.00
0.00
0.00
0.00
0.00
0.00
0.00
0.00
0.00
10.48
0.00
0.00
0.00
0.00
0.00
0.00
0.00
0.00
0.00
0.00
0.00
0.00
0.00
0.00
0.00
0.00
0.59
0.33
6.96
7.92
0.26
0.19
0.00
0.00
0.00
2.21
5.61
4.83
0.00
0.00
0.00
5.93
0.00
8.95
0.00
0.00
0.00
0.59
2.26
0.00
0.00
0.00
0.00
0.00
0.00
0.00
3.47
2.92
0.00
0.00
2.12
3.47
0.22
3.52
5.82
1.83
1.06
3.36
0.44
0.00
2.01
0.00
0.00
0.00
0.00
1.30
1.06
3.85
0.00
0.00
8.45
23.05
11.30
21.36
4.43
0.00
4.73
12.05
11.05
8.43
37.50
4.88
11.48
4.73
3.06
11.48
3.98
10.62
11.48
12.34
23.07
13.77
28.26
17.19
10.83
15.91
0.00
0.00
14.56
17.32
13.35
0.00
0.00
0.00
0.00
0.00
1.24
3.47
9.73
4.48
7.77
8.05
7.55
14.16
13.78
11.50
15.43
16.81
18.83
18.89
11.12
23.17
9.25
28.35
23.09
27.63
13.58
10.64
20.11
23.86
9.43
13.78
15.51
12.26
10.24
9.91
11.73
5.40
1.75
2.63
5.95
13.28
9.43
7.01
21.78
9.30
16.70
30.24
30.52
69.32
13.07
3.07
8.86
0.00
0.00
0.01
3.32
0.00
0.00
0.00
4.71
19.65
44.21
38.70
67.14
42.29
77.74
59.84
44.93
8.36
7.91
0.00
0.00
1.54
6.30
6.63
10.22
16.00
29.74
16.63
11.98
17.89
10.86
17.25
3.85
0.00
6.56
5.91
3.35
6.45
8.76
9.86
7.47
2.76
0.00
0.88
0.93
14.79
22.51
70.52
43.19
22.51
28.98
22.59
0.05
18.18
0.02
0.00
0.00
10.40
12.80
15.53
2.12
0.00
0.00
0.00
0.00
0.00
0.23
13.67
16.52
16.78
7.63
25.91
12.48
17.52
0.00
15.50
0.00
0.00
0.00
0.00
21.57
38.40
0.00
0.00
0.00
0.00
0.00
0.00
0.00
0.00
0.00
0.00
0.00
18.49
15.50
7.82
0.00
5.56
0.00
0.00
0.00
0.00
4.19
4.19
3.16
3.16
0.00
0.00
27.62
0.00
0.00
0.00
0.00
8.95
0.00
0.00
0.00
0.00
0.00
0.00
0.00
0.00
0.00
0.00
0.00
0.00
0.00
0.00
0.00
0.00
0.00
0.00
0.00
0.00
0.00
0.00
0.00
0.00
0.00
0.00
0.00
0.00
0.00
0.00
0.00
0.00
0.00
0.00
0.00
0.00
0.00
0.00
0.00
0.00
0.00
0.00
0.00
0.00
18.82
18.82
0.00
0.00
0.00
0.00
0.00
0.00
0.00
0.00
0.00
0.00
0.00
0.00
0.00
0.00
10.50
0.00
0.00
0.00
0.00
0.00
0.00
0.00
0.00
0.00
10.50
10.50
0.00
0.00
0.00
0.00
0.00
0.00
0.00
0.00
0.00
0.00
0.00
0.00
0.00
0.00
0.00
0.00
0.00
0.00
13.25
0.00
0.00
0.00
0.00
11.33
0.00
0.00
0.00
0.00
8.57
9.86
6.09
3.12
0.00
0.00
0.00
0.00
14.45
2.42
2.42
0.00
0.00
0.00
0.00
0.00
1.48
3.68
0.00
0.00
0.00
0.00
7.99
3.34
4.67
3.68
10.22
30.38
7.41
10.48
3.68
8.83
4.98
2.46
1.43
1.79
2.26
2.64
3.18
5.85
5.38
0.33
3.76
0.15
2.23
3.80
0.00
2.01
4.01
1.30
0.56
0.00
0.00
0.00
1.54
2.92
4.23
4.77
10.01
5.77
1.77
6.34
0.00
4.49
8.65
18.45
21.56
2.01
7.17
19.12
4.55
9.30
4.11
2.68
3.78
4.32
18.35
38.99
28.61
15.34
3.67
14.77
36.48
32.86
25.29
33.14
33.41
33.68
55.86
20.62
23.00
0.00
13.92
10.62
16.05
0.00
0.00
0.00
0.00
0.00
0.00
0.00
0.00
0.00
3.65
0.67
0.00
1.26
8.67
7.35
11.05
11.19
12.05
0.00
0.04
9.86
9.56
6.25
13.50
4.73
14.19
17.30
12.66
21.14
43.49
44.29
25.20
8.91
32.01
10.59
3.01
35.74
32.83
25.31
22.76
9.91
6.83
9.30
16.45
17.69
30.94
55.48
18.95
2.33
1.06
3.57
9.97
18.20
15.23
0.00
0.00
0.00
0.00
10.08
0.00
0.01
0.02
16.12
4.61
25.41
18.76
5.00
5.28
15.65
15.71
12.17
14.95
7.91
11.08
8.84
18.54
8.13
0.00
12.97
1.63
6.30
9.86
11.57
10.95
0.28
9.51
3.43
11.20
5.58
0.00
0.00
10.83
13.10
3.26
6.82
3.09
4.61
3.01
5.66
7.94
1.13
0.02
0.00
11.04
0.00
0.00
10.36
2.50
0.00
0.00
0.00
0.00
0.00
0.00
0.00
0.00
0.00
0.00
0.00
0.00
0.00
1.32
0.05
0.00
0.00
19.19
0.00
0.00
1.04
0.00
0.00
13.77
30.48
16.00
16.51
20.21
17.86
59.52
43.18
0.00
15.38
34.52
27.57
9.90
0.00
0.00
0.00
4.19
0.00
0.00
0.00
0.00
0.00
0.00
0.00
0.00
0.00
0.00
0.00
0.00
0.00
0.00
0.00
0.00
0.00
0.00
0.00
0.00
0.00
0.00
0.00
0.00
0.00
0.00
0.00
0.00
0.00
0.00
0.00
0.00
0.00
0.00
0.00
0.00
0.00
0.00
0.00
0.00
0.00
0.00
0.00
0.00
0.00
0.00
0.00
0.00
0.00
0.00
0.00
0.00
0.00
0.00
0.00
0.00
0.00
0.00
0.00
0.00
0.00
0.00
0.00
0.00
0.00
0.00
0.00
0.00
0.00
0.00
0.00
0.00
0.00
18.82
0.00
0.00
0.00
0.00
0.00
0.00
0.00
0.00
0.00
0.00
0.00
0.00
0.00
10.50
10.50
10.50
10.50
0.00
0.00
0.00
0.00
0.00
10.50
10.50
0.00
0.00
0.00
0.00
0.00
0.00
0.00
0.00
0.00
0.00
0.00
0.00
0.00
0.00
0.00
0.00
0.00
0.00
0.00
0.00
12.74
10.78
9.86
10.48
5.26
4.03
0.00
0.00
0.00
0.00
0.00
0.00
5.70
16.97
7.89
4.03
0.59
5.93
7.55
0.96
0.19
0.00
0.00
0.00
0.00
0.00
4.91
18.17
0.19
4.67
4.34
5.31
6.22
7.71
23.04
6.82
0.59
0.00
0.00
0.00
0.00
14.66
61.56
55.93
12.36
6.96
8.28
7.99
5.92
0.29
0.00
0.29
0.29
2.92
4.87
1.06
2.01
0.00
1.77
18.36
13.75
14.14
39.86
0.00
0.00
0.00
42.34
7.79
19.68
4.44
9.21
13.95
11.90
23.74
13.70
14.62
18.74
4.01
1.82
4.58
2.13
5.03
0.69
9.75
3.98
4.28
6.22
14.41
16.44
0.00
14.31
3.10
14.13
0.00
0.00
0.00
0.00
0.00
0.00
0.00
0.00
0.00
0.00
10.62
2.75
3.44
0.69
0.36
8.93
5.88
9.08
8.22
0.00
0.00
4.39
5.72
3.16
0.00
0.83
0.00
9.18
0.00
0.00
0.00
12.11
34.68
23.63
17.04
16.76
34.94
21.80
7.47
8.08
3.80
0.91
4.29
5.43
2.28
2.61
0.00
0.00
1.48
4.04
4.76
4.33
3.30
2.46
7.22
9.47
18.20
16.98
14.44
19.68
7.99
6.39
3.43
3.74
9.63
2.63
0.00
2.33
8.32
7.46
6.72
8.42
4.42
0.00
0.11
0.11
0.01
0.03
5.98
26.41
61.94
74.98
39.31
14.95
13.00
9.86
12.48
12.58
4.05
4.14
0.00
0.00
0.00
0.00
0.00
4.99
1.24
10.16
0.00
0.00
7.49
8.72
0.00
0.00
8.19
10.31
2.47
10.49
16.43
17.48
9.36
5.60
5.45
0.00
12.90
12.90
3.67
4.89
5.13
0.00
0.00
2.72
0.49
11.12
2.04
13.89
8.17
0.00
0.83
6.17
0.00
0.00
0.00
0.00
0.00
3.64
4.18
37.10
30.68
17.43
0.00
0.00
0.00
0.00
0.00
0.00
0.00
0.00
0.00
4.19
0.00
0.00
0.00
0.00
0.00
0.00
0.00
0.00
0.00
0.00
0.00
0.00
0.00
0.00
0.00
0.00
0.00
0.00
0.00
0.00
0.00
0.00
0.00
0.00
0.00
0.00
0.00
0.00
0.00
0.00
0.00
0.00
0.00
0.00
0.00
0.00
0.00
0.00
0.00
0.00
0.00
0.00
0.00
0.00
0.00
0.00
0.00
0.00
0.00
0.00
0.00
0.00
0.00
0.00
0.00
0.00
0.00
0.00
0.00
0.00
0.00
0.00
0.00
0.00
0.00
0.00
0.00
18.82
18.82
18.82
0.00
0.00
0.00
0.00
0.00
0.00
0.00
0.00
0.00
0.00
0.00
0.00
0.00
0.00
0.00
0.00
10.50
10.50
10.50
0.00
0.00
0.00
0.00
0.00
10.50
0.00
0.00
0.00
0.00
0.00
0.00
10.50
10.50
0.00
0.00
0.00
0.00
0.00
0.00
0.00
0.00
0.00
0.00
0.00
0.00
0.00
0.00
0.00
5.26
4.03
6.95
12.38
10.03
9.44
4.03
0.00
0.00
0.00
0.00
0.00
0.00
0.00
0.00
0.00
0.00
0.00
0.00
12.06
17.99
5.68
0.19
0.00
4.02
0.00
0.00
1.89
0.00
0.00
0.00
0.00
0.33
0.00
0.00
2.07
7.55
0.00
5.93
7.41
6.46
0.00
17.26
7.12
2.26
0.33
0.19
10.02
3.18
11.83
16.16
2.64
0.00
0.00
0.00
27.83
7.79
1.06
5.92
5.51
0.00
0.00
2.01
6.34
6.75
2.23
17.22
62.39
3.68
6.40
0.00
5.09
17.40
4.66
8.40
18.74
22.68
3.36
0.94
0.00
12.00
16.07
6.38
9.46
5.48
7.55
20.31
5.26
3.53
11.48
9.17
2.91
4.88
2.91
3.44
3.17
0.94
13.96
14.35
0.09
0.00
0.00
0.00
0.00
0.00
2.83
3.37
0.00
17.75
9.89
1.34
31.62
43.86
30.32
10.64
10.04
13.07
21.45
33.95
22.58
40.30
20.93
7.97
11.30
11.75
16.48
45.31
33.85
39.26
44.79
18.37
8.02
0.00
0.00
5.03
3.89
7.15
8.42
9.71
9.86
10.56
18.25
3.97
2.50
4.13
8.42
13.37
11.53
17.26
12.81
26.62
27.78
44.14
18.04
16.73
12.72
7.51
2.46
2.44
12.37
16.70
7.99
10.70
18.70
22.50
21.29
8.34
14.35
14.62
0.01
4.52
2.00
4.09
6.00
0.00
0.00
0.00
0.28
0.00
0.00
0.00
0.00
15.22
0.37
0.00
0.00
0.00
0.26
0.00
1.10
5.18
0.71
5.68
7.47
9.54
9.42
1.05
0.00
0.00
0.00
0.00
0.00
0.00
10.89
3.14
9.20
19.59
1.61
0.00
4.61
5.77
20.69
19.90
19.54
12.09
21.53
8.37
22.32
0.00
0.00
0.00
4.97
19.63
49.79
21.84
15.92
0.00
2.95
0.02
10.20
1.04
6.09
5.49
6.82
12.39
0.00
0.00
0.00
0.00
0.00
0.00
0.00
0.00
0.00
0.00
0.00
0.00
0.00
0.00
0.00
0.00
0.00
0.00
0.00
0.00
0.00
0.00
0.00
0.00
0.00
0.00
0.00
0.00
0.00
0.00
25.71
0.00
8.95
0.00
0.00
0.00
0.00
0.00
0.00
0.00
0.00
0.00
0.00
0.00
0.00
0.00
0.00
0.00
0.00
0.00
0.00
0.00
0.00
0.00
0.00
0.00
0.00
0.00
0.00
0.00
0.00
0.00
0.00
0.00
0.00
0.00
0.00
0.00
0.00
0.00
0.00
0.00
0.00
0.00
0.00
0.00
0.00
0.00
0.00
0.00
0.00
0.00
0.00
0.00
0.00
0.00
0.00
0.00
0.00
0.00
0.00
0.00
0.00
0.00
0.00
0.00
0.00
0.00
0.00
0.00
0.00
0.00
0.00
0.00
0.00
0.00
0.00
0.00
0.00
10.50
10.50
0.00
0.00
0.00
0.00
0.00
0.00
0.00
0.00
0.00
0.00
0.00
0.00
0.00
0.00
0.00
0.00
0.00
11.77
5.70
0.00
0.00
0.00
0.00
0.00
0.00
0.00
0.00
6.48
6.48
3.12
0.00
0.00
0.00
0.00
0.00
0.00
0.00
0.00
0.00
0.00
0.00
0.00
0.00
0.00
0.00
0.00
0.00
0.00
0.00
0.00
0.00
0.00
0.59
2.98
11.77
8.42
0.00
0.00
3.68
7.71
14.42
8.56
0.00
0.00
7.55
0.00
5.31
0.00
0.00
0.00
0.00
3.13
4.55
2.01
12.78
20.24
11.79
9.41
3.13
0.00
0.00
0.00
0.00
0.00
0.00
0.00
0.00
0.00
0.00
0.00
8.40
5.72
6.04
0.00
2.23
0.00
1.06
0.56
0.00
0.29
3.13
1.66
3.67
0.18
0.85
0.00
14.49
0.00
0.00
0.00
0.00
0.00
0.00
0.00
0.85
10.91
11.05
28.74
30.53
21.95
11.98
0.00
0.00
0.00
0.00
0.00
0.00
2.37
8.72
16.27
14.28
14.24
14.67
14.80
15.46
13.00
15.61
13.78
13.17
14.39
11.35
12.36
8.33
2.18
1.07
0.00
0.83
0.00
0.00
0.00
0.00
7.22
8.02
5.83
3.35
7.03
11.65
0.00
5.63
12.36
3.35
0.00
0.00
0.00
2.25
0.99
0.00
7.88
11.55
2.25
9.69
35.38
34.31
14.32
8.42
12.22
5.50
11.21
4.13
1.96
1.52
5.60
1.29
0.00
0.00
0.00
0.00
0.00
11.39
0.00
0.00
0.00
0.00
3.43
8.70
5.28
4.70
5.58
13.75
5.68
23.00
2.81
0.00
0.00
0.00
0.00
4.75
8.36
0.00
0.00
1.58
6.82
0.00
6.61
2.20
0.00
12.94
3.07
1.01
1.11
0.01
0.05
0.00
0.00
8.21
14.53
10.54
18.97
20.29
16.52
8.04
12.22
35.02
35.29
27.98
29.71
23.53
25.46
17.21
11.29
0.00
0.00
5.92
12.14
22.68
1.90
0.02
0.05
0.00
0.00
0.00
0.00
0.00
2.64
0.00
0.00
0.00
0.00
0.00
0.00
0.00
0.00
0.00
0.00
0.00
0.00
0.00
0.00
0.00
31.91
15.25
0.00
0.00
0.00
0.00
0.00
0.00
0.00
0.00
0.00
0.00
0.00
16.97
0.00
0.00
0.00
0.00
0.00
0.00
0.00
0.00
0.00
0.00
0.00
0.00
0.00
0.00
0.00
0.00
0.00
0.00
0.00
0.00
0.00
0.00
0.00
0.00
0.00
0.00
0.00
18.78
0.00
34.44
64.24
59.75
0.00
0.00
0.00
0.00
0.00
0.00
0.00
0.00
18.82
18.82
0.00
0.00
0.00
0.00
0.00
0.00
0.00
0.00
0.00
0.00
0.00
0.00
18.82
0.00
0.00
0.00
0.00
0.00
0.00
0.00
0.00
0.00
0.00
0.00
0.00
0.00
0.00
0.00
0.00
0.00
0.00
0.00
0.00
0.00
0.00
0.00
0.00
0.00
0.00
0.00
0.00
0.00
0.00
0.00
0.00
0.00
0.00
0.00
0.00
0.00
0.00
0.00
0.00
0.00
0.00
0.00
0.00
0.00
0.00
0.00
0.00
0.00
0.00
0.00
0.00
0.00
0.00
0.00
0.00
0.00
0.00
0.00
27.22
9.53
9.53
9.15
0.00
0.00
0.00
0.00
0.00
0.00
0.00
0.00
0.00
0.00
0.00
0.00
0.00
0.00
0.00
0.00
0.00
0.00
0.00
7.78
8.69
0.00
7.55
2.07
0.00
0.00
0.00
0.19
0.59
0.85
0.00
0.00
0.00
0.00
0.19
3.57
7.79
4.01
2.23
7.79
3.36
0.00
5.09
4.23
0.00
0.00
0.00
0.00
2.92
5.92
6.55
14.34
11.00
8.20
1.06
0.00
0.00
0.00
0.00
0.00
0.00
3.13
2.69
6.55
17.60
14.63
0.00
2.29
4.05
1.50
3.67
0.00
0.00
0.00
0.00
3.37
4.58
12.98
8.43
8.43
7.41
25.98
37.64
9.31
6.15
8.07
0.23
0.00
1.22
7.70
0.00
0.00
0.00
0.00
0.00
0.00
0.02
0.04
9.92
8.33
5.68
10.92
8.98
9.71
14.47
45.78
38.37
12.31
17.76
2.99
0.06
3.31
5.43
9.13
7.03
9.38
43.69
92.95
84.44
15.82
28.25
23.66
10.89
3.72
2.89
0.93
0.48
0.00
0.00
0.00
7.61
21.52
19.46
8.20
1.36
0.00
6.72
7.01
2.89
7.48
3.64
0.00
0.00
21.39
23.35
20.81
25.41
19.24
28.18
29.62
19.18
19.97
12.55
6.88
9.39
18.48
21.68
39.76
28.77
21.89
21.14
29.43
6.04
13.81
0.00
0.00
5.28
0.00
1.30
0.93
12.90
1.37
4.94
3.52
10.70
8.81
7.41
5.33
0.26
3.61
0.74
1.10
0.00
0.00
2.68
12.97
0.00
3.26
2.50
7.22
0.00
11.21
0.00
0.00
0.00
0.00
17.74
14.10
0.00
0.00
0.00
0.00
19.94
4.93
0.00
0.00
0.00
0.00
0.00
3.10
9.87
14.96
12.22
14.27
0.11
0.00
0.00
11.21
0.00
0.00
14.39
20.74
25.19
0.00
0.00
0.00
0.00
0.00
11.69
0.00
0.00
0.00
12.42
11.69
0.00
5.56
4.19
0.00
13.14
10.82
0.00
0.00
0.00
0.00
0.00
0.00
0.00
0.00
0.00
0.00
0.00
0.00
0.00
0.00
17.50
49.85
128.59
14.72
8.95
0.00
8.95
44.94
36.22
0.00
0.00
0.00
0.00
11.42
0.00
8.95
0.00
0.00
0.00
11.42
12.56
11.42
0.00
11.42
11.42
18.82
0.00
0.00
0.00
0.00
0.00
0.00
0.00
18.82
18.82
18.82
18.82
18.82
0.00
0.00
0.00
0.00
0.00
0.00
18.82
0.00
0.00
18.82
0.00
0.00
0.00
0.00
0.00
0.00
0.00
0.00
0.00
0.00
0.00
10.50
10.50
0.00
0.00
10.50
10.50
0.00
0.00
0.00
0.00
0.00
0.00
10.50
10.50
10.50
0.00
0.00
10.50
0.00
0.00
0.00
0.00
0.00
0.00
0.00
0.00
0.00
0.00
0.00
0.00
0.00
0.00
0.00
0.00
0.00
0.00
0.00
0.00
0.00
0.00
0.00
0.00
0.00
0.00
7.36
7.89
0.00
0.00
0.00
0.00
0.00
6.09
6.09
0.00
0.00
0.00
0.00
0.00
0.00
0.00
0.00
0.00
0.00
0.00
0.00
2.98
5.93
5.31
0.59
11.89
0.59
0.59
0.00
0.00
1.27
9.81
5.46
1.27
0.85
4.34
0.00
2.26
7.12
1.89
6.22
11.30
4.98
5.72
6.34
30.38
5.09
5.51
3.36
3.80
0.00
2.69
12.14
2.47
2.58
10.26
18.41
6.24
6.24
8.75
7.17
0.00
14.73
1.30
0.00
0.00
0.00
0.00
0.00
0.00
3.57
6.75
3.80
0.00
0.00
0.69
0.00
0.00
0.00
0.00
0.36
0.18
0.00
0.00
8.10
6.15
18.87
21.08
10.25
32.11
23.35
20.98
20.29
25.95
22.93
7.55
0.00
0.00
0.00
0.00
0.00
0.00
0.00
0.00
0.00
6.03
7.57
4.34
8.47
7.27
7.27
1.84
9.83
21.96
12.13
13.35
19.26
12.77
15.13
16.14
7.57
1.41
0.00
9.96
10.49
17.50
14.77
20.27
11.02
17.35
12.56
6.23
0.00
7.22
3.35
7.88
7.80
12.55
6.69
17.95
12.72
14.50
9.30
6.83
5.60
6.51
5.00
0.00
0.00
0.00
0.00
0.00
0.00
0.00
0.00
0.00
0.00
7.67
3.57
8.32
15.35
10.30
1.67
2.85
0.00
0.00
14.68
4.89
4.70
2.21
3.78
0.65
4.63
1.88
0.00
0.00
13.10
8.64
8.41
7.22
12.14
9.63
12.33
15.12
11.82
38.13
49.41
83.18
20.07
1.99
0.01
0.00
0.00
0.00
7.69
8.08
18.44
3.80
0.00
0.69
2.12
4.52
15.00
11.54
20.15
12.73
0.55
7.63
3.14
10.40
20.60
20.46
1.43
0.05
20.90
0.00
0.00
0.00
0.89
6.82
16.57
6.32
2.42
14.41
0.00
0.00
32.54
30.87
36.19
43.30
0.00
0.00
0.00
12.42
26.33
32.90
16.74
0.00
0.00
0.00
0.00
0.00
5.56
0.00
0.00
0.00
0.00
0.00
0.00
0.00
0.00
17.43
42.55
36.35
0.00
0.00
0.00
0.00
0.00
0.00
0.00
0.00
0.00
0.00
0.00
0.00
0.00
0.00
0.00
0.00
0.00
0.00
0.00
0.00
0.00
0.00
0.00
0.00
0.00
0.00
0.00
0.00
0.00
0.00
0.00
0.00
0.00
0.00
0.00
0.00
0.00
0.00
0.00
0.00
0.00
0.00
0.00
0.00
0.00
0.00
0.00
0.00
0.00
0.00
0.00
18.82
0.00
0.00
0.00
0.00
0.00
0.00
0.00
0.00
0.00
0.00
0.00
0.00
0.00
0.00
0.00
0.00
0.00
0.00
0.00
0.00
0.00
10.50
0.00
0.00
0.00
10.50
0.00
0.00
0.00
10.50
10.50
0.00
10.50
10.50
10.50
0.00
0.00
10.50
0.00
0.00
0.00
0.00
0.00
0.00
0.00
0.00
0.00
11.05
6.80
0.00
0.00
0.00
0.00
0.00
0.00
3.12
8.34
0.00
4.03
4.03
0.00
0.00
0.00
0.00
0.00
0.00
0.00
3.12
5.26
0.00
0.00
13.04
0.00
0.00
0.85
0.00
0.00
3.68
1.89
4.02
6.53
0.00
0.00
0.00
0.00
0.00
3.34
0.00
0.00
0.00
0.19
3.86
0.00
3.34
1.06
4.67
8.83
2.64
4.98
4.98
2.07
4.18
6.53
15.49
21.18
6.14
9.71
14.43
39.15
12.00
23.69
13.68
29.29
30.06
13.22
5.92
0.00
4.01
5.40
8.61
4.23
4.34
4.87
8.50
18.54
35.24
7.38
3.13
14.05
13.56
5.51
20.81
14.14
7.55
10.33
8.58
19.78
7.41
3.98
6.82
5.18
2.60
8.00
2.75
9.60
1.50
3.98
4.88
6.08
15.77
6.67
0.00
6.22
21.12
0.00
33.00
29.71
29.78
0.00
0.00
3.53
15.77
12.92
0.00
0.00
0.00
0.00
11.10
18.39
25.85
3.18
0.00
13.70
8.63
17.43
6.32
9.68
8.05
2.59
6.77
9.88
5.43
9.30
12.31
16.43
14.49
15.61
20.73
27.42
54.07
149.12
63.91
18.48
9.43
9.08
4.28
14.08
10.93
19.36
6.90
11.85
1.86
0.00
0.00
13.25
15.96
4.37
6.62
8.64
4.23
9.52
0.00
24.01
16.33
1.63
5.65
6.41
14.68
10.42
7.91
9.33
1.74
8.72
6.74
9.91
4.42
16.31
9.67
14.51
13.88
11.32
11.26
15.76
36.14
33.26
12.36
8.87
15.52
0.00
2.25
10.05
0.40
9.60
12.65
4.10
9.05
6.19
2.84
8.72
8.64
6.51
3.35
1.63
3.07
15.01
11.57
15.74
20.25
23.75
11.71
8.29
61.23
7.71
20.55
25.77
2.98
8.54
12.05
50.55
2.34
0.00
18.80
20.90
0.00
22.51
15.14
20.73
10.87
24.02
13.93
0.11
0.17
0.00
0.23
0.05
0.00
0.00
0.00
0.00
8.77
0.00
0.00
0.00
0.00
0.00
0.00
0.00
0.00
0.00
4.94
0.00
0.00
0.00
0.00
0.00
0.00
0.00
0.00
0.00
0.00
0.00
12.42
14.95
0.00
0.00
3.16
0.00
0.00
0.00
0.00
0.00
0.00
0.00
0.00
0.00
0.00
0.00
0.00
0.00
11.42
11.42
0.00
0.00
0.00
0.00
0.00
0.00
0.00
0.00
0.00
0.00
0.00
0.00
0.00
0.00
0.00
0.00
0.00
0.00
0.00
0.00
0.00
0.00
0.00
18.82
0.00
0.00
0.00
18.82
18.82
18.82
18.82
0.00
0.00
0.00
0.00
0.00
0.00
0.00
0.00
0.00
0.00
0.00
0.00
0.00
0.00
0.00
0.00
0.00
0.00
0.00
0.00
0.00
0.00
0.00
0.00
0.00
0.00
0.00
0.00
0.00
0.00
0.00
0.00
0.00
0.00
0.00
10.50
0.00
0.00
0.00
0.00
10.50
10.50
0.00
0.00
0.00
0.00
0.00
0.00
0.00
0.00
0.00
0.00
0.00
0.00
0.00
0.00
0.00
4.03
4.03
0.00
0.00
0.00
0.00
0.00
0.00
8.77
2.42
4.46
12.12
10.41
0.00
0.00
13.34
12.62
11.33
4.67
3.68
5.61
37.04
7.04
4.67
0.00
2.26
7.12
8.56
2.98
0.33
1.27
0.19
0.00
1.89
5.31
7.12
4.18
1.48
0.59
2.98
11.83
14.15
0.00
0.00
0.00
4.02
12.61
14.90
12.42
17.83
16.64
0.00
3.08
5.72
0.00
5.79
9.01
8.20
0.00
0.44
2.69
1.54
3.36
3.02
7.17
0.56
0.81
2.01
2.23
3.80
5.09
3.02
2.23
3.19
0.00
0.56
0.56
4.66
10.60
5.18
5.78
3.06
0.00
0.00
0.00
0.00
1.02
2.52
3.14
3.67
0.00
0.00
3.53
0.00
0.00
0.00
0.00
0.00
0.00
2.75
0.00
1.82
3.29
3.53
0.05
0.00
0.00
0.00
3.53
0.00
0.00
0.00
0.00
2.18
0.00
0.00
0.00
5.92
0.00
0.00
10.59
57.17
41.60
20.42
10.62
12.36
4.61
0.00
0.02
0.00
0.00
0.00
0.00
1.60
6.03
6.52
2.86
0.00
0.00
0.00
0.00
0.00
0.00
2.99
17.07
13.66
27.26
35.67
41.40
37.89
24.41
41.99
40.81
1.52
8.37
4.56
10.30
0.00
11.04
15.11
9.85
11.85
5.95
7.59
5.52
30.18
14.59
13.19
6.67
10.70
5.00
3.09
0.00
18.18
13.81
19.99
5.98
10.22
14.01
7.03
8.02
6.14
17.86
5.28
10.70
4.51
13.10
4.05
0.00
7.30
16.31
15.55
9.45
13.81
11.29
0.00
10.10
11.26
16.77
3.12
0.00
0.00
9.20
22.32
31.35
22.87
27.17
24.64
33.55
25.19
14.01
17.39
13.24
16.35
0.00
32.81
20.55
19.32
13.08
0.00
0.00
0.00
0.00
2.31
7.38
12.39
0.00
0.00
0.00
1.46
66.06
190.93
0.00
4.19
0.00
0.00
0.00
0.00
0.00
8.77
0.00
0.00
0.00
0.00
26.69
0.00
11.29
29.37
28.88
29.26
20.82
29.05
26.01
30.40
17.02
0.00
0.00
0.00
4.19
4.19
4.19
4.19
0.00
0.00
8.95
16.91
13.35
0.00
21.66
27.62
32.45
43.94
120.48
71.84
0.00
0.00
0.00
0.00
8.95
8.95
11.42
11.42
0.00
0.00
11.42
11.42
8.95
0.00
7.02
8.95
10.32
8.95
8.95
0.00
18.82
18.82
0.00
18.82
0.00
18.82
0.00
0.00
18.82
0.00
0.00
0.00
0.00
0.00
0.00
0.00
0.00
0.00
0.00
0.00
0.00
0.00
0.00
0.00
0.00
0.00
0.00
0.00
0.00
0.00
0.00
0.00
0.00
0.00
0.00
0.00
10.50
0.00
0.00
0.00
0.00
0.00
0.00
0.00
0.00
0.00
0.00
0.00
0.00
0.00
0.00
0.00
0.00
0.00
0.00
0.00
0.00
0.00
0.00
0.00
0.00
0.00
0.00
3.12
4.03
3.12
1.87
6.87
2.42
0.00
0.00
4.03
5.80
0.00
4.03
13.37
13.84
3.12
0.00
0.00
0.00
0.00
0.00
0.00
0.00
0.00
4.03
0.00
0.00
0.00
0.00
0.00
0.59
0.00
1.48
0.00
0.00
0.00
0.00
0.00
2.07
0.85
1.06
3.68
1.89
0.00
0.59
0.59
0.00
0.00
0.00
0.00
0.00
0.00
0.00
0.00
0.00
1.48
0.59
7.99
3.36
9.01
7.99
14.34
2.81
4.87
3.41
5.92
3.75
3.36
3.68
2.97
0.00
1.43
2.58
0.00
0.00
2.01
0.81
9.61
0.00
8.61
9.61
2.23
15.30
24.71
12.63
3.57
0.00
8.61
0.69
0.00
0.85
7.85
13.20
9.89
4.43
0.00
0.00
0.00
0.00
16.34
6.49
0.00
2.44
0.00
0.00
0.00
0.00
0.00
0.00
0.00
0.00
0.00
0.00
0.00
2.60
0.00
0.00
0.00
0.00
1.51
1.70
0.45
0.00
0.00
0.00
0.00
0.00
0.00
0.00
0.00
0.00
0.00
0.00
0.00
5.85
12.95
10.13
0.02
11.45
16.86
12.34
30.06
32.39
31.36
7.72
11.05
13.17
18.73
9.33
2.63
0.00
0.00
0.00
0.00
0.00
0.00
0.00
0.00
0.00
0.00
0.00
6.51
9.35
0.00
8.74
0.01
1.90
11.78
6.16
0.92
0.00
3.21
3.85
3.95
3.39
2.08
0.00
0.00
6.16
4.13
3.31
3.33
0.00
0.00
10.65
14.68
9.63
0.00
0.00
0.00
0.00
4.01
0.00
7.79
12.39
10.16
3.90
5.18
8.05
0.01
10.62
11.08
6.51
1.18
2.37
1.27
7.03
12.39
11.69
8.30
3.65
35.57
28.08
30.25
25.00
12.39
25.19
19.67
24.11
53.39
27.53
17.48
2.20
5.28
6.32
22.59
2.38
0.00
1.54
1.11
0.00
0.00
0.00
0.00
0.29
0.00
0.00
0.00
0.00
0.00
0.00
0.00
0.00
6.67
4.19
0.00
0.00
10.38
0.00
0.00
0.00
0.00
13.99
23.42
8.47
16.51
4.94
0.00
0.00
0.00
8.16
17.43
0.00
0.00
0.00
11.09
0.00
0.00
0.00
0.00
0.00
0.00
0.00
0.00
0.00
0.00
0.00
0.00
0.00
0.00
0.00
0.00
0.00
0.00
0.00
0.00
0.00
0.00
0.00
0.00
0.00
0.00
0.00
0.00
0.00
0.00
0.00
0.00
0.00
0.00
0.00
0.00
0.00
0.00
0.00
0.00
0.00
0.00
0.00
0.00
0.00
0.00
0.00
0.00
0.00
0.00
0.00
0.00
0.00
0.00
0.00
0.00
0.00
0.00
0.00
0.00
0.00
0.00
0.00
0.00
0.00
18.82
18.82
0.00
0.00
0.00
0.00
0.00
0.00
0.00
0.00
0.00
0.00
10.50
10.50
10.50
0.00
0.00
10.50
0.00
0.00
0.00
0.00
0.00
0.00
0.00
0.00
0.00
10.50
10.50
0.00
0.00
0.00
0.00
0.00
0.00
0.00
4.75
5.70
0.00
0.00
0.00
0.00
0.00
0.00
0.00
0.00
0.00
0.00
0.00
0.00
9.15
17.35
13.53
13.53
5.26
9.86
8.12
11.05
13.82
13.20
13.34
17.57
0.00
0.00
0.00
4.02
5.93
6.22
7.71
6.22
0.00
0.00
0.00
0.00
0.00
0.00
0.11
0.00
0.00
0.00
4.18
10.67
12.48
9.61
0.00
0.00
0.00
0.00
12.09
1.06
2.07
0.19
0.00
0.00
0.00
6.97
0.29
4.23
3.80
0.81
14.92
15.44
4.49
0.00
3.31
0.00
0.00
3.80
3.36
3.57
6.24
16.64
1.77
0.00
1.30
4.82
4.77
5.72
17.60
2.81
7.94
10.16
13.99
0.00
0.00
0.00
0.00
0.00
4.73
2.60
0.00
6.22
2.60
9.46
2.29
8.58
6.52
2.29
6.67
11.34
14.35
13.49
0.18
0.36
2.29
11.63
25.84
28.82
30.81
51.99
50.85
39.06
34.40
14.75
7.27
0.00
0.00
6.65
24.69
13.81
32.52
41.40
29.86
29.49
15.69
10.04
20.42
23.30
1.70
0.00
0.00
0.00
3.50
4.54
5.43
0.00
0.00
0.00
0.00
0.00
0.00
0.00
0.00
0.00
0.00
0.00
2.92
6.95
2.35
0.95
7.43
9.94
23.29
15.38
7.64
13.61
8.37
6.98
11.64
6.16
17.44
13.43
12.84
8.91
18.60
8.72
15.17
19.78
8.96
10.98
0.00
0.00
0.00
0.00
0.00
2.68
9.57
1.87
0.00
3.18
10.40
14.75
24.48
3.31
5.51
11.14
0.96
0.00
0.30
7.47
9.51
13.35
6.63
16.31
6.19
4.10
0.00
0.00
2.25
10.65
6.79
2.39
0.00
0.00
0.91
25.72
30.98
0.00
0.00
0.00
0.14
0.79
1.61
26.89
13.33
8.87
7.55
9.69
7.88
25.19
26.08
16.70
18.88
11.54
0.00
17.39
27.53
2.04
6.89
8.37
2.04
0.00
0.00
1.04
2.08
24.80
19.10
36.50
34.52
24.25
14.95
14.95
0.00
0.00
0.00
0.00
17.43
0.00
0.00
0.00
9.90
17.65
21.89
0.00
0.00
13.14
28.52
10.38
0.00
0.00
0.00
0.00
0.00
0.00
0.00
0.00
0.00
0.00
0.00
0.00
0.00
0.00
0.00
0.00
0.00
52.56
51.82
0.00
0.00
0.00
0.00
7.02
0.00
0.00
8.95
8.95
0.00
0.00
0.00
0.00
0.00
0.00
0.00
0.00
0.00
0.00
18.82
18.82
0.00
0.00
0.00
0.00
0.00
0.00
0.00
0.00
0.00
0.00
0.00
0.00
0.00
0.00
0.00
0.00
0.00
0.00
0.00
18.82
0.00
0.00
0.00
0.00
0.00
0.00
18.82
0.00
0.00
0.00
0.00
0.00
0.00
0.00
0.00
0.00
0.00
0.00
0.00
0.00
0.00
0.00
0.00
0.00
0.00
0.00
0.00
0.00
10.50
0.00
0.00
0.00
0.00
0.00
0.00
0.00
0.00
0.00
0.00
0.00
0.00
0.00
0.00
0.00
0.00
0.00
0.00
0.00
0.00
0.00
0.00
0.00
0.00
0.00
0.00
0.00
0.00
0.00
0.00
0.00
0.00
0.00
0.00
0.00
6.48
9.06
4.03
4.03
0.00
1.89
0.00
0.00
0.00
0.00
0.00
0.00
0.33
0.73
0.00
0.00
3.68
0.00
0.00
0.00
0.00
9.74
3.34
6.22
14.42
20.37
11.83
2.26
0.00
0.00
0.00
0.00
4.02
14.66
4.02
0.00
0.00
6.14
1.30
3.36
2.58
1.46
2.71
0.00
0.00
10.26
13.95
10.81
14.53
5.19
17.69
9.82
4.23
2.01
6.75
1.06
19.50
0.00
0.00
0.00
3.02
3.90
40.84
3.13
8.90
1.66
6.71
0.00
31.70
12.85
21.26
7.18
7.34
0.00
2.13
7.70
10.62
14.70
5.63
0.00
0.00
0.00
0.00
0.00
0.00
0.00
5.03
9.75
6.38
9.60
6.59
11.41
2.99
57.92
42.64
28.20
9.60
0.00
0.00
6.63
16.02
29.70
13.68
21.32
30.63
34.26
2.47
0.00
0.00
10.19
10.74
16.13
0.02
2.86
3.25
8.13
5.72
20.93
62.43
25.67
2.67
11.86
21.75
15.61
16.13
12.46
8.33
6.62
4.61
13.01
5.70
0.00
4.23
4.56
7.25
10.53
15.17
8.91
10.16
26.12
26.53
15.81
10.08
11.50
8.34
7.51
7.30
1.92
9.30
4.71
8.86
10.08
8.86
7.88
11.90
18.45
19.46
15.96
9.51
25.06
18.97
30.43
23.97
36.80
38.59
25.54
43.53
54.72
23.27
11.08
8.36
3.94
0.00
0.00
0.00
0.00
0.00
0.00
0.00
3.26
0.00
0.00
0.00
0.00
16.94
10.31
3.14
0.00
0.89
4.30
1.46
13.84
10.96
13.76
66.26
16.78
13.24
25.00
33.09
21.44
0.00
0.00
0.69
4.02
0.00
2.72
16.13
12.27
0.00
0.00
1.32
2.27
2.87
22.51
10.62
0.83
0.00
0.00
0.00
0.00
0.00
16.74
0.00
0.00
18.29
20.91
22.68
22.83
39.10
29.98
36.04
21.73
19.47
20.21
0.00
0.00
0.00
0.00
0.00
0.00
0.00
0.00
0.00
0.00
0.00
0.00
4.19
0.00
0.00
22.51
8.95
8.95
0.00
0.00
0.00
0.00
0.00
0.00
0.00
0.00
0.00
0.00
0.00
0.00
7.02
8.95
0.00
0.00
0.00
0.00
0.00
0.00
0.00
0.00
0.00
0.00
0.00
0.00
23.44
0.00
0.00
0.00
0.00
0.00
0.00
0.00
0.00
0.00
0.00
0.00
0.00
0.00
0.00
0.00
0.00
0.00
0.00
18.82
18.82
18.82
0.00
0.00
0.00
0.00
0.00
0.00
0.00
0.00
0.00
0.00
0.00
0.00
0.00
0.00
0.00
0.00
0.00
0.00
0.00
0.00
0.00
0.00
0.00
0.00
0.00
0.00
0.00
0.00
0.00
0.00
10.50
10.50
10.50
0.00
0.00
0.00
0.00
0.00
0.00
0.00
0.00
0.00
0.00
0.00
0.00
5.38
2.42
0.00
0.00
0.00
12.46
18.70
11.05
3.12
2.42
0.00
0.00
0.00
0.00
0.00
0.00
0.00
0.00
0.00
0.00
0.00
0.00
0.00
0.00
11.33
0.00
0.00
0.59
0.00
0.00
0.00
0.00
0.59
0.33
0.00
0.33
0.00
0.00
0.00
0.00
2.26
5.61
4.34
0.00
6.37
9.25
26.09
8.28
3.51
9.39
0.00
0.00
4.67
5.61
6.37
16.16
8.20
0.00
0.00
0.00
0.00
0.00
0.00
0.00
2.23
3.36
3.13
1.30
0.00
0.00
0.29
1.06
0.81
3.13
8.40
1.30
5.92
0.00
0.00
0.00
0.00
0.00
2.01
17.02
4.23
9.26
4.58
4.96
3.60
0.00
7.55
3.83
1.34
2.83
5.11
1.59
15.91
21.89
25.67
68.33
25.56
3.44
2.91
1.59
9.89
8.87
10.47
12.78
15.20
19.86
29.50
20.98
26.81
19.93
15.20
0.00
0.00
0.00
0.00
0.00
0.00
0.00
0.00
0.00
0.00
0.00
0.00
0.00
0.00
0.00
0.00
0.00
0.02
5.95
0.00
0.00
0.02
0.02
1.67
2.50
8.70
6.63
17.35
33.28
28.71
11.65
0.00
7.99
11.21
7.25
0.00
0.00
0.00
0.00
0.00
0.00
0.48
15.47
13.85
8.10
0.00
6.51
5.70
4.33
7.99
9.63
6.10
2.55
6.00
7.67
8.53
5.80
9.74
6.41
2.33
0.00
0.00
0.00
0.08
0.00
1.51
0.00
0.00
0.00
5.46
2.05
13.03
5.78
13.98
20.32
12.84
10.22
25.06
16.52
8.87
14.14
11.08
1.71
0.00
13.10
2.37
7.14
0.00
0.00
12.97
18.43
8.19
0.66
0.02
0.83
5.45
0.00
0.76
1.04
0.35
0.00
0.00
1.68
13.58
27.17
20.90
18.18
0.00
0.00
0.00
0.00
1.68
16.70
10.03
0.11
1.54
11.88
17.39
20.11
0.00
0.00
0.00
0.00
0.00
0.00
0.00
0.00
23.98
32.46
0.00
26.09
21.89
38.12
25.59
0.00
0.00
0.00
0.00
0.00
4.19
0.00
9.90
0.00
0.00
0.00
0.00
0.00
0.00
0.00
0.00
0.00
0.00
0.00
4.19
0.00
0.00
0.00
0.00
0.00
0.00
0.00
0.00
0.00
0.00
0.00
0.00
0.00
0.00
0.00
0.00
0.00
0.00
0.00
11.42
0.00
0.00
0.00
20.27
20.27
47.13
37.87
8.95
25.46
11.42
0.00
0.00
0.00
0.00
0.00
0.00
0.00
0.00
18.82
0.00
0.00
0.00
0.00
0.00
0.00
0.00
0.00
0.00
0.00
18.82
0.00
0.00
0.00
0.00
0.00
0.00
0.00
0.00
0.00
0.00
0.00
0.00
0.00
0.00
0.00
0.00
0.00
0.00
0.00
0.00
0.00
0.00
0.00
0.00
0.00
0.00
0.00
0.00
0.00
0.00
0.00
0.00
10.50
0.00
0.00
0.00
0.00
0.00
0.00
0.00
0.00
10.50
0.00
0.00
0.00
0.00
0.00
0.00
0.00
0.00
0.00
0.00
0.00
0.00
6.09
0.00
0.00
0.00
4.03
0.00
0.00
0.00
0.00
0.00
0.00
5.90
3.12
4.03
15.57
7.89
0.00
0.00
20.25
13.00
0.33
0.00
0.00
0.00
0.00
0.00
5.93
7.04
0.00
0.00
0.00
0.00
0.00
0.00
2.64
2.98
5.31
8.83
0.00
9.81
7.41
11.02
7.12
3.34
1.17
3.34
0.26
0.00
0.08
0.00
0.00
0.00
6.40
1.90
2.23
4.01
5.19
5.62
7.38
5.51
2.81
5.92
14.53
0.00
3.57
4.23
5.30
5.30
1.77
4.97
14.82
0.00
4.06
20.61
5.67
0.81
1.54
5.30
1.50
1.18
15.62
4.81
1.18
3.78
6.52
4.28
7.41
5.03
40.34
27.02
7.11
24.18
26.26
8.14
18.17
14.35
0.00
0.00
0.00
0.00
0.00
0.00
0.00
0.57
1.82
1.98
0.61
0.65
0.32
0.00
0.00
0.00
0.00
0.00
0.00
0.00
0.00
0.00
0.00
0.00
0.00
0.00
0.00
6.63
7.52
8.42
0.45
22.58
25.25
11.35
18.07
8.02
5.43
16.63
14.80
5.21
7.05
11.32
12.26
17.29
6.00
0.00
0.00
7.56
20.48
2.92
13.25
7.83
14.03
10.70
13.51
14.44
25.04
18.70
11.53
14.11
11.67
9.97
0.00
8.42
8.34
3.64
0.01
0.02
0.02
0.03
0.03
7.43
7.16
7.72
5.38
0.00
12.08
20.32
16.04
5.28
9.75
8.02
11.60
10.62
3.65
0.00
0.00
0.00
0.00
2.97
12.45
8.47
0.00
6.30
5.68
28.11
11.20
23.93
9.16
0.00
0.00
9.21
13.16
7.57
0.00
0.00
0.00
8.37
24.11
0.02
22.11
0.17
0.00
0.13
0.00
10.87
26.18
31.71
29.71
29.80
20.60
0.00
0.00
5.47
0.14
0.00
23.75
23.31
5.73
0.00
0.00
0.00
0.55
8.37
2.53
20.95
0.00
0.00
13.14
20.95
18.01
19.38
0.00
0.00
0.00
0.00
13.77
0.00
14.95
16.24
25.71
20.91
0.00
0.00
0.00
16.39
0.00
0.00
22.51
18.69
0.00
0.00
0.00
0.00
0.00
0.00
0.00
0.00
0.00
0.00
0.00
0.00
0.00
0.00
0.00
0.00
0.00
0.00
0.00
0.00
0.00
8.95
8.95
0.00
0.00
0.00
0.00
0.00
0.00
0.00
0.00
0.00
0.00
0.00
0.00
0.00
0.00
0.00
0.00
0.00
0.00
0.00
18.82
18.82
18.82
18.82
18.82
0.00
0.00
0.00
0.00
0.00
0.00
0.00
0.00
0.00
0.00
0.00
0.00
0.00
18.82
0.00
0.00
18.82
18.82
18.82
18.82
10.50
10.50
10.50
0.00
0.00
10.50
10.50
10.50
10.50
0.00
0.00
0.00
0.00
0.00
0.00
0.00
0.00
0.00
0.00
0.00
10.50
0.00
0.00
0.00
0.00
0.00
0.00
0.00
0.00
0.00
0.00
0.00
0.00
0.00
0.00
0.00
0.00
0.00
0.00
0.00
4.03
0.00
12.74
11.83
7.36
5.26
4.03
10.19
11.83
9.53
4.03
16.64
7.89
14.18
15.18
9.86
0.00
0.00
0.00
2.64
2.26
2.64
0.00
0.00
4.98
10.89
9.81
10.70
1.06
5.80
5.68
7.92
5.19
0.59
0.33
0.00
0.11
0.00
0.00
0.00
0.00
0.00
0.33
0.00
0.00
0.00
0.00
0.00
0.00
2.26
9.71
5.82
3.47
0.00
0.00
3.13
2.36
0.00
0.00
0.00
0.00
0.00
0.00
0.00
0.00
0.00
4.01
5.62
2.29
5.72
10.41
3.68
0.81
48.38
18.92
13.75
7.79
3.36
0.00
13.36
15.77
7.85
3.53
2.75
7.41
0.00
0.00
1.02
3.37
0.00
2.75
2.13
2.91
0.00
0.00
0.77
2.99
16.34
0.00
0.00
0.00
32.41
27.99
22.13
22.40
0.00
0.00
0.05
0.00
0.00
0.00
0.00
0.79
0.00
6.45
4.71
22.06
0.67
0.00
6.67
1.70
0.00
0.00
0.00
0.00
0.00
2.03
11.83
13.86
19.37
12.49
0.83
0.00
0.00
0.00
4.34
13.17
6.83
8.00
0.00
0.00
1.72
6.83
0.51
5.10
7.04
17.82
10.42
11.44
19.33
1.83
2.00
48.65
26.72
20.90
47.66
21.52
20.48
5.70
0.00
0.03
0.03
6.00
15.90
15.96
15.87
13.01
17.17
13.99
16.58
14.68
29.52
21.22
2.52
0.82
4.26
3.76
9.99
7.06
14.58
25.30
15.97
10.65
8.93
15.08
4.05
0.00
0.00
0.00
0.04
3.61
0.20
0.10
0.03
0.35
0.04
5.58
2.64
7.47
10.89
0.00
5.73
2.29
0.00
0.00
0.00
0.00
4.67
0.00
18.57
11.63
4.97
0.00
0.00
0.00
2.42
0.00
26.67
43.19
40.29
19.94
0.59
0.00
16.96
0.00
0.00
0.17
0.23
4.42
0.00
0.00
0.00
0.62
24.86
9.90
9.40
26.92
23.76
0.00
0.00
0.00
0.00
0.00
0.00
0.00
0.00
0.00
4.19
4.19
0.00
0.00
0.00
0.00
0.00
0.00
0.00
0.00
0.00
0.00
0.00
0.00
0.00
0.00
0.00
24.94
0.00
0.00
0.00
0.00
0.00
0.00
0.00
0.00
0.00
0.00
0.00
22.83
0.00
0.00
0.00
0.00
0.00
0.00
0.00
0.00
0.00
14.72
0.00
20.27
0.00
0.00
0.00
0.00
0.00
0.00
0.00
0.00
0.00
0.00
0.00
0.00
0.00
18.82
18.82
0.00
0.00
0.00
0.00
18.82
0.00
0.00
0.00
0.00
0.00
0.00
0.00
0.00
0.00
0.00
0.00
0.00
0.00
0.00
0.00
0.00
0.00
0.00
0.00
0.00
0.00
0.00
0.00
0.00
0.00
0.00
0.00
0.00
0.00
0.00
0.00
0.00
0.00
0.00
0.00
10.50
10.50
10.50
10.50
0.00
0.00
0.00
0.00
0.00
0.00
10.50
0.00
0.00
0.00
0.00
0.00
0.00
0.00
0.00
0.00
0.00
0.00
0.00
0.00
0.00
0.00
5.26
10.48
17.48
4.03
3.12
0.00
0.00
0.00
0.00
0.00
3.12
0.00
0.00
0.00
3.63
6.00
0.00
0.00
0.00
0.00
0.73
0.00
0.00
0.00
0.00
0.59
0.00
0.00
0.00
0.00
0.00
0.00
3.68
0.00
0.00
0.00
0.00
0.00
0.00
0.00
0.00
0.00
0.00
5.31
5.31
6.53
22.30
34.53
15.30
3.13
17.20
8.70
11.84
7.69
4.92
3.57
3.68
0.00
0.00
0.00
0.00
3.19
0.00
3.47
4.23
6.40
3.75
4.18
0.00
5.72
1.77
1.06
2.69
4.87
0.56
4.01
3.22
4.73
0.00
0.00
0.00
3.53
0.14
4.01
5.48
0.00
1.34
0.00
0.00
0.00
0.69
0.52
52.45
26.05
12.05
14.06
0.00
13.49
11.34
25.25
18.49
20.84
23.42
10.47
8.95
5.22
6.38
4.91
1.07
0.00
0.00
0.00
0.00
3.69
0.00
0.00
0.00
0.00
0.00
4.86
8.60
11.80
9.91
4.44
2.28
12.77
4.73
10.54
9.83
12.00
13.40
9.88
0.00
3.06
9.18
14.04
11.65
14.65
11.67
16.61
15.57
29.87
22.76
16.20
17.69
18.26
28.80
19.59
10.42
3.25
10.69
0.00
0.00
0.00
0.00
4.33
8.96
8.04
3.48
7.88
6.54
0.00
0.00
2.04
10.98
21.62
15.17
20.78
20.84
16.73
21.37
15.28
26.82
13.10
5.16
10.70
5.89
8.39
7.30
1.40
10.77
27.95
21.98
58.56
20.84
10.70
32.88
26.73
20.51
18.58
5.04
19.81
16.73
11.14
9.51
9.39
20.77
11.44
18.87
15.14
3.25
5.28
4.42
16.96
0.00
18.57
1.32
0.39
5.85
17.35
18.40
0.05
20.15
25.51
0.00
0.00
1.49
0.79
0.00
0.00
9.99
0.08
0.00
0.00
2.80
1.61
0.00
0.00
0.00
4.59
10.60
10.82
23.27
21.89
8.77
0.00
12.06
0.00
0.00
0.00
0.00
30.92
17.75
0.00
0.00
15.50
20.57
29.88
35.57
35.10
17.86
0.00
0.00
0.00
0.00
0.00
0.00
0.00
0.00
0.00
0.00
7.02
10.32
14.72
0.00
0.00
0.00
0.00
0.00
0.00
0.00
0.00
0.00
0.00
0.00
0.00
0.00
0.00
0.00
0.00
0.00
0.00
0.00
0.00
0.00
0.00
0.00
0.00
0.00
0.00
18.82
0.00
0.00
0.00
0.00
0.00
0.00
0.00
0.00
0.00
0.00
0.00
0.00
0.00
0.00
0.00
0.00
0.00
0.00
0.00
0.00
0.00
0.00
0.00
0.00
0.00
0.00
0.00
0.00
0.00
0.00
0.00
0.00
0.00
0.00
0.00
0.00
0.00
0.00
0.00
0.00
0.00
0.00
0.00
0.00
0.00
0.00
0.00
0.00
0.00
0.00
0.00
0.00
0.00
0.00
0.00
0.00
0.00
0.00
0.00
0.00
0.00
0.00
0.00
0.00
0.00
0.00
0.00
0.00
0.00
0.00
6.09
0.00
4.03
0.00
0.00
0.00
2.42
5.14
0.00
0.00
0.00
0.00
0.00
0.00
0.00
0.00
0.00
0.00
0.00
0.00
0.73
0.26
0.19
0.59
5.19
3.68
12.48
16.46
0.00
0.00
0.00
0.00
0.00
3.59
3.68
5.14
7.41
2.17
0.00
2.98
0.00
0.00
0.00
0.00
0.00
0.00
20.02
5.31
7.71
0.59
2.23
0.00
0.00
0.00
2.69
0.00
12.58
6.34
1.77
5.51
1.77
2.92
0.00
2.01
4.77
4.87
2.92
0.00
7.58
5.51
6.55
7.99
7.99
2.47
0.00
0.50
7.74
14.00
12.23
0.00
0.00
0.00
0.00
0.00
0.00
0.00
2.29
3.22
3.22
0.00
0.00
1.66
0.52
0.85
0.00
2.91
17.11
54.26
31.56
10.22
0.05
22.89
0.00
1.70
1.52
0.48
0.00
0.00
0.00
0.00
0.00
0.00
0.00
1.41
11.25
4.14
0.93
4.54
1.79
6.87
5.25
0.00
0.00
0.00
0.00
0.04
1.12
7.07
13.43
15.97
14.62
12.34
12.03
16.00
11.86
14.16
21.24
20.22
18.48
14.90
15.20
0.00
8.13
2.77
0.00
0.00
0.00
0.00
0.00
3.64
6.85
10.30
28.05
19.78
16.33
12.31
7.54
9.97
6.83
6.21
7.77
6.31
7.99
8.86
8.69
13.05
6.51
0.00
0.22
1.72
10.75
0.00
13.75
6.22
7.14
20.11
20.58
16.52
14.08
14.17
3.76
4.87
6.40
9.60
0.00
0.03
0.00
0.71
0.00
0.00
0.00
0.00
0.00
13.00
6.01
7.88
0.00
0.00
0.00
5.06
0.00
16.84
12.80
3.71
0.00
14.88
9.32
12.01
16.43
0.02
0.00
0.00
0.00
18.57
7.96
14.53
4.18
19.50
23.40
30.62
25.19
0.00
0.00
4.89
0.00
0.00
4.46
1.90
4.42
0.00
1.90
8.21
15.96
31.91
0.00
0.00
0.00
5.56
18.29
0.00
0.00
0.00
0.00
14.39
8.77
16.00
13.77
38.61
16.97
26.58
20.21
25.59
27.96
37.54
9.90
13.77
0.00
0.00
9.40
16.97
0.00
10.14
0.00
0.00
0.00
0.00
0.00
11.42
0.00
0.00
32.45
0.00
0.00
0.00
0.00
0.00
0.00
0.00
0.00
0.00
0.00
0.00
0.00
0.00
0.00
0.00
0.00
0.00
0.00
0.00
0.00
0.00
0.00
0.00
0.00
0.00
0.00
0.00
0.00
0.00
0.00
0.00
0.00
0.00
0.00
0.00
0.00
0.00
0.00
0.00
0.00
0.00
0.00
0.00
0.00
0.00
0.00
0.00
0.00
0.00
0.00
0.00
0.00
0.00
0.00
0.00
0.00
0.00
10.50
10.50
0.00
0.00
0.00
0.00
0.00
0.00
0.00
0.00
0.00
0.00
0.00
0.00
0.00
0.00
0.00
0.00
0.00
0.00
0.00
0.00
0.00
0.00
0.00
0.00
0.00
0.00
9.15
5.26
0.00
0.00
0.00
0.00
0.00
0.00
0.00
0.00
0.00
0.00
0.00
0.00
0.00
0.00
10.45
16.53
0.00
4.46
4.46
0.00
0.00
0.00
9.86
5.70
0.00
0.00
0.00
0.00
0.00
0.00
1.70
4.02
0.19
0.11
3.59
4.18
6.89
8.83
0.59
0.00
0.00
0.00
0.00
0.33
0.00
0.00
0.00
0.00
0.00
0.00
0.00
0.00
0.00
0.00
0.00
0.00
2.26
2.23
1.54
3.36
3.13
2.69
2.92
4.23
1.54
0.29
0.00
0.00
0.00
0.00
0.00
0.00
0.00
1.54
19.12
6.14
10.60
5.92
18.36
25.08
21.93
15.30
4.44
1.54
8.20
26.19
17.45
8.72
7.70
6.22
3.29
5.93
8.76
3.37
4.85
0.00
0.00
0.00
6.67
13.06
0.00
0.00
0.00
0.00
0.00
0.00
0.00
0.00
0.00
0.00
0.00
0.00
0.00
0.00
3.64
7.18
7.04
6.85
21.39
38.19
59.30
78.84
28.35
15.82
12.26
16.33
6.72
0.09
2.28
5.92
12.87
17.14
21.34
11.75
14.54
7.92
13.78
8.93
8.22
10.13
5.43
4.63
8.63
8.22
12.26
6.12
6.37
12.92
7.56
14.17
13.16
11.73
3.62
0.00
0.00
0.00
5.20
0.00
0.27
0.92
0.00
0.00
0.00
0.00
0.00
0.14
1.17
0.00
0.00
10.62
10.70
10.47
9.24
5.65
0.00
1.83
0.00
0.00
0.00
0.00
0.00
0.03
0.05
0.05
0.00
0.00
7.36
7.03
0.00
2.68
8.13
0.00
4.28
0.00
0.00
0.00
1.85
9.75
2.37
11.79
7.01
7.61
5.38
16.38
16.21
49.61
51.26
7.03
0.00
0.00
16.96
9.44
16.52
9.12
15.00
0.00
0.00
0.00
0.00
0.00
0.00
0.00
0.00
0.00
0.00
0.00
0.00
0.00
12.56
27.17
27.57
2.80
0.00
0.00
0.00
0.00
0.00
0.00
0.00
0.00
7.46
0.00
0.00
0.00
0.00
0.00
11.69
16.97
26.09
37.47
38.12
4.19
0.00
9.40
17.43
29.05
33.81
30.82
26.09
0.00
0.00
16.74
42.22
54.17
17.43
31.25
43.63
22.83
0.00
4.19
4.19
7.02
8.95
9.68
8.95
8.95
0.00
11.42
11.42
8.95
7.02
0.00
8.95
0.00
0.00
0.00
0.00
0.00
17.95
14.72
0.00
0.00
0.00
8.95
0.00
0.00
0.00
0.00
0.00
0.00
0.00
0.00
18.82
18.82
18.82
0.00
0.00
0.00
0.00
0.00
0.00
0.00
0.00
18.82
0.00
0.00
0.00
18.82
18.82
0.00
0.00
0.00
0.00
0.00
0.00
0.00
0.00
0.00
0.00
0.00
0.00
0.00
0.00
0.00
0.00
0.00
0.00
0.00
0.00
0.00
0.00
0.00
0.00
0.00
0.00
0.00
0.00
0.00
0.00
0.00
0.00
0.00
0.00
0.00
0.00
10.50
0.00
10.50
0.00
0.00
0.00
0.00
0.00
0.00
0.00
0.00
0.00
0.00
0.00
0.00
0.00
0.00
0.00
0.00
0.00
0.00
0.00
0.00
0.00
0.00
0.00
0.00
8.77
0.00
12.51
0.00
6.95
2.42
10.63
0.00
3.12
3.34
0.85
0.00
0.00
0.00
0.00
0.00
0.00
2.26
4.34
2.64
2.64
7.99
3.26
8.56
15.16
23.96
20.72
9.39
0.00
3.86
16.40
17.86
24.36
27.89
28.41
0.00
3.63
0.00
2.81
5.80
9.35
0.00
5.98
3.02
0.00
0.34
4.23
1.66
24.85
24.71
12.78
2.81
12.00
3.80
8.50
8.50
9.61
6.75
10.60
9.01
11.00
10.60
1.77
7.28
5.30
0.00
0.00
3.80
5.92
7.48
3.83
8.72
7.41
5.18
1.98
0.69
0.00
0.00
3.06
5.48
14.63
18.45
27.78
15.34
25.01
15.48
26.26
5.03
0.00
9.46
4.88
6.38
1.42
4.12
11.48
0.00
0.00
0.00
0.00
0.00
0.00
0.00
0.00
0.00
5.90
4.54
8.22
10.94
9.53
3.25
4.68
3.35
7.97
10.84
18.27
20.63
14.90
7.42
27.94
10.84
20.09
20.42
13.27
22.42
36.19
16.99
11.10
7.92
7.03
8.22
10.54
13.66
17.13
12.31
10.50
12.37
13.87
12.60
12.51
6.44
8.23
11.90
4.71
6.10
4.04
10.19
15.41
17.20
17.20
38.04
40.08
30.24
29.59
17.88
22.82
16.33
16.09
9.33
23.71
27.84
17.41
10.93
4.92
8.16
22.12
0.00
0.03
0.01
0.00
0.00
1.85
0.56
4.75
3.03
6.19
0.00
3.52
7.96
9.21
3.41
14.88
12.90
14.28
11.82
11.20
7.91
13.98
1.57
23.39
24.71
28.53
6.01
0.00
10.11
14.96
10.78
6.36
4.11
0.00
0.00
4.65
6.74
7.06
12.73
1.46
1.46
0.00
0.00
16.52
26.81
9.03
37.51
19.32
11.29
0.00
6.89
7.71
7.14
0.97
0.00
0.00
0.00
4.81
39.65
40.17
26.09
8.16
0.00
0.00
35.45
36.69
3.16
0.00
0.00
10.82
15.50
37.69
29.20
31.28
0.00
0.00
4.19
0.00
0.00
0.00
0.00
0.00
4.19
4.94
3.16
0.00
0.00
0.00
4.19
0.00
0.00
0.00
0.00
0.00
0.00
22.83
82.96
27.23
23.30
39.40
14.72
0.00
0.00
0.00
0.00
0.00
0.00
0.00
0.00
0.00
0.00
8.95
8.95
8.95
8.95
0.00
0.00
0.00
0.00
0.00
18.82
18.82
18.82
18.82
18.82
18.82
18.82
18.82
18.82
18.82
18.82
18.82
18.82
18.82
0.00
0.00
0.00
18.82
18.82
0.00
0.00
0.00
18.82
18.82
0.00
0.00
0.00
0.00
0.00
0.00
0.00
0.00
0.00
0.00
0.00
0.00
10.50
10.50
10.50
0.00
0.00
0.00
0.00
0.00
0.00
0.00
0.00
0.00
0.00
0.00
0.00
0.00
0.00
0.00
0.00
0.00
0.00
10.50
0.00
0.00
0.00
0.00
0.00
6.80
0.00
8.57
10.63
7.36
5.26
3.12
10.34
5.90
3.12
10.19
14.36
19.71
0.00
0.00
0.00
0.00
4.03
8.34
0.00
0.00
0.00
5.26
6.80
2.81
3.12
0.00
0.00
0.00
0.00
0.00
0.46
0.59
0.59
2.07
0.59
0.00
0.00
0.00
0.00
1.89
4.02
5.93
1.06
13.64
5.93
16.16
4.98
16.40
2.26
3.34
1.89
1.48
0.00
0.00
6.22
4.34
6.53
0.00
6.97
7.38
5.40
0.00
0.00
0.00
0.00
0.00
2.18
7.28
16.84
38.44
7.99
0.00
0.00
0.00
17.60
32.91
25.08
18.36
13.17
17.79
32.55
6.55
10.60
0.00
19.30
19.68
0.29
0.52
4.12
19.99
20.55
10.62
24.32
15.77
16.27
19.86
0.00
0.00
11.91
12.49
0.00
0.00
0.00
0.00
0.00
0.00
13.70
12.92
11.48
4.69
12.13
41.73
11.77
19.99
34.64
35.04
23.35
12.92
3.84
0.18
0.25
0.00
8.28
0.00
0.95
5.63
11.86
7.12
1.51
0.00
13.07
61.06
23.71
2.77
0.00
0.00
0.00
0.00
0.00
0.00
16.33
65.70
21.42
3.69
16.84
9.30
7.07
19.06
12.11
53.28
56.14
22.17
13.31
14.50
16.33
7.56
7.46
6.51
6.72
14.38
11.21
3.95
5.10
4.56
5.22
11.88
8.74
0.00
0.00
0.00
0.00
0.01
6.74
14.20
11.21
7.77
8.32
8.53
1.92
1.43
0.00
0.00
0.00
0.00
0.00
6.72
4.80
1.43
8.70
8.81
0.00
0.00
0.00
0.00
0.00
0.00
0.00
9.51
9.95
14.05
9.16
14.91
19.74
16.59
0.00
8.11
9.19
9.57
5.28
0.00
0.00
1.17
0.00
0.00
0.00
14.10
9.69
34.65
28.44
11.21
9.87
25.19
30.80
4.02
0.00
0.00
6.89
22.15
0.00
0.00
0.00
0.00
0.00
0.00
0.00
0.00
0.00
0.00
0.00
0.00
14.39
8.77
8.16
11.69
5.56
0.00
0.00
24.40
7.46
0.00
0.00
0.00
0.00
0.00
0.00
0.00
0.00
0.00
0.00
0.00
0.00
0.00
0.00
0.00
0.00
0.00
0.00
0.00
0.00
0.00
0.00
0.00
0.00
0.00
26.77
42.52
11.42
0.00
0.00
0.00
0.00
0.00
0.00
0.00
0.00
0.00
0.00
0.00
0.00
0.00
20.27
18.78
0.00
0.00
0.00
0.00
0.00
0.00
0.00
0.00
0.00
0.00
0.00
0.00
0.00
0.00
0.00
0.00
0.00
0.00
0.00
0.00
0.00
0.00
0.00
0.00
0.00
0.00
0.00
0.00
0.00
0.00
0.00
0.00
0.00
0.00
0.00
0.00
0.00
0.00
0.00
0.00
0.00
10.50
0.00
0.00
0.00
0.00
0.00
0.00
0.00
0.00
0.00
0.00
10.50
0.00
10.50
10.50
10.50
10.50
10.50
10.50
10.50
10.50
10.50
10.50
10.50
10.50
0.00
0.00
0.00
0.00
10.50
3.12
2.42
6.80
2.42
0.00
0.00
8.57
11.33
0.00
0.00
0.00
0.00
0.00
9.35
4.03
6.80
11.33
0.00
0.00
11.83
0.00
0.00
9.86
11.57
18.08
17.60
0.00
0.00
1.48
3.68
2.98
0.00
0.00
11.02
6.82
0.59
0.00
0.00
5.93
4.02
0.00
4.34
1.48
6.07
4.75
0.19
0.19
4.98
4.98
9.67
27.76
15.66
30.05
13.39
7.41
10.48
1.89
0.59
25.98
2.47
2.92
2.92
0.00
0.00
0.00
0.44
3.57
2.92
0.00
5.72
0.29
3.36
0.00
4.01
11.40
24.16
11.40
22.30
30.19
9.41
4.66
29.10
4.44
15.49
3.36
16.64
30.11
0.81
3.80
0.00
3.83
6.22
6.38
0.00
5.93
5.48
5.18
2.60
8.65
32.59
23.27
41.30
28.05
19.86
14.06
16.19
7.85
6.97
25.71
29.95
49.34
25.71
4.43
11.63
31.36
6.52
2.13
0.00
0.00
0.00
2.77
0.00
0.00
4.14
7.15
16.50
0.00
0.00
6.55
11.80
11.86
6.83
0.00
0.00
0.00
0.00
0.00
0.00
0.00
0.00
0.00
0.00
0.00
0.00
0.00
0.00
0.00
0.00
0.00
0.00
0.00
0.00
0.00
0.00
0.00
1.06
0.00
0.00
2.94
11.67
13.43
25.75
14.74
3.03
0.00
0.00
0.00
0.58
0.92
8.83
2.46
3.76
14.62
40.38
54.47
11.21
6.41
4.91
5.20
14.50
8.42
13.35
4.70
0.00
0.00
0.00
0.00
0.03
0.00
7.09
4.37
9.19
12.11
4.19
4.61
0.00
0.00
0.00
0.00
2.18
1.54
0.00
10.46
3.01
0.24
0.00
0.00
3.18
0.00
0.00
0.00
0.05
0.00
0.23
0.00
0.00
0.00
0.00
0.00
6.17
21.97
16.35
21.84
24.51
26.76
25.64
28.79
40.44
16.86
0.00
0.00
0.00
0.00
0.00
0.00
0.00
0.00
0.00
0.00
2.34
1.54
0.62
15.50
0.00
0.00
0.00
0.00
0.00
0.00
0.00
9.90
0.00
0.00
0.00
0.00
0.00
0.00
30.96
48.78
37.69
47.30
44.75
7.46
0.00
0.00
4.19
0.00
0.00
3.16
4.94
4.94
5.56
5.56
8.95
11.42
11.42
11.42
8.95
0.00
7.02
8.95
7.02
0.00
0.00
0.00
7.02
7.02
8.95
11.42
11.42
11.42
11.42
11.42
11.42
11.42
11.42
11.42
11.42
11.42
11.42
11.42
8.95
8.95
18.82
0.00
0.00
0.00
0.00
0.00
0.00
0.00
0.00
0.00
0.00
0.00
18.82
0.00
0.00
0.00
0.00
0.00
0.00
0.00
0.00
0.00
0.00
0.00
0.00
0.00
0.00
0.00
0.00
0.00
0.00
0.00
0.00
0.00
0.00
0.00
0.00
0.00
0.00
0.00
0.00
0.00
0.00
0.00
0.00
0.00
0.00
0.00
0.00
0.00
10.50
10.50
0.00
0.00
0.00
0.00
0.00
10.50
10.50
10.50
10.50
10.50
0.00
3.12
11.83
2.42
0.00
14.53
10.48
0.00
0.00
3.12
6.09
0.00
0.00
0.00
0.00
0.00
0.00
0.00
0.00
0.00
8.82
15.57
20.37
26.91
1.87
8.39
13.07
2.42
4.52
14.54
3.07
0.79
0.19
0.00
0.00
0.00
0.00
0.00
0.00
2.98
1.48
9.12
0.59
0.00
6.96
0.00
0.00
0.00
0.00
0.00
0.00
0.00
0.00
0.19
1.70
4.02
6.22
2.26
1.06
0.00
8.20
0.00
0.00
0.00
0.00
0.00
0.00
0.00
12.00
9.82
0.00
18.26
7.79
0.00
0.00
0.00
0.00
12.34
52.83
44.80
14.53
2.47
5.92
8.61
5.51
7.17
23.05
13.75
16.64
9.53
12.49
8.14
9.89
24.74
13.49
9.75
6.67
2.75
5.48
3.67
1.10
7.63
0.00
0.00
0.00
0.00
0.00
0.00
0.00
0.00
0.00
0.00
0.00
0.00
5.22
0.00
6.85
14.60
10.04
25.05
8.58
10.46
15.13
11.43
8.47
11.27
7.82
5.92
12.77
5.92
7.32
9.93
7.22
1.79
1.99
5.83
0.00
0.00
4.73
0.00
12.05
7.12
8.33
6.47
0.00
1.41
3.84
0.00
0.13
9.23
5.30
0.00
6.72
9.57
3.32
0.00
5.70
0.50
7.09
5.20
4.13
0.00
19.97
21.65
14.62
16.58
25.88
24.57
22.79
2.25
3.97
6.36
1.86
1.79
7.88
6.67
0.00
1.75
14.74
10.53
5.20
10.31
4.14
8.70
4.08
28.86
21.75
8.47
6.77
10.34
0.00
0.00
0.00
6.56
13.49
4.94
9.57
14.41
12.79
8.19
14.78
3.97
2.66
2.23
0.00
4.94
1.90
3.83
0.00
2.49
10.77
19.19
12.86
0.00
0.00
0.00
0.00
0.00
0.00
16.70
0.00
0.00
0.00
0.00
0.00
0.00
13.50
19.15
42.07
21.09
10.54
0.55
0.00
0.00
0.00
1.32
6.57
14.53
13.84
9.44
7.38
0.00
18.49
23.56
22.51
19.28
18.19
15.38
0.00
25.59
28.52
37.76
37.40
32.46
38.12
24.19
0.00
8.16
0.00
0.00
0.00
0.00
0.00
0.00
0.00
0.00
0.00
0.00
0.00
0.00
0.00
0.00
5.56
29.86
66.26
81.10
56.14
31.85
18.78
0.00
0.00
0.00
0.00
0.00
0.00
0.00
11.42
11.42
11.42
8.95
8.95
0.00
0.00
11.42
0.00
14.72
55.70
24.94
61.08
0.00
0.00
7.02
11.42
18.82
0.00
0.00
0.00
0.00
0.00
18.82
18.82
18.82
18.82
18.82
18.82
18.82
18.82
18.82
18.82
18.82
18.82
18.82
0.00
0.00
0.00
0.00
0.00
18.82
18.82
0.00
18.82
18.82
18.82
18.82
0.00
10.50
10.50
0.00
0.00
0.00
0.00
0.00
0.00
0.00
0.00
0.00
10.50
10.50
10.50
0.00
0.00
0.00
10.50
0.00
0.00
0.00
0.00
0.00
0.00
0.00
0.00
0.00
0.00
0.00
0.00
0.00
5.26
0.00
0.00
0.00
0.00
4.03
10.19
0.00
0.00
0.00
0.00
0.00
0.00
0.00
0.00
0.00
0.00
0.00
0.00
0.00
0.00
0.00
0.00
0.00
0.00
6.48
19.45
0.59
0.33
0.00
9.12
23.04
6.07
12.09
3.18
0.00
0.00
0.00
0.00
0.00
0.00
0.00
0.00
0.00
0.00
1.06
0.00
6.82
0.59
10.48
0.59
0.00
0.00
0.00
0.00
4.02
15.90
13.39
16.64
15.69
11.40
2.01
5.09
7.38
3.57
9.21
12.09
3.13
0.00
0.00
0.00
2.69
4.44
2.92
4.01
6.75
0.56
0.00
0.00
8.15
6.75
7.79
3.24
5.51
0.00
0.00
0.00
0.00
0.00
0.36
10.15
3.14
0.69
0.52
0.00
11.70
30.94
18.38
22.51
21.39
12.59
16.27
0.00
0.00
0.00
0.00
7.37
0.00
0.00
0.00
7.81
7.89
10.36
15.55
25.19
32.35
32.17
15.05
27.29
16.13
0.00
0.00
0.18
0.00
6.12
0.00
0.00
7.75
0.00
0.79
0.00
16.02
28.71
26.08
13.68
14.39
16.48
9.28
0.00
0.00
0.00
8.93
12.36
9.68
14.70
38.32
51.42
65.65
23.15
26.29
57.75
40.66
26.02
35.24
36.75
11.04
7.77
9.22
9.22
5.37
9.18
0.00
0.00
0.00
0.00
0.00
0.00
0.00
0.00
0.00
7.40
6.41
5.05
0.02
0.06
15.81
15.57
3.66
0.00
0.03
0.00
0.01
0.00
3.01
8.16
8.08
12.84
15.46
27.55
4.05
7.09
0.00
0.00
0.00
0.00
0.00
2.14
3.92
3.87
4.37
15.01
6.61
0.29
5.38
16.59
25.02
20.40
0.98
14.48
14.61
8.13
13.08
0.00
0.00
12.99
10.78
13.50
7.80
3.87
19.59
14.27
0.00
14.10
1.17
0.00
4.81
11.71
9.36
10.87
1.46
0.23
0.89
0.00
0.00
0.00
0.00
0.00
0.00
0.00
0.00
0.00
16.51
4.19
17.43
0.00
0.00
0.00
0.00
15.50
18.69
0.00
0.00
16.00
47.92
11.69
0.00
0.00
10.14
0.00
0.00
0.00
0.00
0.00
0.00
0.00
0.00
17.65
0.00
0.00
0.00
0.00
0.00
0.00
0.00
0.00
0.00
0.00
0.00
0.00
0.00
0.00
0.00
0.00
46.22
57.22
44.94
11.42
11.42
8.95
0.00
0.00
0.00
0.00
0.00
0.00
0.00
0.00
0.00
0.00
0.00
7.02
8.95
18.82
18.82
18.82
18.82
0.00
0.00
0.00
0.00
0.00
0.00
0.00
0.00
0.00
0.00
0.00
0.00
0.00
0.00
0.00
0.00
0.00
0.00
18.82
18.82
18.82
0.00
0.00
0.00
0.00
0.00
0.00
0.00
0.00
0.00
0.00
0.00
0.00
0.00
0.00
0.00
0.00
0.00
0.00
0.00
0.00
0.00
10.50
0.00
0.00
0.00
0.00
0.00
0.00
0.00
0.00
0.00
0.00
0.00
0.00
0.00
0.00
0.00
0.00
0.00
0.00
0.00
0.00
0.00
0.00
0.00
0.00
0.00
0.00
0.00
0.00
0.00
0.00
0.00
13.20
10.52
10.07
5.02
3.12
0.00
8.77
16.02
8.77
19.80
19.73
28.36
25.11
9.67
0.00
0.00
0.00
6.82
8.19
0.33
4.10
5.65
0.00
0.00
0.00
0.00
3.34
6.37
8.19
8.42
6.15
8.83
1.06
0.00
0.00
0.59
0.59
0.59
0.00
0.00
0.00
0.00
8.83
3.34
2.47
0.29
2.92
5.30
6.14
5.92
5.19
0.81
1.54
4.97
2.23
13.17
34.44
8.20
0.00
0.00
0.00
6.97
0.81
6.55
2.47
2.01
3.57
1.30
2.69
2.47
0.00
0.00
1.77
3.13
2.60
3.98
4.28
2.44
5.33
4.58
6.97
12.20
0.00
0.00
0.00
0.00
0.00
0.00
0.00
0.00
0.00
0.00
0.00
0.00
0.00
0.00
0.28
0.00
3.44
0.00
0.00
0.00
10.44
50.45
45.28
36.47
31.30
12.72
17.86
15.72
10.74
1.89
0.00
0.00
0.00
0.00
0.00
2.57
0.00
0.00
0.00
0.00
0.00
4.63
0.00
0.00
0.00
0.00
0.00
5.48
0.00
0.00
0.00
5.58
7.37
6.21
0.00
0.00
0.00
1.10
0.00
0.00
0.00
9.10
10.22
7.55
14.44
8.01
9.60
10.39
27.09
29.15
34.07
6.03
12.87
16.58
13.10
8.94
9.08
16.26
14.14
19.97
23.29
29.70
13.43
8.20
2.72
0.79
1.50
0.02
0.00
0.00
0.00
1.85
2.45
5.04
11.95
5.78
8.81
1.43
13.03
8.64
4.68
6.77
10.80
10.13
5.86
3.48
0.00
0.00
0.00
0.00
0.00
0.00
10.29
11.14
6.22
13.42
11.42
9.36
0.00
14.79
0.00
0.00
0.00
0.97
0.00
4.89
0.00
3.87
7.71
0.00
19.23
15.14
19.84
1.39
2.95
21.09
9.69
27.72
6.36
9.95
1.61
2.98
8.74
12.01
0.00
0.00
15.08
0.00
0.00
0.00
0.00
17.65
10.38
21.73
38.72
43.92
0.00
0.00
0.00
0.00
0.00
0.00
0.00
0.00
0.00
0.00
3.16
4.19
0.00
0.00
0.00
0.00
0.00
0.00
0.00
0.00
0.00
0.00
14.72
22.83
16.91
18.78
0.00
0.00
0.00
0.00
23.96
0.00
0.00
0.00
0.00
0.00
0.00
16.91
0.00
0.00
8.95
0.00
0.00
0.00
0.00
0.00
0.00
0.00
0.00
0.00
0.00
18.82
18.82
0.00
0.00
0.00
0.00
0.00
0.00
0.00
0.00
0.00
0.00
0.00
0.00
0.00
0.00
0.00
0.00
18.82
18.82
18.82
0.00
18.82
0.00
18.82
18.82
18.82
0.00
0.00
18.82
0.00
0.00
10.50
10.50
0.00
0.00
0.00
0.00
0.00
0.00
0.00
0.00
0.00
0.00
0.00
0.00
0.00
0.00
0.00
0.00
0.00
0.00
0.00
0.00
0.00
0.00
0.00
0.00
0.00
10.50
0.00
0.00
0.00
0.00
0.00
6.80
7.89
0.00
0.00
0.00
0.00
0.00
0.00
0.00
0.00
0.00
0.00
0.00
0.00
0.00
0.00
0.00
0.00
0.00
0.00
0.00
0.00
6.09
0.00
8.13
13.64
20.50
12.61
20.37
23.15
10.35
1.60
5.14
17.51
26.98
7.12
6.82
2.64
17.63
10.09
1.06
0.46
30.21
29.34
0.59
0.00
0.00
0.00
2.64
0.00
0.00
0.85
0.59
0.00
0.00
0.00
0.00
0.00
0.00
0.00
0.00
2.31
14.48
12.63
17.65
4.87
2.01
0.00
6.14
3.13
0.00
8.50
4.23
8.40
4.01
3.36
0.00
1.66
8.25
12.39
2.12
0.00
4.82
4.97
17.40
40.95
30.81
19.86
19.15
19.30
19.01
13.06
0.00
0.00
23.48
0.85
0.00
0.00
0.00
14.35
12.20
5.63
12.71
16.34
21.12
29.02
10.62
0.00
0.00
0.00
0.00
0.00
0.85
0.00
0.00
5.33
11.86
2.47
0.00
0.00
3.06
2.96
15.41
2.47
3.50
2.28
6.63
0.00
4.44
10.16
10.06
4.21
0.02
0.02
25.48
19.19
12.26
22.65
14.80
6.17
1.10
2.69
3.40
12.41
15.06
10.46
10.10
13.13
21.48
11.88
6.49
3.76
6.46
12.25
23.94
15.11
17.82
18.95
13.13
11.82
51.13
23.22
13.48
8.34
15.41
13.10
25.34
14.32
10.81
18.73
8.74
15.71
16.58
8.15
9.91
0.00
4.44
14.08
8.56
18.18
13.75
11.05
14.71
26.82
10.40
6.01
10.43
10.13
26.54
34.61
14.14
0.00
0.00
3.43
2.39
12.58
8.90
0.28
4.92
4.14
8.08
5.63
3.43
7.63
9.02
8.81
7.36
0.00
12.48
21.80
19.19
8.91
7.80
13.97
1.32
14.66
5.21
8.33
0.00
0.00
0.00
0.00
0.00
7.30
12.94
0.00
0.00
0.00
0.00
0.00
0.00
0.00
2.34
6.32
15.74
9.20
4.18
4.50
18.69
0.00
14.95
22.36
20.74
20.91
0.00
0.00
0.00
0.00
0.00
0.00
0.00
0.00
0.00
0.00
0.00
0.00
29.62
34.27
22.06
20.38
22.51
21.89
15.50
0.00
0.00
3.16
0.00
0.00
0.00
0.00
0.00
0.00
8.95
0.00
0.00
0.00
0.00
0.00
0.00
24.46
8.95
7.02
0.00
0.00
0.00
0.00
0.00
0.00
0.00
0.00
0.00
0.00
0.00
0.00
0.00
11.42
10.32
8.95
0.00
18.82
0.00
0.00
0.00
18.82
0.00
0.00
18.82
18.82
18.82
18.82
0.00
18.82
0.00
0.00
0.00
0.00
18.82
18.82
18.82
0.00
18.82
18.82
18.82
0.00
18.82
18.82
0.00
0.00
0.00
18.82
0.00
0.00
0.00
10.50
0.00
0.00
0.00
0.00
0.00
0.00
0.00
0.00
0.00
0.00
0.00
0.00
0.00
10.50
0.00
0.00
10.50
10.50
10.50
10.50
0.00
0.00
10.50
0.00
10.50
0.00
0.00
0.00
2.42
0.00
7.52
8.68
7.65
8.34
12.35
2.42
0.00
0.00
0.00
0.00
0.00
0.00
0.00
0.00
0.00
0.00
8.34
6.09
0.00
0.00
0.00
0.00
0.00
0.00
3.63
0.00
0.33
0.00
0.19
0.00
0.33
2.64
0.59
1.89
11.02
0.33
0.19
0.00
3.51
1.48
1.89
2.46
1.06
0.19
0.00
0.00
3.34
15.90
5.76
15.90
14.66
7.71
0.00
14.15
1.27
9.54
81.70
18.36
4.39
31.58
33.85
10.31
6.75
5.72
2.92
2.23
0.00
0.00
0.00
0.00
0.00
0.00
0.00
0.00
0.00
2.23
2.47
0.00
1.43
0.00
3.36
6.75
3.13
4.44
2.69
14.73
1.34
0.00
0.00
0.00
0.00
0.00
0.00
0.69
11.34
9.17
4.73
6.97
13.35
12.05
17.89
15.48
16.34
32.31
0.61
2.91
10.25
6.15
0.00
0.00
0.00
0.00
0.00
0.00
0.00
0.00
38.01
24.12
30.55
27.99
41.76
31.30
0.02
10.36
5.08
27.11
29.52
19.96
9.03
2.57
0.00
7.17
6.63
12.56
4.73
5.03
0.00
0.00
0.00
0.00
0.00
9.56
10.09
6.85
11.27
9.68
6.83
8.86
4.91
13.43
17.32
15.23
9.24
1.06
7.67
9.52
16.09
4.61
2.85
4.71
1.83
3.30
0.00
10.30
7.56
3.48
0.00
0.00
0.00
0.00
0.00
8.64
1.96
0.00
0.00
0.00
0.00
0.00
15.46
37.73
29.84
18.75
20.92
30.13
26.90
10.43
11.32
11.05
22.16
25.06
15.80
7.17
6.40
3.78
14.78
0.00
0.00
20.03
4.05
0.00
0.00
0.00
5.04
24.04
14.55
6.14
1.29
0.92
2.78
1.97
0.14
11.29
0.00
0.00
3.10
0.00
6.09
6.57
0.00
21.17
8.04
17.91
12.73
0.00
0.00
0.89
1.00
16.17
8.46
10.96
3.25
3.91
1.39
9.65
0.05
0.00
0.00
0.00
6.41
11.29
17.43
35.73
37.24
38.99
0.00
0.00
0.00
14.25
25.59
19.28
0.00
0.00
0.00
0.00
0.00
45.48
101.07
0.00
4.59
2.38
0.00
0.00
0.00
0.00
0.00
0.00
0.00
0.00
0.00
0.00
0.00
0.00
0.00
0.00
0.00
0.00
0.00
0.00
7.02
0.00
0.00
0.00
0.00
0.00
0.00
0.00
0.00
0.00
0.00
0.00
0.00
0.00
63.59
31.20
0.00
0.00
0.00
11.42
0.00
0.00
0.00
0.00
0.00
0.00
18.82
0.00
0.00
0.00
18.82
18.82
0.00
0.00
18.82
18.82
0.00
0.00
0.00
0.00
0.00
0.00
0.00
0.00
0.00
0.00
0.00
0.00
0.00
0.00
0.00
18.82
18.82
0.00
0.00
0.00
0.00
0.00
0.00
0.00
0.00
0.00
0.00
0.00
0.00
0.00
0.00
0.00
0.00
0.00
0.00
0.00
0.00
0.00
0.00
0.00
0.00
0.00
0.00
0.00
0.00
0.00
0.00
0.00
0.00
0.00
0.00
0.00
0.00
0.00
0.00
0.00
0.00
0.00
0.00
0.00
0.00
0.00
5.02
0.00
3.12
6.09
3.12
0.00
3.12
1.87
9.06
8.57
0.00
5.70
0.00
0.00
0.00
0.00
0.00
0.00
0.00
0.00
0.00
0.00
0.00
0.00
0.00
0.00
0.00
0.00
0.00
0.00
0.00
0.00
0.59
0.00
0.00
0.00
0.00
0.00
5.23
0.00
0.00
0.00
0.00
0.59
0.00
0.00
0.00
0.00
2.92
2.23
6.75
1.30
4.01
0.00
1.77
3.57
0.00
0.00
0.00
0.00
0.00
0.00
5.09
0.00
4.23
2.01
11.21
2.12
0.29
0.94
1.60
1.00
0.22
0.00
0.00
0.00
3.90
5.03
0.00
5.26
0.00
0.00
0.00
0.00
0.00
3.94
8.03
7.41
0.81
0.00
0.00
0.44
0.65
2.13
0.81
6.15
8.58
11.63
8.29
0.85
0.00
0.00
2.75
4.28
22.37
29.98
17.02
2.23
14.77
20.01
31.09
28.15
25.62
21.39
9.76
0.02
4.86
11.32
5.85
8.42
7.90
7.30
7.80
29.75
35.72
25.15
20.73
9.53
14.75
12.52
16.74
9.88
12.66
12.00
9.16
3.65
5.15
16.51
23.91
11.90
11.70
10.70
1.08
11.07
15.54
16.70
14.84
6.57
14.26
20.55
18.45
9.22
8.28
11.18
18.17
21.10
21.10
20.29
21.36
21.91
5.20
10.08
16.70
15.84
26.42
24.74
29.28
20.62
19.26
30.93
22.58
23.62
38.90
11.38
15.63
4.94
11.88
0.01
0.43
0.00
0.00
1.33
18.04
9.89
0.27
2.99
24.59
13.13
4.54
8.21
1.19
0.40
2.18
2.37
9.16
0.00
0.00
0.00
0.00
0.00
8.54
8.04
4.50
9.53
0.00
0.00
0.00
0.62
0.00
0.00
18.00
8.37
15.82
0.00
11.71
1.17
4.07
1.04
0.00
0.00
0.00
0.00
0.00
0.00
0.00
0.00
0.00
0.00
0.00
0.00
8.77
22.06
25.52
19.28
48.68
7.08
0.00
0.00
14.10
38.89
0.00
0.00
0.00
0.00
8.16
0.00
0.00
0.00
0.00
0.00
0.00
0.00
0.00
0.00
0.00
0.00
0.00
0.00
0.00
46.84
0.00
84.88
54.98
0.00
0.00
0.00
0.00
0.00
8.95
47.37
15.89
0.00
27.62
0.00
0.00
0.00
0.00
0.00
0.00
0.00
8.95
8.95
8.95
0.00
0.00
0.00
0.00
0.00
0.00
0.00
0.00
0.00
0.00
0.00
0.00
0.00
0.00
0.00
0.00
0.00
0.00
0.00
0.00
0.00
0.00
0.00
0.00
0.00
0.00
0.00
0.00
0.00
0.00
0.00
0.00
0.00
0.00
0.00
0.00
0.00
0.00
0.00
0.00
0.00
0.00
0.00
0.00
0.00
0.00
0.00
0.00
0.00
0.00
0.00
10.50
0.00
0.00
0.00
0.00
0.00
0.00
0.00
10.50
10.50
10.50
0.00
0.00
0.00
0.00
0.00
0.00
0.00
0.00
5.14
2.81
10.99
3.63
3.63
6.48
10.03
0.00
7.89
7.89
0.00
0.00
0.00
6.48
0.00
0.00
0.00
0.00
4.03
10.19
4.03
0.00
0.00
0.00
0.00
0.00
0.00
0.00
0.00
0.00
0.00
0.00
0.00
0.00
0.00
0.00
0.00
0.00
0.00
0.00
8.83
0.00
11.56
0.59
4.67
0.00
11.83
3.51
0.00
1.06
13.25
5.46
6.22
13.13
10.09
14.42
5.93
4.34
0.56
0.08
0.00
0.00
0.00
0.00
1.06
6.14
4.66
7.99
12.58
2.47
4.66
5.09
5.92
3.13
1.06
0.00
1.77
7.17
1.54
0.81
4.34
0.00
9.06
4.44
7.58
7.43
9.41
17.07
22.02
14.88
1.94
4.09
1.70
2.83
5.56
19.30
6.38
0.00
34.09
32.17
8.87
14.56
1.85
17.54
19.30
0.00
0.00
0.00
15.20
25.01
29.29
20.55
20.55
2.91
6.97
5.63
11.05
0.00
0.00
2.67
6.03
26.19
18.68
7.62
8.13
7.47
9.23
8.93
1.60
0.00
0.00
0.00
13.88
20.73
13.27
20.11
11.55
6.92
7.12
0.00
0.00
11.35
8.73
4.83
0.00
9.43
0.00
0.00
0.00
0.00
0.00
0.00
8.53
12.19
12.51
3.88
18.29
13.64
24.01
17.91
26.39
31.19
2.08
7.61
3.62
5.50
4.23
5.80
2.16
5.15
0.00
0.00
0.00
0.00
0.00
1.40
3.57
0.00
0.00
2.81
0.00
0.00
0.00
0.00
7.41
18.04
0.06
19.04
28.81
19.99
9.39
16.46
26.90
18.94
20.32
9.51
14.41
6.98
0.00
0.00
9.28
10.46
16.73
15.36
0.00
0.00
5.33
0.00
0.00
0.00
9.16
9.69
0.00
0.00
0.00
0.00
10.87
8.54
17.04
9.53
10.96
11.04
0.05
7.71
0.00
0.00
1.54
0.00
6.65
6.57
0.00
13.16
0.05
0.00
9.44
0.00
0.00
0.00
1.32
9.61
0.00
0.00
24.40
38.75
44.00
0.00
0.00
14.95
0.00
0.00
0.00
0.00
0.00
13.62
17.65
16.97
0.00
0.00
0.00
0.00
5.56
22.21
22.97
0.00
0.00
0.00
0.00
0.00
0.00
0.00
0.00
0.00
0.00
0.00
0.00
0.00
0.00
10.32
8.95
0.00
11.42
11.42
11.42
11.42
8.95
0.00
0.00
0.00
8.95
11.42
0.00
0.00
0.00
0.00
0.00
0.00
0.00
0.00
0.00
0.00
0.00
0.00
0.00
0.00
0.00
0.00
0.00
0.00
0.00
0.00
0.00
0.00
0.00
0.00
0.00
0.00
0.00
0.00
0.00
0.00
18.82
0.00
18.82
0.00
0.00
0.00
0.00
0.00
0.00
0.00
0.00
0.00
0.00
10.50
10.50
10.50
0.00
0.00
0.00
0.00
0.00
0.00
0.00
0.00
0.00
0.00
0.00
0.00
0.00
0.00
0.00
0.00
0.00
0.00
0.00
0.00
0.00
0.00
0.00
0.00
0.00
0.00
0.00
0.00
0.00
0.00
0.00
0.00
0.00
0.00
0.00
0.00
0.00
0.00
0.00
0.00
0.00
0.00
0.00
0.00
0.00
0.00
0.00
0.00
0.00
0.00
0.00
0.00
0.00
0.00
0.00
10.78
0.00
7.71
5.31
5.14
0.85
0.00
3.18
1.89
0.00
0.00
0.33
8.28
10.22
7.78
20.31
7.78
19.30
17.75
22.23
11.02
13.64
2.64
0.00
13.64
18.35
24.63
1.06
25.76
6.22
7.27
35.47
17.13
16.16
14.39
4.87
0.81
0.15
2.74
0.15
0.15
2.01
1.30
0.15
0.00
6.55
0.00
4.01
0.00
0.00
0.56
10.41
1.54
0.00
0.00
0.00
0.00
0.00
0.00
0.00
0.00
0.00
0.00
0.00
0.00
0.00
1.74
2.13
11.34
13.49
11.34
6.19
11.48
20.55
33.68
29.57
27.37
15.62
15.34
11.34
22.65
0.00
7.89
17.57
81.21
0.28
33.75
30.29
15.27
0.00
13.77
2.60
20.94
11.25
9.28
9.03
13.91
11.96
5.53
1.79
0.09
0.18
5.63
5.33
7.27
8.33
11.05
10.34
9.43
5.78
13.52
9.96
10.09
12.89
14.49
3.75
0.00
0.00
0.00
0.00
0.22
0.83
1.60
11.44
6.31
15.65
28.87
47.97
0.03
0.00
7.20
0.00
7.91
3.07
22.10
10.58
4.71
2.85
1.17
0.00
0.00
0.00
0.00
0.07
0.00
0.00
4.61
9.41
27.71
12.31
17.13
32.76
40.88
54.01
9.39
0.88
0.77
1.27
0.93
0.49
1.50
6.98
18.87
26.33
21.52
31.52
12.65
12.20
0.00
0.00
0.00
4.82
8.59
0.00
0.03
7.91
8.70
10.98
6.61
14.64
15.76
5.38
10.26
19.08
1.21
18.53
9.69
0.02
0.00
36.50
8.41
17.35
1.36
0.00
0.00
0.00
2.20
10.54
44.70
17.21
0.00
0.00
7.88
17.74
19.50
1.79
11.63
0.00
0.00
0.00
0.00
0.97
0.00
0.00
0.00
0.00
0.00
0.00
0.00
0.00
0.00
19.10
23.69
20.57
20.38
37.98
32.54
24.54
32.00
30.57
0.00
0.00
0.00
12.42
0.00
0.00
0.00
0.00
9.90
0.00
0.00
0.00
0.00
0.00
19.85
15.76
0.00
21.66
53.17
51.82
45.17
33.05
16.91
28.01
0.00
0.00
48.17
22.25
0.00
0.00
0.00
0.00
0.00
8.95
0.00
0.00
8.95
8.95
9.68
9.68
13.35
10.32
11.42
9.68
11.42
8.09
18.82
18.82
0.00
18.82
18.82
18.82
18.82
0.00
0.00
0.00
0.00
18.82
18.82
0.00
0.00
0.00
0.00
0.00
0.00
0.00
0.00
0.00
0.00
0.00
0.00
0.00
18.82
18.82
0.00
0.00
0.00
0.00
0.00
0.00
0.00
0.00
0.00
0.00
0.00
0.00
0.00
0.00
0.00
10.50
10.50
10.50
0.00
0.00
0.00
0.00
0.00
0.00
10.50
0.00
0.00
0.00
0.00
0.00
0.00
0.00
10.50
10.50
0.00
0.00
0.00
7.30
9.06
4.03
6.64
8.97
8.87
4.03
0.00
0.00
0.00
0.00
0.00
0.00
0.00
0.00
0.00
0.00
0.00
0.00
0.00
0.00
0.00
0.00
0.00
0.00
0.00
0.59
0.00
0.00
2.98
0.00
7.12
4.34
6.53
0.00
0.00
1.89
0.00
0.00
1.70
0.33
5.93
6.22
3.43
10.48
4.67
9.61
2.46
0.33
5.23
7.27
8.28
1.89
0.00
0.00
0.00
1.54
2.97
3.63
1.37
3.13
0.00
0.00
0.00
0.00
0.00
0.00
0.00
0.00
0.00
2.12
3.57
0.44
2.52
2.29
3.85
3.57
3.90
4.97
12.00
0.00
7.17
0.00
0.00
0.00
0.00
0.00
0.00
0.00
1.66
2.44
3.67
6.97
2.29
3.67
2.29
1.74
0.00
0.00
0.18
4.58
5.56
7.85
8.80
16.51
16.22
14.70
17.82
7.63
7.11
8.72
4.28
4.51
14.21
10.76
29.71
35.86
30.84
69.50
28.87
8.13
6.83
3.84
6.52
13.48
8.28
8.63
8.02
8.63
12.26
3.35
2.86
7.82
9.79
7.92
11.22
21.19
16.20
12.69
3.25
0.00
0.00
0.00
0.00
0.00
0.00
2.47
29.42
15.96
25.61
34.17
10.75
22.76
23.74
2.33
4.56
0.00
0.00
0.00
0.00
0.00
0.00
0.00
0.00
0.00
0.00
0.00
0.00
0.00
0.00
0.00
0.00
15.47
5.55
0.85
11.44
14.98
17.32
18.29
25.38
22.35
16.10
14.88
17.79
28.61
19.52
11.14
6.19
5.43
0.00
19.95
1.77
0.41
0.00
0.01
2.68
0.00
0.00
0.00
0.00
0.00
0.00
0.00
9.45
2.14
0.03
0.00
0.88
0.00
14.79
3.10
29.99
26.27
14.79
0.00
3.02
0.00
0.00
0.00
0.00
3.91
11.88
13.84
8.09
19.54
20.65
0.00
11.21
5.13
9.53
15.65
19.15
0.00
0.00
7.14
4.18
2.72
2.64
0.00
0.00
0.00
0.00
0.00
0.00
0.00
0.00
0.00
27.05
26.09
19.85
25.19
27.05
0.00
0.00
0.00
0.00
0.00
0.00
0.00
0.00
0.00
0.00
0.00
0.00
0.00
0.00
0.00
0.00
0.00
0.00
0.00
0.00
0.00
8.95
7.02
10.32
0.00
11.42
11.42
0.00
0.00
0.00
0.00
0.00
0.00
0.00
0.00
0.00
8.95
0.00
0.00
0.00
0.00
0.00
0.00
0.00
0.00
0.00
0.00
0.00
0.00
0.00
0.00
0.00
18.82
18.82
18.82
18.82
18.82
18.82
18.82
0.00
18.82
18.82
18.82
18.82
18.82
18.82
0.00
0.00
18.82
18.82
0.00
18.82
18.82
0.00
0.00
0.00
0.00
0.00
0.00
10.50
10.50
10.50
0.00
0.00
0.00
0.00
0.00
0.00
10.50
0.00
0.00
0.00
0.00
0.00
0.00
0.00
0.00
0.00
0.00
0.00
0.00
0.00
0.00
0.00
0.00
0.00
0.00
0.00
0.00
0.00
0.00
0.00
0.00
0.00
0.00
0.00
0.00
0.00
0.00
0.00
0.00
0.00
0.00
5.26
0.00
0.00
0.00
3.12
4.03
3.12
10.48
15.49
17.78
9.69
0.00
0.00
0.00
0.00
0.00
0.00
0.00
0.00
0.00
11.43
8.28
0.00
0.59
0.00
4.52
1.70
4.94
9.47
12.21
30.86
44.40
9.54
5.61
5.61
0.85
19.07
6.22
0.00
0.00
0.00
0.00
0.00
10.76
34.21
12.88
8.40
0.29
5.72
0.00
0.00
0.00
0.00
0.00
5.30
16.45
11.00
11.90
13.17
6.14
2.47
0.00
0.00
4.44
16.07
0.00
0.81
7.79
7.58
4.66
0.00
0.00
0.56
0.29
13.75
26.92
22.23
20.55
8.43
13.35
19.01
12.49
20.27
45.07
0.52
12.78
4.43
0.00
28.61
21.61
34.91
26.57
5.56
8.10
6.49
0.00
0.69
0.85
3.22
0.00
0.00
0.00
3.53
1.46
12.78
8.00
18.45
17.50
15.56
7.42
7.82
0.00
3.84
5.83
7.62
4.09
19.70
21.73
38.11
20.37
6.32
19.09
6.07
16.84
31.46
39.05
13.17
8.88
13.07
5.43
19.24
22.65
11.91
3.69
7.62
17.96
30.32
48.72
132.58
46.31
7.88
7.56
16.33
10.58
14.65
4.56
8.69
22.00
21.62
15.32
26.89
22.53
16.92
7.86
4.30
1.38
3.16
0.00
9.60
0.90
0.08
0.01
0.00
9.27
0.01
0.00
2.16
17.29
0.00
0.45
0.43
2.47
3.05
4.05
2.61
3.01
14.44
12.42
22.35
2.76
6.93
16.87
18.22
4.19
7.99
8.19
0.00
0.00
1.30
8.47
74.86
17.72
23.81
11.47
7.71
0.00
6.01
6.61
2.76
3.10
0.00
0.00
0.00
0.00
0.00
2.95
11.04
3.25
1.68
2.80
16.00
12.90
0.00
0.00
0.00
4.97
6.61
17.48
5.05
7.10
3.91
0.00
0.00
0.00
2.87
1.43
4.89
1.04
4.02
18.29
19.10
18.69
38.99
7.82
0.00
0.00
0.00
0.00
0.00
0.00
0.00
0.00
0.00
4.19
3.16
0.00
12.60
0.00
0.00
0.00
0.00
0.00
0.00
0.00
0.00
3.16
4.19
4.19
3.16
0.00
0.00
0.00
0.00
0.00
0.00
0.00
0.00
0.00
0.00
0.00
0.00
0.00
0.00
0.00
0.00
0.00
0.00
0.00
0.00
0.00
0.00
0.00
0.00
0.00
0.00
0.00
0.00
0.00
0.00
0.00
0.00
0.00
0.00
0.00
0.00
0.00
0.00
18.82
18.82
0.00
0.00
0.00
0.00
0.00
0.00
0.00
0.00
0.00
0.00
0.00
0.00
0.00
0.00
0.00
0.00
0.00
0.00
0.00
0.00
0.00
0.00
0.00
0.00
0.00
0.00
0.00
0.00
0.00
0.00
0.00
0.00
0.00
0.00
0.00
0.00
0.00
0.00
0.00
0.00
0.00
0.00
0.00
0.00
0.00
0.00
0.00
0.00
0.00
0.00
10.50
0.00
10.50
0.00
0.00
0.00
0.00
0.00
0.00
0.00
6.56
0.00
0.00
0.00
10.34
9.53
4.03
0.00
0.00
0.00
0.00
0.00
0.00
16.37
10.48
5.70
12.06
0.00
0.00
9.86
15.87
14.94
1.89
6.22
4.67
0.00
4.34
0.00
4.34
0.59
4.67
5.53
3.59
4.52
2.07
52.24
4.18
0.59
5.61
0.33
2.72
22.47
10.70
13.97
7.41
0.00
0.00
2.37
28.53
0.00
0.19
6.29
8.42
0.00
0.00
4.44
8.61
0.00
4.44
5.09
15.69
18.74
12.97
0.00
0.00
4.01
4.77
24.89
16.84
7.99
0.00
5.72
2.58
13.17
16.64
9.71
10.81
0.00
0.00
12.00
12.00
12.97
15.11
19.58
22.23
24.18
28.88
10.33
0.36
0.00
15.98
5.48
5.59
4.09
11.37
16.34
17.04
22.68
20.24
9.46
16.76
17.47
19.15
12.78
20.14
9.89
0.00
0.00
5.03
2.44
12.05
0.00
0.00
0.00
17.96
4.98
6.50
1.94
0.83
1.02
4.04
6.97
3.25
6.87
0.48
12.87
3.01
12.31
14.67
28.54
15.26
0.04
0.00
6.23
7.62
11.40
9.79
5.18
28.56
21.24
13.68
21.96
25.87
15.87
28.32
68.71
36.96
0.17
0.02
9.52
13.43
11.90
7.88
17.32
29.46
15.47
12.48
20.61
22.96
62.25
65.29
19.72
46.38
16.45
1.44
0.22
2.59
26.29
19.97
0.00
0.00
0.00
0.00
0.01
0.00
0.77
0.00
14.11
1.42
0.00
0.00
9.75
4.85
11.69
0.00
15.83
8.08
8.87
6.09
2.45
10.10
17.93
14.81
23.81
21.89
13.10
11.69
5.48
17.86
19.30
4.19
7.09
0.00
3.85
2.82
0.95
0.00
0.62
0.00
0.00
3.64
8.33
12.90
25.64
43.95
33.05
18.70
14.31
0.00
0.00
28.94
0.02
0.00
0.00
0.00
0.00
0.00
0.49
15.14
55.69
12.27
0.17
0.00
0.00
0.00
0.00
0.00
0.00
0.00
0.00
0.00
0.00
0.00
0.00
0.00
0.00
0.00
0.00
0.00
0.00
0.00
0.00
5.56
0.00
0.00
0.00
0.00
0.00
0.00
0.00
0.00
0.00
0.00
0.00
0.00
5.56
0.00
39.40
38.54
27.62
0.00
0.00
0.00
0.00
28.98
0.00
0.00
0.00
0.00
0.00
0.00
0.00
0.00
0.00
0.00
0.00
0.00
0.00
0.00
26.77
0.00
11.42
0.00
0.00
0.00
0.00
0.00
0.00
0.00
0.00
0.00
0.00
0.00
0.00
0.00
0.00
0.00
0.00
0.00
0.00
0.00
0.00
0.00
0.00
0.00
0.00
0.00
0.00
0.00
18.82
18.82
0.00
0.00
18.82
18.82
0.00
0.00
0.00
10.50
0.00
0.00
0.00
0.00
0.00
0.00
0.00
0.00
0.00
0.00
0.00
0.00
0.00
0.00
0.00
0.00
0.00
0.00
0.00
0.00
10.50
10.50
0.00
0.00
0.00
10.50
10.50
10.50
0.00
0.00
0.00
0.00
0.00
0.00
8.34
4.03
0.00
0.00
0.00
0.00
9.15
0.00
0.00
8.57
11.26
12.30
9.61
12.46
2.42
0.00
16.71
12.06
6.80
9.15
11.57
0.00
0.00
0.00
1.48
31.02
7.55
1.89
0.33
0.00
0.00
5.93
7.99
9.39
0.00
0.00
0.00
0.00
0.00
5.31
2.64
4.34
11.02
21.25
4.10
0.46
2.26
0.33
2.64
1.27
4.26
0.19
0.00
0.00
5.14
0.00
0.81
0.00
4.49
0.15
0.00
1.49
3.31
5.40
4.01
4.77
0.00
0.00
0.15
0.94
2.81
7.79
19.30
11.11
9.82
11.00
17.02
0.00
10.01
10.81
24.16
7.07
0.00
0.00
0.00
3.06
3.53
2.13
5.33
15.91
17.47
17.75
21.53
54.06
33.75
48.64
43.36
25.98
21.12
28.67
13.77
5.93
8.43
12.34
12.34
15.48
36.89
13.70
11.48
26.40
17.32
28.33
9.17
21.53
24.81
37.36
13.88
7.72
12.97
11.05
8.93
12.36
13.63
6.65
6.32
9.73
13.61
10.64
13.27
6.52
9.33
8.13
9.23
7.47
18.53
15.82
0.09
6.12
25.46
11.86
15.20
19.09
22.73
13.43
11.86
3.89
1.65
8.96
9.41
0.00
0.00
0.00
0.00
0.00
0.00
0.00
0.00
8.53
0.88
3.48
2.25
6.05
6.13
3.30
0.00
0.00
0.01
5.28
6.54
17.26
32.10
9.38
6.00
6.54
8.39
12.37
8.53
6.40
6.79
10.10
9.36
7.11
12.45
12.01
46.96
35.57
14.98
0.00
0.00
0.00
0.00
0.51
0.00
0.00
1.40
5.89
8.72
3.52
10.65
0.00
1.33
8.13
0.00
0.00
20.92
7.14
2.29
1.77
3.02
0.00
0.49
1.39
0.05
5.28
10.87
17.56
24.47
10.03
0.00
0.00
22.51
14.27
0.00
0.00
0.00
0.00
2.64
2.04
8.37
11.54
2.64
15.48
7.22
5.60
2.34
24.11
40.58
0.00
0.00
0.00
0.00
0.00
0.00
0.00
0.00
0.00
17.65
27.05
31.07
21.57
6.67
0.00
0.00
0.00
0.00
0.00
0.00
0.00
0.00
0.00
0.00
0.00
0.00
0.00
0.00
0.00
0.00
9.90
0.00
0.00
0.00
14.72
0.00
0.00
44.94
28.39
0.00
0.00
0.00
0.00
0.00
0.00
0.00
0.00
0.00
0.00
0.00
0.00
0.00
0.00
0.00
0.00
0.00
0.00
0.00
0.00
0.00
0.00
0.00
0.00
0.00
0.00
0.00
0.00
0.00
0.00
0.00
0.00
0.00
0.00
0.00
0.00
0.00
0.00
0.00
0.00
