19710101
16.42
0.00
0.00
0.00
0.00
0.00
0.00
0.00
0.00
16.42
16.42
0.00
0.00
0.00
0.00
0.00
0.00
0.00
0.00
0.00
0.00
0.00
0.00
0.00
0.00
0.00
0.00
0.00
0.00
0.00
16.42
4.45
3.86
3.49
3.86
3.03
0.00
8.71
14.52
21.54
10.50
4.92
0.00
0.00
11.02
0.00
0.00
12.73
0.00
8.71
9.56
15.41
13.10
15.41
4.92
0.00
0.00
17.79
0.00
3.48
1.41
9.26
16.46
13.02
0.10
0.00
2.76
11.34
9.68
2.43
3.85
11.34
0.22
4.21
0.10
0.22
0.00
0.00
0.00
0.00
0.00
4.21
0.00
0.00
3.48
26.34
0.00
6.11
8.87
5.34
0.00
0.00
3.10
1.74
5.66
5.87
0.00
0.36
0.00
7.33
7.55
8.41
0.82
0.17
0.00
0.00
0.00
1.06
2.27
4.01
11.83
6.70
3.19
4.16
0.00
0.00
0.00
0.00
0.00
0.00
0.00
0.06
13.58
6.34
0.62
0.00
4.92
18.19
20.41
2.01
2.13
23.69
16.20
11.34
33.55
5.91
0.00
0.00
0.00
0.62
7.88
6.49
10.71
8.11
3.82
5.62
7.07
4.99
0.00
0.00
0.00
0.00
6.23
0.00
4.94
0.00
9.55
1.45
9.70
23.00
16.04
16.99
24.00
20.44
20.93
23.60
21.61
19.00
13.58
11.89
0.00
16.80
12.35
14.20
13.67
8.05
2.81
0.00
5.34
0.00
17.56
23.05
3.53
14.02
15.63
39.60
55.84
21.28
14.30
9.56
5.09
0.00
0.00
0.00
0.00
9.28
4.62
10.05
0.00
0.00
0.00
0.00
0.00
0.00
18.66
14.93
0.00
11.44
15.07
20.21
6.94
8.84
14.27
12.07
7.43
6.54
18.65
18.16
0.95
6.89
2.36
0.36
0.96
0.87
1.75
1.66
3.68
8.21
6.13
47.05
47.05
20.37
7.54
6.62
1.41
0.00
0.00
0.00
0.27
0.00
19.66
0.15
0.11
0.00
8.03
8.34
3.64
12.77
13.49
8.58
13.97
6.65
3.77
0.00
22.67
9.46
20.90
18.87
1.97
11.01
22.44
14.71
0.00
0.00
5.17
0.00
9.62
23.43
45.40
19.14
6.88
8.06
26.66
20.50
24.64
21.61
7.16
10.16
0.00
0.00
4.59
0.00
0.00
12.58
2.43
0.00
0.00
7.93
4.59
16.78
13.59
135.71
3.13
2.25
4.85
11.20
7.31
23.00
7.46
0.00
0.00
2.43
3.67
0.00
0.00
5.27
0.00
0.00
7.39
0.00
7.39
7.39
0.00
0.00
0.00
0.00
0.00
0.00
0.00
0.00
0.00
0.00
0.00
0.00
5.27
7.39
7.39
10.51
7.39
5.27
7.39
0.00
0.00
12.74
31.49
0.00
0.00
0.00
0.00
0.00
0.00
0.00
34.23
17.58
23.07
0.00
7.85
9.80
9.80
9.80
7.85
15.44
19.28
9.80
0.00
0.00
0.00
0.00
7.85
7.85
0.00
7.85
9.80
8.94
9.80
16.42
0.00
0.00
0.00
0.00
0.00
0.00
0.00
0.00
16.42
16.42
0.00
0.00
0.00
0.00
0.00
0.00
0.00
0.00
0.00
0.00
0.00
0.00
0.00
0.00
0.00
0.00
0.00
0.00
0.00
0.00
0.00
0.00
0.00
0.00
0.00
0.00
0.00
0.00
0.00
0.00
0.00
0.00
0.00
0.00
0.00
0.00
0.00
0.00
9.80
4.92
0.00
0.00
12.51
14.64
10.29
4.92
10.29
4.92
11.12
9.88
3.67
7.68
8.26
0.22
0.00
0.00
0.00
1.10
0.00
0.00
0.00
0.22
0.00
0.00
0.00
0.00
0.95
23.25
1.75
3.85
0.00
0.00
0.00
0.00
0.00
25.89
0.78
16.02
4.95
0.00
0.00
0.00
0.00
0.00
0.00
0.00
0.00
0.00
0.00
0.00
5.46
9.16
0.36
1.64
1.87
3.43
6.15
3.86
1.30
2.50
0.00
0.00
0.00
1.30
0.29
1.56
6.28
5.25
9.26
0.00
1.29
2.26
4.37
1.06
21.77
20.92
10.09
9.78
15.37
3.95
3.29
5.91
23.16
9.48
8.27
6.49
18.03
24.91
18.87
30.27
52.93
52.35
15.29
36.69
19.72
6.42
1.03
7.30
12.22
23.55
7.07
12.70
0.00
0.00
0.00
11.58
0.10
11.19
14.05
11.27
13.89
11.89
14.27
13.78
17.64
11.23
11.38
24.42
18.28
20.62
6.08
8.43
11.85
10.99
14.56
21.91
18.05
18.14
10.80
9.31
11.58
9.25
12.62
14.09
13.18
14.02
7.76
5.84
9.56
15.14
13.04
8.73
14.72
16.97
11.71
3.00
13.32
5.77
7.90
11.36
5.98
15.85
14.58
8.87
8.32
12.62
6.05
10.64
10.92
3.13
11.26
16.83
16.80
34.23
28.41
37.58
5.93
7.32
8.06
12.59
4.39
2.11
4.03
0.28
1.95
0.00
0.00
4.27
28.53
19.35
3.40
3.10
10.52
0.00
4.58
0.00
0.00
14.10
14.55
15.20
16.51
26.99
9.92
13.97
8.90
9.29
0.00
5.75
6.35
8.03
1.73
15.63
34.49
30.06
0.36
0.00
0.00
12.01
0.00
10.72
0.00
21.93
30.56
5.50
0.00
0.00
6.12
0.00
12.35
18.87
4.60
0.00
0.00
31.55
7.16
14.44
17.27
18.06
15.76
16.11
21.81
29.02
1.64
0.00
9.65
10.62
0.00
0.00
0.00
0.00
0.00
10.16
0.00
0.00
10.16
6.85
0.00
0.00
0.00
0.00
0.00
10.62
2.43
0.00
0.00
0.00
0.00
0.00
0.00
0.00
0.00
0.00
0.00
0.00
0.00
0.00
0.00
0.00
0.00
19.31
20.65
0.00
10.51
0.00
0.00
0.00
0.00
0.00
0.00
5.27
3.76
0.00
0.00
0.00
6.28
0.00
0.00
6.28
7.85
7.85
9.80
0.00
0.00
0.00
0.00
0.00
0.00
0.00
0.00
0.00
0.00
0.00
0.00
0.00
0.00
0.00
0.00
0.00
0.00
0.00
0.00
0.00
0.00
0.00
0.00
0.00
0.00
0.00
0.00
0.00
0.00
0.00
0.00
0.00
0.00
0.00
0.00
0.00
0.00
0.00
0.00
0.00
0.00
0.00
0.00
0.00
0.00
16.42
0.00
0.00
0.00
0.00
0.00
0.00
0.00
0.00
0.00
0.00
0.00
0.00
0.00
0.00
0.00
0.00
0.00
0.00
0.00
0.00
0.00
0.00
18.50
0.00
0.00
0.00
0.00
0.00
0.00
0.00
0.00
0.00
0.00
0.00
0.00
0.00
0.00
0.00
0.00
0.50
0.00
0.00
7.46
0.02
0.02
0.00
0.02
0.00
3.48
15.86
24.06
0.00
0.00
2.26
19.43
8.92
9.59
0.00
0.00
0.00
0.00
0.22
0.00
0.00
0.00
0.00
0.00
0.00
0.00
2.08
4.01
0.04
0.00
0.51
4.45
0.29
0.14
1.68
0.26
4.96
3.10
6.80
2.44
7.01
0.00
0.00
0.00
0.00
0.97
0.51
1.91
0.00
0.00
10.65
0.00
24.70
20.19
5.20
6.78
3.68
7.51
8.87
12.14
53.13
13.10
13.25
18.70
13.73
22.99
29.73
24.91
27.04
10.56
17.36
8.87
12.14
8.27
17.28
3.41
0.00
4.50
8.79
21.26
16.69
9.18
0.00
0.00
0.00
0.00
2.43
3.88
9.24
6.46
0.00
0.00
0.00
13.51
13.20
7.98
12.35
10.09
12.78
12.58
17.26
19.98
15.32
20.48
9.70
24.49
17.87
13.43
19.68
11.81
16.27
16.19
25.83
24.34
17.41
6.66
12.20
8.52
0.00
6.05
10.36
10.84
17.36
20.46
11.16
11.64
10.11
24.05
27.76
35.21
10.74
9.56
1.14
0.00
0.00
0.00
4.17
0.00
0.00
0.00
12.97
9.07
17.68
12.34
20.01
35.72
7.14
8.97
19.05
8.06
13.30
0.00
0.00
10.56
30.16
25.65
5.46
31.39
22.13
8.86
10.85
13.83
9.09
31.05
3.66
7.22
13.25
16.46
2.26
1.41
4.70
5.93
10.24
11.05
4.27
12.25
6.07
5.61
13.97
37.58
9.62
25.94
26.22
26.51
6.05
23.25
0.00
3.27
0.00
9.01
0.00
19.24
13.84
0.64
0.00
0.00
0.00
0.00
5.46
13.80
14.41
19.05
4.88
15.98
16.97
9.98
0.00
0.00
0.00
0.00
18.97
31.14
25.49
24.77
0.00
0.00
0.00
0.00
0.00
0.00
0.00
0.00
0.00
0.00
0.00
14.79
15.86
9.16
0.00
0.00
0.00
0.00
1.10
0.00
1.64
1.64
2.06
2.06
0.00
0.00
34.88
16.38
0.00
0.00
0.00
7.39
0.00
0.00
7.39
0.00
0.00
0.00
0.00
0.00
5.27
0.00
0.00
0.00
0.00
0.00
5.27
0.00
0.00
0.00
0.00
0.00
0.00
0.00
0.00
0.00
0.00
0.00
0.00
0.00
0.00
0.00
0.00
0.00
0.00
0.00
0.00
0.00
0.00
0.00
0.00
0.00
0.00
0.00
0.00
0.00
17.58
9.39
0.00
0.00
0.00
0.00
0.00
0.00
0.00
0.00
0.00
0.00
0.00
0.00
16.42
0.00
0.00
0.00
0.00
0.00
0.00
0.00
0.00
0.00
0.00
0.00
16.42
16.42
0.00
0.00
0.00
0.00
0.00
0.00
0.00
0.00
0.00
0.00
0.00
0.00
0.00
0.00
0.00
0.00
0.00
0.00
10.29
11.85
0.00
0.00
0.00
15.10
4.92
0.00
0.00
0.00
12.95
14.28
15.92
5.75
0.00
8.71
6.34
9.80
13.78
8.56
0.00
3.86
0.00
0.00
0.00
0.00
0.00
3.85
0.22
0.00
0.00
0.00
6.11
1.91
8.87
11.34
6.89
42.30
6.11
9.68
0.22
5.53
1.10
16.89
8.21
6.68
13.43
0.64
4.77
0.00
3.21
2.96
3.94
0.00
2.54
0.00
0.00
0.00
1.99
0.66
0.51
0.00
0.00
0.00
0.00
0.00
1.39
0.29
2.72
9.88
6.33
3.96
3.05
2.31
2.59
5.36
10.82
4.45
6.49
7.75
13.66
6.44
3.48
4.03
1.32
8.38
14.67
23.51
34.10
32.45
17.02
33.92
34.19
30.63
28.11
21.60
24.74
19.38
26.77
17.77
28.65
11.98
5.06
0.00
0.00
0.00
0.00
0.00
0.00
0.00
0.00
0.00
0.00
0.00
12.89
1.41
0.00
5.62
44.19
8.72
10.41
29.32
22.89
0.10
5.62
2.47
21.68
26.17
20.93
11.81
2.63
14.81
3.96
19.30
18.28
17.19
20.89
20.48
13.89
11.61
13.89
65.30
48.93
20.85
62.34
25.37
16.13
9.42
14.86
6.52
17.53
25.19
9.97
2.87
0.00
2.60
3.80
9.84
8.17
0.00
0.00
0.00
5.77
7.35
5.36
12.41
11.85
14.72
0.00
30.12
9.42
9.63
11.79
13.46
10.39
4.89
3.52
4.27
3.72
8.14
5.99
1.33
0.33
10.41
10.41
8.06
12.76
22.03
7.98
11.90
0.00
6.89
21.19
0.44
0.00
8.51
11.05
19.55
4.52
4.27
2.21
5.80
12.41
6.65
15.38
5.46
14.36
6.95
20.24
5.32
3.23
11.26
1.85
0.00
0.00
0.00
5.61
0.00
0.00
0.00
0.00
1.73
0.00
0.00
0.00
0.00
0.00
0.00
0.00
12.35
0.00
0.00
0.00
12.43
0.00
0.00
0.00
10.84
10.16
21.81
21.27
15.42
51.04
11.09
0.00
5.98
24.08
22.47
9.65
0.00
0.00
0.00
1.64
1.64
0.00
0.00
0.00
0.00
0.00
0.00
0.00
0.00
0.00
2.43
0.00
0.00
0.00
0.00
0.00
0.00
0.00
0.00
5.27
7.39
0.00
0.00
0.00
0.00
0.00
0.00
0.00
0.00
0.00
20.65
13.83
0.00
0.00
0.00
0.00
0.00
0.00
0.00
0.00
0.00
12.74
0.00
0.00
0.00
0.00
0.00
0.00
0.00
0.00
0.00
0.00
0.00
0.00
0.00
0.00
0.00
0.00
0.00
0.00
0.00
0.00
0.00
0.00
0.00
0.00
0.00
0.00
0.00
0.00
0.00
0.00
0.00
14.03
0.00
0.00
0.00
0.00
0.00
0.00
0.00
0.00
0.00
0.00
0.00
0.00
0.00
16.42
16.42
16.42
16.42
0.00
0.00
0.00
0.00
0.00
16.42
16.42
0.00
0.00
0.00
0.00
0.00
0.00
0.00
0.00
0.00
0.00
0.00
0.00
0.00
0.00
0.00
0.00
0.00
0.00
0.00
0.00
14.17
15.72
13.78
17.55
0.00
0.00
0.00
4.92
0.00
0.00
0.00
8.24
13.24
19.63
14.17
8.07
10.51
5.90
3.67
3.56
0.10
6.77
5.14
0.00
0.00
0.00
3.85
3.67
0.10
1.41
2.43
0.22
3.85
6.49
28.68
14.73
0.00
0.00
0.00
0.00
0.00
15.15
38.67
81.43
43.52
11.74
3.48
2.18
7.33
1.64
0.00
0.00
0.00
0.66
1.99
5.46
5.25
5.87
4.26
15.40
23.14
9.93
39.78
12.51
0.23
0.00
102.85
0.51
10.38
17.54
1.99
17.29
9.05
6.60
0.00
8.24
10.15
3.06
0.03
0.52
1.89
4.50
1.65
5.49
3.02
1.52
7.51
7.41
0.68
0.00
7.33
4.68
12.22
0.00
0.00
0.00
0.00
0.00
0.00
0.00
0.00
0.00
0.00
0.00
0.00
0.00
0.06
0.73
0.00
0.00
0.00
0.00
0.00
0.00
11.50
6.23
7.82
0.00
3.22
4.77
0.00
0.00
0.00
0.00
10.92
35.66
20.74
15.62
12.43
24.64
27.17
21.79
11.74
15.12
0.00
0.00
5.66
5.14
0.00
0.00
0.00
5.91
4.68
6.80
10.25
7.35
0.00
0.00
4.17
16.13
4.14
14.37
16.79
9.31
7.52
8.07
13.67
11.95
13.25
14.58
13.18
16.83
1.40
10.81
15.98
4.75
0.00
0.00
0.18
0.00
0.00
12.55
30.27
24.82
43.94
26.83
10.56
12.94
18.95
20.78
4.64
0.98
0.00
0.00
0.00
0.00
0.00
0.00
19.16
18.55
10.56
0.00
0.00
6.54
5.08
0.00
7.84
7.95
3.66
13.38
19.92
6.19
12.05
13.54
12.26
11.59
2.71
12.51
17.23
18.32
0.36
20.06
16.07
0.05
1.05
0.32
10.93
13.03
5.79
17.37
15.41
11.38
4.32
0.29
1.97
11.26
12.77
4.53
4.95
8.19
25.85
26.08
7.46
3.67
0.00
0.00
0.00
0.00
0.00
0.00
0.00
0.00
0.00
0.00
0.00
0.00
9.78
0.00
0.00
0.00
0.00
0.00
0.00
0.00
0.00
0.00
8.61
0.00
0.00
0.00
0.00
0.00
35.27
0.00
0.00
0.00
0.00
0.00
0.00
0.00
0.00
0.00
0.00
0.00
0.00
0.00
0.00
0.00
0.00
0.00
0.00
0.00
0.00
0.00
0.00
0.00
0.00
0.00
0.00
21.25
0.00
0.00
0.00
0.00
0.00
0.00
0.00
0.00
0.00
0.00
0.00
0.00
0.00
0.00
0.00
0.00
0.00
0.00
0.00
0.00
21.33
33.54
21.96
0.00
0.00
0.00
0.00
0.00
0.00
0.00
0.00
0.00
0.00
0.00
0.00
0.00
0.00
0.00
0.00
0.00
16.42
16.42
16.42
0.00
0.00
0.00
0.00
16.42
0.00
0.00
0.00
0.00
0.00
16.42
16.42
16.42
0.00
0.00
0.00
0.00
0.00
0.00
0.00
0.00
0.00
0.00
0.00
0.00
0.00
0.00
0.00
7.28
7.72
3.86
9.10
3.86
0.00
0.00
0.00
0.00
0.00
0.00
14.76
0.00
0.00
5.75
0.00
0.00
3.03
4.45
12.43
20.19
9.98
0.10
0.00
0.00
0.00
0.36
6.11
0.43
0.00
0.00
0.00
0.00
0.00
0.00
0.00
0.00
1.10
5.71
0.00
0.88
0.00
9.88
1.41
6.20
4.77
11.64
1.33
17.10
13.23
18.65
0.00
0.00
2.91
0.00
25.89
5.66
3.29
5.25
0.51
0.00
0.00
0.10
7.75
5.25
5.87
2.18
81.62
16.34
3.72
0.00
3.48
20.68
0.00
4.85
8.18
13.09
6.07
0.29
4.06
4.06
13.55
2.26
4.78
4.22
4.57
6.42
5.27
3.55
10.25
10.56
3.95
6.20
2.01
2.80
5.91
1.49
5.24
8.30
1.47
0.00
0.00
0.00
0.00
0.00
2.45
5.06
4.37
16.86
20.06
7.37
25.97
7.67
15.73
16.04
20.14
35.00
15.43
37.64
37.79
18.48
26.58
28.14
0.00
18.78
14.89
16.65
10.80
23.14
29.70
34.71
25.69
11.11
9.86
13.13
11.81
11.89
10.14
5.91
12.31
0.00
16.19
6.83
0.00
0.00
14.02
9.00
9.70
3.13
7.52
17.39
15.70
25.12
22.70
13.88
8.24
0.00
0.00
0.00
0.00
14.72
10.11
6.73
16.48
10.32
12.79
12.48
18.77
17.99
6.52
4.89
7.90
9.97
5.23
0.00
0.00
0.00
0.00
0.00
0.00
0.00
0.00
6.47
6.62
3.68
11.90
1.02
4.64
0.00
0.27
3.75
1.49
3.98
1.45
0.00
7.00
0.00
4.89
6.41
0.00
0.00
0.00
0.00
29.40
5.50
6.91
0.00
11.05
0.00
3.53
7.64
10.97
13.88
12.94
21.64
16.70
24.24
17.14
0.00
0.00
0.00
0.00
17.14
16.47
13.15
11.18
11.63
2.09
0.00
4.60
4.60
15.36
7.18
13.80
16.78
18.67
11.09
3.67
0.00
0.00
0.00
0.00
0.00
0.00
0.00
0.00
2.43
0.00
0.00
0.00
0.00
0.00
0.00
0.00
0.00
0.00
0.00
0.00
0.00
0.00
0.00
0.00
0.00
0.00
0.00
18.13
23.02
21.55
30.46
3.76
0.00
0.00
0.00
0.00
0.00
0.00
0.00
0.00
0.00
5.27
7.39
0.00
7.39
0.00
0.00
0.00
0.00
0.00
0.00
0.00
0.00
0.00
0.00
0.00
0.00
0.00
0.00
0.00
0.00
0.00
0.00
0.00
0.00
0.00
0.00
0.00
0.00
0.00
0.00
0.00
0.00
0.00
0.00
0.00
0.00
0.00
0.00
0.00
0.00
0.00
0.00
0.00
0.00
0.00
0.00
0.00
0.00
0.00
0.00
0.00
0.00
0.00
0.00
0.00
0.00
0.00
0.00
0.00
0.00
0.00
0.00
0.00
0.00
0.00
16.42
16.42
16.42
0.00
0.00
0.00
0.00
0.00
0.00
0.00
0.00
0.00
0.00
0.00
0.00
0.00
0.00
0.00
0.00
11.31
16.03
14.40
4.92
0.00
0.00
0.00
0.00
0.00
0.00
11.49
11.77
0.00
0.00
0.00
0.00
0.00
0.00
0.00
0.00
0.00
0.00
0.00
0.07
0.00
0.00
0.00
0.05
0.00
0.00
0.00
0.00
0.00
0.00
0.00
0.00
8.07
8.48
1.10
0.00
2.76
2.07
3.13
24.97
17.34
0.22
5.71
0.00
0.00
0.78
0.00
0.00
0.00
0.00
0.26
1.64
7.12
5.05
2.72
9.05
8.84
4.26
0.00
0.00
0.00
0.00
0.00
0.00
3.00
0.00
0.00
0.00
0.00
5.25
0.23
0.00
1.64
2.91
0.00
0.00
0.00
0.00
0.00
0.00
2.01
15.54
24.04
5.49
0.00
10.71
0.00
0.00
0.00
0.00
0.00
0.00
0.00
2.01
3.29
1.52
18.03
18.53
12.29
14.47
0.00
0.00
0.00
0.00
0.00
0.00
0.00
17.52
13.01
23.65
19.04
13.28
15.20
21.45
16.00
21.72
9.70
19.68
15.59
9.86
3.80
0.00
0.00
0.00
0.00
0.00
0.00
0.00
0.00
0.00
0.00
0.00
0.00
0.00
13.58
9.24
0.00
0.00
13.28
12.82
0.00
0.00
0.00
10.25
9.42
8.87
12.76
12.62
10.81
22.20
45.35
20.54
6.97
6.26
2.60
14.02
10.95
9.97
9.70
3.00
10.60
1.01
0.00
0.00
0.00
0.00
0.00
0.00
0.00
0.00
0.00
0.00
9.13
4.27
0.00
1.17
3.68
3.18
12.16
9.09
0.00
0.00
0.00
0.00
0.00
0.00
9.92
0.00
0.45
16.71
11.44
1.84
8.17
3.43
7.69
9.17
0.09
0.89
0.05
1.84
0.46
0.74
0.00
0.00
13.03
9.46
4.15
18.32
15.72
18.68
13.11
31.26
18.77
22.77
30.56
16.78
14.23
18.87
0.00
0.00
5.32
12.47
12.51
17.69
3.30
9.05
0.02
0.00
0.00
0.00
0.00
0.00
4.81
1.64
0.00
0.00
0.00
0.00
0.00
0.00
0.00
0.00
0.00
11.52
0.00
0.00
18.67
11.42
25.85
9.93
4.15
0.00
7.46
30.42
0.00
0.00
0.00
0.00
0.00
0.00
0.00
14.14
0.00
0.00
0.00
0.00
0.00
0.00
0.00
0.00
21.84
0.00
0.00
0.00
0.00
0.00
0.00
0.00
0.00
0.00
0.00
0.00
0.00
0.00
0.00
0.00
0.00
0.00
0.00
24.09
31.45
32.65
84.60
56.20
7.85
0.00
0.00
9.80
9.80
9.80
0.00
16.55
37.16
22.24
0.00
0.00
0.00
0.00
0.00
0.00
0.00
0.00
0.00
0.00
0.00
0.00
24.54
6.28
0.00
0.00
0.00
0.00
0.00
0.00
0.00
0.00
0.00
0.00
0.00
0.00
0.00
0.00
0.00
0.00
0.00
0.00
0.00
0.00
0.00
0.00
0.00
0.00
16.42
16.42
0.00
0.00
0.00
0.00
0.00
0.00
0.00
0.00
0.00
0.00
0.00
0.00
0.00
0.00
0.00
0.00
0.00
0.00
0.00
0.00
0.00
0.00
0.00
0.00
0.00
0.00
0.00
0.00
0.00
0.00
0.00
0.00
28.68
12.02
17.22
12.80
0.00
0.00
0.00
0.00
0.00
0.00
0.00
5.71
0.00
0.00
0.00
0.00
0.00
0.00
0.00
0.00
0.00
0.00
0.00
5.43
0.00
0.00
0.00
0.00
0.00
0.00
0.00
0.05
0.00
0.00
0.00
0.00
0.00
0.00
0.00
5.97
10.59
2.18
2.35
8.84
5.46
0.00
3.86
0.66
0.00
0.00
0.00
0.00
0.23
0.23
12.85
13.55
18.50
4.65
2.54
5.87
0.00
0.00
0.00
0.00
0.00
1.99
1.48
4.85
11.49
14.88
1.47
2.51
7.30
3.09
5.34
1.76
0.00
0.00
0.00
0.00
8.87
0.48
1.06
0.62
4.37
32.18
38.55
23.86
1.89
2.96
4.71
0.00
0.00
6.78
0.00
0.00
0.00
0.00
4.68
0.00
0.05
7.94
9.22
13.62
8.29
5.06
19.76
22.25
11.81
89.34
40.42
17.44
0.05
0.00
0.00
0.00
0.00
0.00
6.31
9.24
16.88
54.51
32.80
10.72
22.85
14.67
0.10
0.05
0.05
0.05
0.00
0.00
0.00
0.00
0.00
5.16
7.49
9.00
2.87
5.71
9.46
17.43
14.97
12.23
12.34
8.52
8.17
20.08
22.92
12.41
20.18
16.16
22.63
28.50
21.46
27.76
23.87
1.63
1.55
9.04
19.97
33.25
44.88
12.76
14.64
17.37
0.77
11.90
5.99
0.00
13.91
25.38
0.75
23.74
8.97
4.52
5.08
6.27
12.41
7.39
5.73
3.03
0.93
0.91
2.17
0.00
0.00
0.55
9.13
2.61
0.00
3.03
0.00
3.37
1.50
7.88
5.03
0.64
0.00
0.00
0.00
2.97
0.00
0.00
0.00
0.00
7.56
0.00
0.00
0.00
4.85
11.59
0.54
7.79
8.42
18.04
9.29
10.93
0.00
0.00
0.00
15.90
0.00
0.00
12.17
14.79
14.88
17.09
16.44
0.00
0.00
0.00
22.87
0.00
14.35
0.00
6.15
8.07
10.16
7.79
6.85
0.00
10.98
0.00
0.00
0.00
0.00
0.00
0.00
0.00
0.00
0.00
0.00
0.00
0.00
0.00
0.00
0.00
23.02
70.99
221.79
0.00
0.00
0.00
5.27
72.35
44.09
0.00
0.00
5.27
3.76
5.27
0.00
0.00
31.06
0.00
5.27
6.42
7.39
5.27
7.39
7.39
7.39
9.80
7.85
14.03
0.00
6.28
8.94
7.85
0.00
0.00
7.85
11.31
9.80
8.94
9.80
0.00
12.36
0.00
9.80
7.85
7.85
0.00
0.00
9.80
0.00
0.00
0.00
0.00
0.00
0.00
0.00
0.00
0.00
0.00
0.00
16.42
16.42
0.00
0.00
0.00
0.00
0.00
0.00
0.00
0.00
0.00
0.00
16.42
16.42
16.42
0.00
0.00
16.42
0.00
0.00
16.42
0.00
16.42
16.42
0.00
0.00
0.00
0.00
0.00
0.00
0.00
0.00
0.00
0.00
0.00
0.00
0.00
0.00
0.00
0.00
0.00
0.00
0.00
0.00
12.51
9.30
13.24
3.86
0.00
0.00
0.00
0.00
0.00
0.00
0.00
7.28
1.41
0.00
0.00
0.00
0.00
0.00
0.00
0.00
0.00
1.10
4.68
6.20
16.02
7.17
0.22
4.77
0.00
0.00
0.64
22.46
10.08
2.76
7.08
8.48
0.00
2.76
11.34
9.68
6.89
8.07
6.11
3.29
5.25
7.33
10.15
9.26
5.25
6.28
0.00
0.44
6.07
4.40
3.19
6.75
17.01
1.43
1.52
2.68
0.00
0.00
3.00
4.45
0.00
0.00
0.00
0.00
1.56
1.06
0.29
4.26
0.00
0.19
0.00
0.00
0.00
0.00
0.00
0.00
0.06
0.15
0.00
0.00
0.00
9.78
7.37
22.25
37.58
27.13
19.17
39.40
14.11
18.07
7.67
5.34
0.00
0.00
0.00
0.00
1.44
0.00
0.00
0.00
0.00
13.43
8.68
2.38
8.92
7.50
6.38
0.43
4.21
7.50
10.76
1.23
19.30
15.39
23.03
26.10
11.27
14.51
14.43
7.77
14.43
13.74
22.36
25.80
32.58
8.44
19.68
15.43
2.81
8.92
8.94
9.77
6.56
10.57
6.63
15.39
14.48
11.51
13.18
8.52
9.84
8.45
5.71
2.73
0.00
0.00
0.00
0.00
0.00
0.00
0.00
0.00
0.00
0.00
5.57
14.30
3.26
5.57
8.04
0.00
0.00
9.28
4.64
7.62
3.03
5.14
3.03
0.75
0.23
2.84
0.00
0.44
10.60
18.25
5.17
11.05
4.70
3.52
16.99
18.41
17.67
32.35
73.98
28.19
4.36
0.96
0.00
0.00
0.00
0.00
0.00
12.33
42.62
7.79
0.00
25.78
12.09
0.65
12.01
9.70
11.71
20.99
17.91
9.86
17.46
53.58
23.25
11.46
13.58
11.26
0.00
10.97
0.00
0.00
10.27
8.26
20.85
23.77
3.04
5.32
0.00
0.00
0.00
0.00
48.59
37.64
0.00
0.00
0.00
0.00
26.32
37.46
36.56
23.12
5.80
0.00
0.00
0.00
0.00
0.00
0.00
0.00
0.00
0.00
0.00
0.00
0.00
7.46
48.52
35.87
0.00
0.00
0.00
0.00
10.51
0.00
0.00
0.00
0.00
5.27
5.27
0.00
0.00
0.00
0.00
0.00
0.00
0.00
0.00
0.00
0.00
0.00
0.00
0.00
0.00
0.00
7.39
0.00
0.00
0.00
0.00
0.00
0.00
9.80
0.00
9.80
0.00
9.80
9.80
9.80
0.00
0.00
0.00
0.00
0.00
9.80
0.00
0.00
0.00
0.00
0.00
8.94
0.00
0.00
0.00
0.00
0.00
0.00
0.00
0.00
0.00
0.00
0.00
0.00
0.00
0.00
0.00
0.00
0.00
0.00
0.00
0.00
0.00
0.00
0.00
0.00
16.42
16.42
0.00
0.00
0.00
16.42
16.42
0.00
16.42
16.42
16.42
0.00
0.00
16.42
0.00
0.00
0.00
0.00
0.00
0.00
0.00
0.00
0.00
4.92
11.12
3.86
0.00
0.00
0.00
0.00
0.00
0.00
12.18
4.92
11.49
11.12
4.92
0.00
0.00
0.00
0.00
0.00
0.00
0.00
7.28
6.34
13.10
9.56
0.00
0.22
0.64
0.00
0.78
1.75
0.00
0.00
0.50
0.00
0.00
0.00
0.00
0.00
3.85
0.00
0.00
1.59
0.64
7.08
2.43
3.85
5.34
2.43
3.13
0.00
6.49
8.48
6.68
7.08
13.87
8.41
12.40
15.17
16.11
5.25
15.17
25.64
12.63
21.75
25.00
36.53
21.23
4.16
2.96
8.84
5.25
4.65
9.05
4.45
3.86
10.15
20.44
22.65
7.98
2.91
7.43
13.55
10.04
9.26
4.45
3.82
2.89
3.82
5.84
15.04
4.03
5.20
6.92
5.49
12.29
2.13
0.00
4.22
7.07
4.09
3.68
13.10
0.33
0.00
5.34
10.56
0.00
17.36
21.44
36.04
0.00
0.00
0.84
8.87
0.00
0.00
0.00
0.00
8.92
14.70
20.25
34.49
35.59
4.13
21.42
28.69
31.36
12.39
10.80
4.73
7.98
5.51
11.03
1.96
5.74
11.27
12.51
7.98
15.73
13.43
14.36
96.05
177.78
30.00
18.48
0.00
0.00
0.00
0.00
4.28
18.73
40.29
31.55
9.18
1.54
0.00
0.00
7.52
8.79
7.35
9.15
8.11
3.53
0.00
13.88
16.83
14.09
9.28
9.28
16.76
11.16
14.30
2.40
8.01
9.04
6.56
9.59
11.69
12.51
8.34
14.14
18.36
13.03
21.72
27.10
49.94
15.80
10.77
19.35
4.61
10.89
7.47
8.82
0.54
6.34
8.09
15.15
10.72
5.40
8.06
4.55
7.47
3.68
11.48
7.69
37.21
32.89
32.17
60.92
42.72
20.61
5.61
5.82
44.54
0.00
0.84
12.01
17.55
16.61
13.03
19.87
0.00
0.00
0.00
12.94
0.00
12.60
0.00
18.23
12.85
18.14
6.19
0.00
3.98
1.85
0.12
0.15
0.00
0.00
0.00
0.00
10.16
10.62
10.84
7.93
0.00
0.00
0.00
0.00
0.00
0.00
2.06
0.00
0.00
0.00
0.00
0.00
0.00
0.00
0.00
0.00
0.00
0.00
13.59
13.96
0.00
0.00
0.00
0.00
0.00
0.00
0.00
0.00
0.00
0.00
0.00
0.00
0.00
0.00
0.00
33.03
44.09
7.39
0.00
0.00
0.00
0.00
0.00
0.00
0.00
0.00
0.00
0.00
0.00
0.00
0.00
0.00
0.00
0.00
0.00
0.00
0.00
0.00
0.00
0.00
0.00
0.00
0.00
0.00
0.00
14.03
63.58
40.41
0.00
0.00
0.00
9.80
7.85
7.85
0.00
0.00
0.00
0.00
0.00
0.00
0.00
0.00
0.00
0.00
0.00
0.00
0.00
0.00
0.00
0.00
0.00
0.00
0.00
0.00
0.00
0.00
0.00
0.00
0.00
0.00
0.00
0.00
0.00
0.00
0.00
0.00
0.00
0.00
0.00
16.42
16.42
0.00
0.00
0.00
0.00
0.00
0.00
0.00
0.00
0.00
0.00
0.00
0.00
0.00
0.00
0.00
0.00
0.00
0.00
0.00
0.00
0.00
0.00
0.00
8.07
3.03
10.06
10.71
16.22
4.92
10.29
14.64
12.80
14.17
3.85
5.71
3.13
46.48
15.80
8.48
5.34
0.00
4.59
12.18
4.95
7.27
5.25
0.05
0.00
3.13
2.76
10.71
5.53
4.39
0.22
7.68
6.89
9.68
0.00
5.71
0.78
3.85
21.33
12.81
4.25
9.60
8.51
0.00
3.38
3.86
0.00
1.08
4.21
2.13
0.66
0.00
0.00
0.00
1.99
0.00
1.39
2.27
2.54
1.48
2.18
4.45
4.06
1.74
2.18
2.27
0.00
0.36
0.66
0.97
0.00
6.78
0.00
0.00
0.00
0.00
0.00
0.00
2.51
1.12
5.77
3.85
0.00
0.00
1.15
3.02
0.00
0.00
0.00
0.00
0.00
0.00
0.00
0.00
10.88
12.82
3.85
0.00
0.00
0.00
0.00
4.85
0.00
0.00
0.00
0.00
0.00
0.00
0.00
0.00
12.51
11.65
13.74
72.39
50.70
0.00
0.00
0.00
0.00
0.00
0.00
0.00
0.00
0.00
11.27
13.43
21.19
20.44
10.18
0.00
0.00
0.00
0.00
0.00
4.62
7.42
15.07
25.15
38.45
42.85
39.82
33.77
16.97
30.76
49.52
1.80
18.52
12.97
7.62
9.28
14.16
7.35
8.59
15.28
20.01
4.89
1.40
13.04
9.35
5.77
19.09
23.55
18.66
0.00
1.73
23.53
29.04
6.79
10.64
6.62
8.97
12.41
7.47
8.21
12.41
8.97
7.18
3.68
5.93
6.47
0.00
0.00
5.86
0.00
31.81
23.84
0.89
8.21
21.93
15.99
41.83
20.58
3.83
2.02
9.77
3.50
18.40
23.63
17.50
47.34
23.63
16.61
17.86
8.50
8.97
15.19
0.00
22.67
19.69
7.88
17.78
14.23
0.00
9.54
0.00
14.49
8.10
19.05
8.94
0.00
0.00
0.84
315.83
42.40
0.00
0.00
0.00
0.00
0.00
7.16
9.65
6.15
0.00
13.19
0.00
0.00
23.39
0.00
0.00
17.74
29.93
28.08
15.50
27.63
19.27
32.23
16.90
0.00
0.00
0.00
1.64
1.64
0.00
0.00
0.00
0.00
0.00
19.31
11.68
0.00
0.00
39.94
40.54
66.03
136.19
45.47
0.00
0.00
0.00
0.00
5.27
9.18
7.39
10.51
7.39
7.39
7.39
7.39
9.18
7.39
7.39
8.43
8.43
3.76
5.27
11.31
11.31
8.94
9.80
9.80
0.00
6.28
9.80
7.85
7.85
9.80
7.85
0.00
0.00
0.00
0.00
9.80
0.00
0.00
0.00
0.00
0.00
0.00
0.00
0.00
0.00
0.00
0.00
7.85
0.00
0.00
16.42
16.42
0.00
0.00
0.00
0.00
0.00
0.00
0.00
0.00
0.00
0.00
0.00
0.00
0.00
0.00
0.00
0.00
0.00
0.00
0.00
0.00
0.00
0.00
0.00
0.00
0.00
0.00
0.00
0.00
0.00
0.00
0.00
3.86
3.86
4.45
2.38
0.00
11.72
3.86
4.18
6.72
11.07
3.49
11.85
21.30
14.67
4.92
0.00
0.00
0.00
0.00
0.00
0.00
0.00
0.00
0.00
0.00
4.92
0.00
0.22
0.00
3.13
0.10
2.26
0.36
0.00
0.00
0.00
0.22
6.11
1.41
3.85
2.76
4.21
0.00
0.00
3.13
0.00
0.00
0.00
0.22
0.00
0.00
0.00
0.00
0.00
0.00
0.00
11.74
6.07
2.35
4.45
14.24
8.84
5.56
0.20
4.11
3.27
0.00
0.55
0.86
0.00
1.52
3.96
0.00
0.00
0.00
0.00
3.29
0.00
0.51
6.07
3.48
18.98
8.29
11.22
3.86
0.00
0.00
2.64
5.49
4.22
4.50
12.78
20.41
9.48
0.00
0.00
0.00
1.70
1.09
12.89
1.89
0.23
0.00
0.00
0.00
0.00
0.00
0.00
0.00
0.11
0.00
0.00
0.00
0.00
0.00
0.00
0.00
0.00
0.00
0.00
0.00
0.00
0.00
0.00
0.00
0.00
0.00
0.00
0.00
0.00
0.00
0.00
0.00
0.00
11.27
21.23
12.66
23.60
20.71
11.34
27.55
38.30
33.83
9.70
28.22
17.26
16.49
12.78
4.55
0.06
1.04
0.00
0.00
0.00
0.00
0.00
0.00
0.00
0.00
0.00
11.51
0.06
1.47
9.49
9.35
7.73
12.03
5.57
2.06
0.00
2.19
4.89
2.46
10.39
4.75
5.71
12.48
11.57
6.87
3.72
4.06
3.98
4.70
2.21
10.08
8.06
4.64
0.95
1.33
0.74
0.00
4.82
10.08
15.33
10.89
10.20
21.77
13.47
9.92
6.20
1.41
8.36
0.00
0.00
25.38
37.21
9.76
9.52
4.64
1.45
32.67
14.31
21.93
20.24
3.91
18.96
18.04
34.49
32.86
15.90
18.32
14.66
18.77
18.87
0.00
0.00
0.00
2.65
1.16
0.00
5.10
0.59
0.00
0.00
0.00
1.27
0.00
0.00
0.00
0.00
26.20
0.00
3.67
25.49
23.00
0.00
0.00
30.52
0.00
0.00
0.00
21.61
16.27
6.53
5.80
0.00
10.16
0.00
17.81
12.58
5.25
0.00
0.00
0.00
7.31
0.00
0.00
0.00
0.00
0.00
0.00
0.00
0.00
0.00
0.00
0.00
0.00
0.00
0.00
0.00
20.65
19.31
9.18
0.00
0.00
0.00
0.00
0.00
0.00
0.00
0.00
0.00
0.00
0.00
0.00
0.00
0.00
0.00
0.00
0.00
0.00
0.00
0.00
0.00
0.00
0.00
0.00
0.00
0.00
0.00
0.00
0.00
0.00
0.00
0.00
0.00
0.00
0.00
0.00
0.00
0.00
0.00
0.00
0.00
0.00
0.00
0.00
0.00
0.00
0.00
29.13
30.05
0.00
0.00
0.00
0.00
0.00
0.00
0.00
0.00
0.00
0.00
0.00
16.42
16.42
0.00
0.00
16.42
0.00
0.00
0.00
0.00
0.00
0.00
0.00
0.00
0.00
16.42
16.42
16.42
0.00
0.00
16.42
0.00
0.00
0.00
0.00
10.71
0.00
0.00
0.00
0.00
0.00
0.00
0.00
0.00
0.00
0.00
0.00
0.00
8.71
12.18
20.16
15.72
15.92
12.80
13.78
18.35
18.87
19.97
24.88
19.76
0.10
0.00
0.00
3.85
0.00
11.34
7.68
8.07
0.02
0.00
0.00
0.00
0.00
0.00
0.00
0.00
0.00
0.43
2.11
9.49
21.44
12.69
0.00
0.00
0.00
0.00
24.97
0.78
2.59
0.10
0.00
0.00
0.00
7.55
1.30
1.64
0.04
0.00
3.77
21.78
10.27
1.99
3.05
0.00
0.00
2.54
1.99
0.44
6.75
25.70
9.49
5.66
5.36
8.51
3.96
10.82
17.48
10.82
6.28
9.05
7.97
2.51
0.00
0.00
0.00
0.00
13.25
2.01
0.00
2.13
2.51
4.37
8.57
4.37
0.95
3.55
3.95
6.78
7.97
14.55
0.62
0.00
0.00
1.41
12.14
17.02
23.34
70.23
39.77
29.15
10.49
15.70
7.82
0.00
0.00
12.89
15.85
20.67
20.17
35.40
28.48
35.59
20.10
7.73
9.00
61.59
34.71
9.24
0.00
16.49
7.26
0.00
4.00
0.00
0.00
0.00
0.00
0.00
0.00
2.89
0.00
0.00
0.00
0.00
6.76
3.33
5.29
3.00
10.88
16.26
21.92
17.74
13.57
21.35
15.85
9.31
15.81
10.53
12.69
3.94
11.64
12.55
11.16
18.31
12.48
13.67
20.64
15.42
0.00
0.00
0.00
0.00
0.00
2.92
2.61
2.58
0.74
0.00
0.79
2.61
0.00
31.58
14.46
3.63
2.02
2.50
0.58
3.91
9.92
17.97
14.92
12.94
7.32
0.00
0.00
0.00
0.00
33.37
30.39
8.32
10.24
0.00
11.31
26.32
11.01
0.00
0.00
0.00
1.05
0.21
3.98
23.92
13.84
5.46
8.82
7.56
15.01
12.43
24.58
18.96
7.64
0.00
0.00
12.94
8.34
1.16
3.50
8.82
3.10
0.00
0.00
0.00
2.03
15.59
24.40
25.97
28.81
28.58
24.40
9.41
9.65
9.93
0.00
2.43
13.19
9.65
0.00
0.00
8.61
13.77
20.14
16.11
0.00
7.46
18.21
5.80
0.00
0.00
0.00
0.00
18.97
15.25
0.00
11.97
0.00
0.00
0.00
0.00
0.00
0.00
12.74
0.00
0.00
53.27
47.90
0.00
0.00
0.00
5.27
5.27
5.27
5.27
7.39
7.39
0.00
0.00
0.00
0.00
0.00
7.39
7.39
0.00
0.00
0.00
7.85
7.85
6.28
9.80
9.80
7.85
0.00
9.80
9.80
9.80
0.00
0.00
0.00
0.00
0.00
0.00
0.00
0.00
0.00
0.00
0.00
7.85
9.80
0.00
9.80
0.00
7.85
0.00
7.85
0.00
0.00
0.00
0.00
0.00
0.00
0.00
0.00
0.00
0.00
0.00
0.00
0.00
0.00
0.00
0.00
0.00
0.00
0.00
0.00
0.00
16.42
16.42
0.00
0.00
0.00
0.00
0.00
0.00
0.00
0.00
0.00
0.00
0.00
0.00
0.00
0.00
0.00
0.00
0.00
0.00
0.00
0.00
0.00
0.00
0.00
0.00
0.00
0.00
0.00
0.00
0.00
0.00
0.00
0.00
0.00
0.00
10.71
9.03
13.51
4.92
4.92
1.75
0.00
0.00
0.00
0.00
0.00
0.00
0.05
0.22
0.05
0.00
4.68
0.00
0.00
0.00
0.00
8.77
4.21
3.13
3.13
17.34
14.29
9.26
0.00
0.00
0.00
0.00
6.11
32.91
17.34
0.00
3.86
4.65
5.46
0.00
3.57
0.08
0.62
2.91
0.00
8.24
8.72
11.94
14.71
9.38
14.71
17.29
1.14
1.82
2.18
8.84
17.29
0.00
0.00
0.00
0.00
1.99
46.86
11.61
4.30
2.63
3.22
0.42
15.78
23.77
22.81
15.21
21.77
9.63
15.70
21.60
12.78
13.18
4.09
0.00
0.00
0.00
0.00
0.00
0.00
0.00
5.20
8.11
6.63
11.82
8.64
10.33
16.94
47.97
43.94
14.02
0.92
8.61
0.00
0.00
12.20
12.12
15.88
13.16
25.09
49.91
8.61
0.00
0.00
6.15
0.00
12.62
0.00
14.74
15.43
17.26
18.32
48.39
134.14
25.24
1.45
16.35
37.64
14.05
24.04
23.37
13.13
13.46
10.53
12.76
3.74
6.66
8.73
7.70
10.39
10.60
20.01
2.43
8.32
22.03
17.73
9.18
3.63
8.24
11.99
10.43
9.15
10.88
14.93
13.88
15.70
15.98
13.32
14.09
16.90
12.62
18.24
24.19
20.07
30.50
25.65
44.22
45.42
37.07
41.70
21.61
40.92
56.77
43.15
27.61
5.60
2.24
0.00
0.00
0.00
0.00
0.00
0.00
0.00
4.27
0.00
0.00
0.00
0.00
18.16
11.35
7.54
6.37
0.98
4.95
12.17
8.26
13.80
41.35
54.69
0.59
1.50
19.60
12.43
0.41
0.00
5.32
16.47
15.59
10.39
0.00
0.00
22.63
9.54
14.31
1.27
0.27
0.41
3.57
0.00
0.02
0.00
6.31
0.00
0.00
13.96
0.00
0.00
17.09
28.91
13.77
19.27
21.81
34.12
35.36
35.08
32.36
16.78
9.65
0.00
0.00
0.00
0.00
0.00
5.80
0.00
0.00
0.00
0.00
0.00
0.00
0.00
7.46
8.07
8.61
0.00
0.00
0.00
0.00
0.00
0.00
0.00
0.00
0.00
0.00
0.00
22.12
0.00
3.76
5.27
6.42
3.76
0.00
0.00
14.73
15.58
0.00
0.00
0.00
0.00
0.00
0.00
0.00
17.23
0.00
0.00
0.00
0.00
9.80
9.80
9.80
9.80
9.80
9.80
0.00
0.00
0.00
0.00
0.00
0.00
0.00
0.00
29.61
7.85
9.80
0.00
0.00
0.00
0.00
0.00
0.00
0.00
0.00
0.00
0.00
0.00
0.00
0.00
0.00
0.00
0.00
0.00
0.00
0.00
0.00
0.00
0.00
0.00
0.00
0.00
0.00
0.00
0.00
0.00
16.42
16.42
16.42
16.42
0.00
0.00
0.00
0.00
0.00
0.00
0.00
0.00
0.00
0.00
3.86
7.81
11.31
11.07
4.45
0.00
0.00
9.68
17.04
13.24
4.92
0.00
0.00
0.00
0.00
0.00
0.00
0.00
0.00
0.00
0.00
0.00
0.00
0.00
0.00
0.00
14.17
0.00
0.50
0.00
1.10
4.95
0.00
0.00
6.11
0.00
0.00
0.05
0.00
0.00
0.00
0.00
0.00
7.68
4.21
0.00
0.00
10.31
28.20
24.97
15.80
4.03
0.00
0.00
2.43
19.97
12.58
19.97
13.55
0.00
0.00
0.00
0.00
0.00
0.00
0.00
0.51
3.29
2.35
0.66
0.66
0.00
0.00
0.00
0.00
0.97
5.66
0.82
5.46
0.00
0.00
0.00
0.00
0.00
3.68
15.87
18.37
3.57
4.92
4.03
0.00
0.00
2.13
2.13
0.15
0.84
1.65
2.51
6.01
14.11
13.22
74.94
33.74
5.91
0.00
0.00
2.26
4.22
5.49
0.73
8.11
23.34
15.78
15.04
22.30
10.88
4.50
0.00
0.00
0.00
0.00
0.00
0.00
0.00
0.00
0.00
0.00
0.00
0.00
0.00
0.00
0.00
0.00
1.31
8.61
0.00
0.00
0.00
0.00
0.00
2.47
2.43
7.77
7.98
10.02
14.05
28.88
21.95
0.00
2.73
9.28
0.00
0.00
0.00
0.00
0.00
0.00
0.00
0.00
17.53
23.76
15.85
9.70
6.26
7.76
4.62
9.15
5.98
6.39
4.01
7.35
6.11
1.93
9.15
12.20
6.66
0.00
0.00
0.00
0.00
0.00
0.00
0.00
0.00
0.00
0.00
0.00
12.03
13.83
34.66
14.83
22.55
31.69
18.16
10.41
17.37
16.22
11.82
20.99
16.99
1.09
3.91
0.00
3.80
5.80
0.33
5.53
12.41
4.76
0.00
0.00
0.00
0.00
0.00
0.00
0.00
0.00
0.00
0.00
12.01
8.66
15.46
14.66
12.51
2.97
0.00
0.00
0.00
3.77
14.49
2.84
0.00
0.00
1.97
6.95
4.75
0.00
5.61
0.00
0.00
0.00
0.00
0.00
24.02
27.70
27.13
0.00
0.00
20.14
26.32
13.19
0.00
15.07
2.43
0.00
0.00
1.64
0.00
7.16
0.00
0.00
0.00
1.64
0.00
0.00
0.00
0.00
0.00
0.00
0.00
0.00
0.00
0.00
0.00
0.00
0.00
0.00
0.00
0.00
0.00
0.00
0.00
0.00
0.00
0.00
0.00
0.00
0.00
0.00
0.00
0.00
0.00
0.00
0.00
0.00
16.38
61.00
40.88
5.27
0.00
7.39
0.00
0.00
0.00
0.00
0.00
0.00
0.00
0.00
0.00
6.28
0.00
0.00
0.00
0.00
0.00
0.00
0.00
0.00
0.00
19.65
0.00
0.00
0.00
0.00
0.00
0.00
0.00
0.00
0.00
0.00
0.00
0.00
0.00
0.00
0.00
0.00
0.00
0.00
0.00
0.00
0.00
0.00
16.42
0.00
0.00
0.00
0.00
0.00
0.00
0.00
0.00
0.00
16.42
0.00
0.00
0.00
0.00
0.00
0.00
0.00
0.00
0.00
0.00
0.00
0.00
0.00
0.00
0.00
0.00
0.00
0.00
0.00
0.00
0.00
0.00
0.00
0.00
0.00
8.07
4.92
3.86
0.00
0.00
0.00
0.00
3.03
10.60
0.00
11.12
12.51
0.00
10.91
9.68
11.74
0.10
0.00
0.00
0.00
0.00
0.00
1.59
21.44
1.41
0.00
0.00
0.00
0.00
0.00
0.50
2.07
3.85
2.43
6.49
9.68
18.22
20.65
2.76
0.00
0.05
4.30
0.00
0.00
0.02
0.00
0.00
0.00
2.59
1.06
0.00
0.00
1.99
5.97
10.15
0.00
1.95
3.10
7.55
5.87
2.35
2.18
4.26
6.28
4.85
7.33
13.66
1.52
4.30
16.70
8.84
0.00
3.10
5.25
0.73
2.13
4.50
7.97
3.68
3.82
5.34
2.89
18.19
4.37
5.06
5.62
24.39
26.50
37.25
22.12
29.91
12.61
0.00
0.00
0.00
0.00
0.00
0.00
0.00
0.00
0.42
1.82
0.17
0.34
0.00
0.00
0.00
0.00
0.00
0.00
0.00
0.00
0.00
0.00
0.00
0.00
0.00
0.00
0.00
10.33
6.23
0.00
0.19
20.28
0.00
0.00
0.00
10.64
14.36
14.27
6.55
0.00
3.51
3.63
16.19
22.45
12.83
0.00
0.00
6.42
19.65
11.75
13.18
11.16
10.95
6.05
21.06
21.63
25.19
13.60
27.50
27.18
29.93
25.69
0.00
14.54
8.84
12.17
16.44
3.90
0.21
0.18
0.03
11.33
4.44
2.70
5.69
7.72
13.11
9.76
13.38
8.66
8.06
5.27
8.73
10.16
2.05
3.30
11.15
1.86
0.00
3.05
8.06
11.56
5.02
5.53
16.99
20.99
1.09
20.12
0.00
1.41
0.00
13.11
12.51
1.80
0.00
21.64
11.93
11.26
24.78
0.00
10.72
2.19
0.00
1.13
3.10
1.61
14.06
22.11
28.87
28.27
20.02
0.02
0.00
9.80
0.02
14.41
22.11
28.27
14.66
9.33
0.00
1.93
0.01
31.66
7.26
25.91
8.90
0.00
15.76
22.22
16.62
4.15
10.62
13.77
0.00
13.59
11.97
16.19
13.38
17.09
24.40
23.51
1.64
1.64
0.00
16.27
15.76
6.85
17.09
16.11
0.00
0.00
0.00
13.87
0.00
0.00
0.00
0.00
0.00
0.00
0.00
0.00
0.00
0.00
0.00
0.00
0.00
0.00
0.00
0.00
0.00
0.00
0.00
0.00
0.00
0.00
0.00
0.00
0.00
12.74
0.00
0.00
0.00
0.00
0.00
7.39
0.00
0.00
0.00
0.00
17.58
31.21
49.12
72.43
32.16
59.04
10.35
0.00
0.00
0.00
0.00
0.00
0.00
0.00
0.00
0.00
0.00
0.00
0.00
0.00
6.28
0.00
0.00
0.00
0.00
9.80
9.80
16.42
16.42
0.00
0.00
0.00
0.00
16.42
16.42
16.42
0.00
0.00
0.00
0.00
0.00
0.00
0.00
0.00
0.00
0.00
0.00
16.42
0.00
0.00
0.00
0.00
0.00
0.00
0.00
0.00
0.00
0.00
0.00
0.00
0.00
0.00
0.00
0.00
0.00
0.00
0.00
0.00
8.07
0.00
11.12
0.00
0.00
4.92
10.71
12.18
15.51
7.28
18.20
20.81
15.20
16.41
4.92
0.00
4.92
0.00
2.07
8.87
7.68
0.00
0.00
0.50
6.11
23.14
9.17
6.89
0.10
1.83
1.33
5.95
3.85
0.16
0.00
0.00
0.00
0.00
0.95
1.83
0.00
0.00
0.00
0.00
0.00
0.00
0.00
0.00
1.75
1.14
5.25
3.29
2.91
0.97
1.30
0.20
0.00
0.00
0.00
0.00
0.00
0.00
0.00
2.18
0.00
8.62
2.91
0.26
3.10
0.00
5.36
5.31
44.07
10.15
6.70
14.01
7.33
6.07
18.98
14.38
5.77
3.55
2.89
1.41
0.00
0.00
0.00
0.52
3.02
1.65
0.00
0.52
0.00
0.00
0.06
5.88
13.90
0.00
0.00
0.73
48.64
24.83
31.72
2.22
0.00
0.00
0.01
0.00
0.00
0.00
0.00
0.00
0.00
0.00
4.98
28.66
17.19
0.00
7.73
0.00
0.00
0.00
0.00
0.00
0.00
0.00
10.88
19.00
15.77
10.72
0.00
0.00
0.00
7.50
18.17
21.65
11.96
10.64
0.00
0.00
3.60
23.76
9.42
2.87
14.02
4.21
10.39
25.47
30.05
30.12
31.98
36.28
7.42
25.94
21.78
21.78
14.30
14.58
9.70
12.90
2.73
10.53
6.87
1.14
9.77
6.21
11.61
4.51
12.51
15.60
30.66
36.21
9.95
3.13
15.38
11.90
9.84
1.68
4.70
20.68
24.71
67.72
13.11
17.58
1.02
0.00
0.00
0.00
0.00
9.04
0.21
0.00
0.03
0.11
0.00
11.90
26.60
13.65
6.93
8.17
13.16
5.43
0.00
0.00
3.77
3.17
0.97
11.30
19.24
18.40
10.43
0.00
0.00
0.00
0.00
0.00
18.87
39.77
48.48
16.34
0.00
0.00
0.00
0.00
3.53
0.50
0.00
3.30
0.00
0.02
0.00
0.00
29.14
9.16
9.16
10.62
13.19
12.17
0.00
0.00
0.00
0.00
0.00
0.00
0.00
1.64
2.43
0.00
0.00
0.00
0.00
0.00
0.00
0.00
0.00
0.00
0.00
0.00
0.00
0.00
0.00
0.00
2.43
28.02
5.27
0.00
0.00
0.00
0.00
0.00
0.00
0.00
0.00
0.00
0.00
0.00
0.00
0.00
0.00
0.00
0.00
0.00
0.00
0.00
0.00
0.00
0.00
0.00
24.09
0.00
0.00
0.00
0.00
0.00
0.00
0.00
0.00
0.00
0.00
0.00
0.00
0.00
14.03
9.80
0.00
0.00
0.00
17.11
0.00
0.00
0.00
0.00
0.00
0.00
0.00
0.00
0.00
0.00
0.00
0.00
0.00
0.00
0.00
0.00
0.00
0.00
0.00
0.00
0.00
0.00
0.00
0.00
0.00
16.42
0.00
0.00
0.00
0.00
0.00
0.00
0.00
0.00
0.00
0.00
16.42
16.42
16.42
16.42
0.00
0.00
0.00
0.00
0.00
0.00
0.00
0.00
0.00
0.00
0.00
0.00
0.00
0.00
0.00
0.00
0.00
0.00
0.00
3.86
0.00
6.34
10.71
18.20
4.92
3.86
0.00
0.00
0.00
2.38
3.03
2.38
3.03
0.00
0.00
7.28
5.34
0.95
3.48
0.30
0.05
0.71
3.30
3.48
0.00
0.00
0.22
0.00
0.00
0.00
0.00
0.00
0.00
2.59
0.00
0.00
0.00
0.00
0.00
0.00
0.00
0.00
0.00
0.00
10.51
20.43
11.74
5.05
29.96
24.64
4.85
6.51
4.21
8.72
4.56
10.43
5.46
3.10
0.04
0.00
1.99
4.75
2.56
1.99
7.01
4.11
3.68
4.80
0.23
0.00
4.06
5.05
0.82
0.00
6.70
2.35
3.29
3.82
1.76
0.00
0.00
1.29
0.23
1.58
9.09
0.00
2.51
0.84
0.00
0.00
0.00
0.00
6.34
58.25
14.38
18.79
8.87
17.86
13.58
1.82
22.03
15.25
14.15
25.53
1.79
0.00
7.30
10.33
8.96
6.94
0.00
0.00
0.00
6.87
9.48
0.00
0.00
0.00
0.00
0.00
4.57
12.51
20.59
12.54
7.86
0.00
15.28
13.43
5.26
9.94
15.08
14.47
0.00
0.00
10.33
14.27
10.80
21.26
18.73
11.16
15.81
12.97
25.33
17.61
9.97
12.62
16.13
22.35
7.07
5.71
0.00
5.55
0.00
0.00
0.00
3.40
6.87
5.16
11.92
18.09
10.22
4.31
5.50
3.20
9.21
5.81
21.43
11.30
16.33
8.39
9.04
12.94
9.76
17.67
7.62
17.67
8.36
4.89
8.73
6.23
1.45
11.15
52.74
12.41
19.35
13.91
8.36
27.39
52.10
36.95
37.15
20.68
28.41
18.16
23.96
17.67
13.65
1.75
12.16
1.93
12.69
13.97
4.25
0.00
11.84
17.42
25.06
16.25
3.01
0.00
5.55
2.34
18.27
15.98
15.19
0.00
0.00
0.00
7.79
1.93
0.00
0.79
7.41
0.00
0.00
13.41
8.19
8.97
0.00
0.00
9.10
15.67
27.73
8.90
17.98
14.14
16.70
19.13
0.00
0.00
0.00
0.00
18.97
15.50
11.09
0.00
0.00
5.44
37.10
27.92
31.95
9.65
0.00
0.00
0.00
0.00
0.00
0.00
0.00
0.00
0.00
0.00
12.74
16.85
0.00
0.00
0.00
6.42
6.42
7.39
7.39
0.00
0.00
0.00
0.00
0.00
0.00
0.00
0.00
0.00
0.00
0.00
0.00
0.00
12.74
0.00
0.00
0.00
0.00
0.00
0.00
0.00
0.00
0.00
0.00
0.00
0.00
0.00
0.00
0.00
0.00
0.00
0.00
0.00
0.00
0.00
0.00
0.00
0.00
0.00
0.00
0.00
0.00
0.00
0.00
0.00
0.00
0.00
0.00
0.00
0.00
0.00
0.00
0.00
0.00
0.00
0.00
0.00
0.00
0.00
0.00
0.00
0.00
0.00
0.00
0.00
0.00
0.00
0.00
16.42
0.00
0.00
0.00
0.00
0.00
0.00
0.00
0.00
0.00
0.00
0.00
0.00
0.00
0.00
0.00
0.00
0.00
0.00
0.00
0.00
0.00
0.00
11.12
0.00
4.92
3.86
0.00
0.00
3.86
5.75
3.86
0.00
0.00
0.00
0.00
0.00
0.00
0.00
0.00
0.00
0.00
0.00
2.07
0.10
0.02
0.00
14.18
24.61
20.38
21.88
0.00
0.00
0.00
0.00
0.00
0.00
6.68
1.41
10.31
0.16
1.10
4.59
0.00
0.00
0.00
0.00
0.00
0.00
80.88
10.51
9.68
0.00
3.29
0.00
0.00
0.00
0.00
0.00
13.55
14.71
5.87
2.54
0.00
3.29
0.82
7.33
6.07
2.35
1.99
0.00
0.10
1.64
4.65
4.65
0.00
0.00
0.00
1.60
12.85
21.41
4.87
10.21
0.00
0.00
0.00
0.00
0.00
0.00
0.15
0.84
1.65
0.48
0.00
1.65
0.00
0.00
0.00
3.41
26.41
37.80
29.77
36.55
13.01
6.78
1.15
3.55
0.02
0.00
0.00
0.00
0.00
0.00
0.00
0.00
0.00
0.00
0.00
1.62
0.92
8.61
4.37
6.70
0.00
0.00
4.94
5.58
0.00
0.00
2.13
21.35
11.61
12.89
7.30
9.35
14.40
16.76
12.16
13.43
31.03
17.33
24.79
24.79
9.79
2.76
4.48
0.00
0.00
0.00
0.00
0.00
5.50
7.56
19.47
13.78
16.33
18.09
5.98
10.11
7.76
0.00
1.40
2.73
8.04
9.00
8.32
4.21
7.07
13.42
0.00
0.00
0.00
10.11
12.34
11.08
9.13
6.62
5.40
25.77
14.55
32.46
34.60
14.23
1.49
8.51
2.92
9.24
0.00
0.00
2.26
0.00
0.00
0.00
0.00
0.00
4.22
14.37
4.30
0.00
0.00
0.00
0.00
12.94
0.00
8.17
14.37
4.32
0.00
6.38
10.10
6.88
3.14
0.00
0.00
0.00
0.00
3.77
7.56
8.34
11.26
22.31
14.84
7.79
5.75
15.19
2.94
4.39
11.01
13.33
3.14
1.03
4.99
0.00
7.41
12.89
11.01
24.14
0.00
0.00
0.00
17.74
0.00
0.00
0.00
0.00
0.00
0.00
6.15
0.00
0.00
37.64
35.45
26.55
20.14
24.64
31.95
44.49
18.97
17.74
1.64
0.00
0.00
6.85
12.38
32.71
5.80
0.00
0.00
0.00
0.00
0.00
26.13
44.67
52.34
45.47
5.27
0.00
0.00
0.00
0.00
0.00
0.00
0.00
0.00
0.00
0.00
0.00
0.00
27.12
7.39
0.00
0.00
0.00
0.00
0.00
0.00
0.00
0.00
0.00
0.00
0.00
20.00
0.00
0.00
9.80
9.80
0.00
0.00
0.00
0.00
0.00
0.00
0.00
7.85
0.00
8.43
7.85
0.00
7.85
0.00
0.00
0.00
0.00
0.00
0.00
0.00
0.00
0.00
0.00
0.00
0.00
16.42
0.00
0.00
0.00
0.00
0.00
0.00
0.00
0.00
0.00
0.00
0.00
0.00
0.00
0.00
0.00
0.00
0.00
0.00
0.00
0.00
0.00
0.00
0.00
0.00
0.00
0.00
0.00
9.56
0.00
0.00
0.00
0.00
0.00
0.00
0.00
0.00
10.29
4.92
0.00
0.00
0.00
2.38
5.41
12.84
9.92
3.03
15.67
9.30
3.86
3.86
0.00
9.56
10.71
0.00
0.00
0.00
0.00
0.00
0.00
0.50
10.31
0.57
0.05
3.21
3.13
9.39
11.34
0.22
0.00
17.34
0.00
0.22
0.00
0.00
0.00
0.00
0.00
0.00
0.00
0.00
0.00
0.00
0.00
0.36
0.00
1.10
1.82
2.91
3.29
0.82
1.82
3.68
4.45
2.72
0.00
0.00
0.00
0.00
0.00
0.00
0.00
0.00
0.82
5.66
3.48
5.46
6.70
6.49
20.44
14.24
14.24
3.10
3.29
6.91
24.26
39.38
15.21
9.94
4.78
3.22
3.15
3.19
4.92
8.15
0.00
0.00
0.00
2.26
8.72
9.33
0.00
0.00
0.00
0.00
0.00
3.12
3.02
0.00
0.00
0.00
0.00
0.00
0.01
6.23
9.56
12.54
8.72
32.58
39.43
73.84
82.69
47.67
21.49
36.61
36.03
4.29
0.19
0.00
0.00
3.47
4.77
11.34
7.34
10.41
0.00
12.04
9.70
6.23
10.33
10.95
11.11
14.51
10.80
17.41
15.28
9.55
1.53
5.63
4.82
6.52
11.79
3.60
0.00
0.00
0.00
0.00
0.00
0.00
8.04
0.00
0.62
2.19
0.00
0.00
0.43
1.66
6.60
6.08
13.11
13.91
21.18
21.53
9.04
10.53
0.00
0.00
0.00
0.00
0.00
0.00
0.00
0.00
0.00
0.00
0.00
0.00
0.00
1.88
9.71
16.99
4.61
0.00
0.00
0.02
1.80
20.37
13.47
4.95
2.17
2.28
3.32
13.03
22.25
30.50
44.07
64.05
63.29
0.34
0.00
10.52
19.97
18.82
3.94
3.40
0.00
0.00
0.00
0.00
0.00
10.85
0.00
0.00
0.00
0.00
0.00
0.00
4.18
12.60
16.51
21.36
9.62
0.00
0.00
0.00
0.00
0.00
0.00
0.00
0.00
0.00
6.53
0.00
0.00
0.00
0.00
8.61
4.59
28.91
37.55
41.59
2.43
0.00
0.00
0.00
29.24
38.96
37.59
43.54
22.47
1.10
12.17
30.42
39.04
6.15
34.32
37.29
20.00
0.00
0.00
2.43
5.27
6.42
8.03
7.39
9.18
7.39
10.51
7.39
7.39
7.39
9.18
5.27
3.76
0.00
0.00
0.00
0.00
42.09
0.00
0.00
0.00
0.00
0.00
0.00
0.00
0.00
0.00
0.00
0.00
0.00
0.00
0.00
7.85
9.80
0.00
0.00
0.00
0.00
0.00
0.00
0.00
0.00
7.85
9.80
0.00
0.00
9.80
7.85
0.00
0.00
0.00
0.00
0.00
0.00
0.00
0.00
0.00
0.00
0.00
0.00
0.00
16.42
0.00
16.42
0.00
0.00
0.00
0.00
0.00
0.00
0.00
0.00
0.00
0.00
0.00
0.00
0.00
0.00
0.00
0.00
0.00
0.00
0.00
0.00
16.42
16.42
16.42
16.42
16.42
16.42
0.00
0.00
0.00
0.00
0.00
0.00
0.00
0.00
0.00
0.00
0.00
0.00
0.00
0.00
0.00
0.00
0.00
0.00
0.00
0.00
0.00
12.95
0.00
16.87
0.00
0.00
0.00
9.43
0.00
0.00
1.91
0.10
0.22
0.00
0.00
4.95
0.10
0.00
0.00
0.00
2.76
4.59
3.94
3.30
8.87
23.14
31.96
38.40
6.89
0.00
7.27
4.21
32.68
36.47
56.05
67.28
32.42
20.65
10.03
4.07
6.34
6.54
3.43
6.04
3.57
0.66
1.93
3.84
5.82
5.25
12.74
18.14
4.26
0.00
2.81
14.59
7.55
12.05
9.05
7.12
9.70
4.06
4.45
4.35
2.63
9.38
1.64
0.00
7.33
4.45
0.51
4.50
6.78
6.49
7.67
2.89
3.95
0.23
1.18
0.73
5.34
12.46
9.48
31.54
30.63
24.56
20.92
23.69
21.44
25.35
8.27
2.01
3.95
2.51
0.00
3.41
0.00
0.00
0.00
0.00
0.00
0.00
0.00
0.00
0.00
8.21
12.43
10.18
0.00
0.00
0.00
8.13
13.13
11.81
12.97
12.51
17.71
19.98
11.58
11.74
12.66
9.20
9.55
40.63
99.82
128.03
5.34
5.83
9.86
10.80
5.22
8.37
11.36
23.48
17.71
24.23
16.55
10.29
15.92
19.09
5.63
11.33
13.11
10.25
7.62
13.18
3.94
7.90
10.25
24.69
41.23
44.30
34.20
26.19
13.81
29.54
2.06
10.29
14.19
17.11
25.47
34.45
34.02
27.05
2.33
10.72
0.00
0.00
0.00
0.00
0.00
0.00
0.00
2.17
2.73
5.14
5.80
8.93
10.44
22.30
13.03
28.76
5.50
11.11
14.19
8.36
5.93
9.50
6.58
23.84
11.15
14.37
1.45
8.32
8.86
20.15
20.90
14.49
16.51
8.66
9.14
1.50
8.66
0.00
10.27
16.97
22.31
0.00
0.00
15.01
12.94
22.49
14.76
18.59
13.54
0.00
15.90
6.57
5.50
13.03
4.32
2.43
5.75
1.61
25.37
37.10
22.28
12.17
14.44
13.28
25.26
25.91
1.10
0.00
0.00
0.00
0.00
17.09
27.87
24.80
0.00
0.00
0.00
0.00
0.00
0.00
0.00
0.00
1.64
1.64
1.64
0.00
2.43
2.43
3.13
7.39
0.00
5.27
0.00
7.39
0.00
12.74
129.65
84.97
90.38
25.65
5.27
2.68
0.00
3.76
0.00
23.02
0.00
0.00
3.76
3.76
0.00
5.27
3.76
0.00
5.27
7.39
7.39
7.39
8.81
9.39
5.03
19.28
21.33
16.01
9.80
0.00
10.69
11.31
8.43
8.94
7.85
8.94
8.94
8.94
6.28
0.00
0.00
6.28
7.85
7.85
0.00
9.80
7.85
0.00
0.00
0.00
0.00
0.00
0.00
0.00
0.00
0.00
0.00
0.00
0.00
0.00
16.42
16.42
16.42
0.00
0.00
0.00
0.00
0.00
0.00
0.00
0.00
0.00
0.00
0.00
0.00
0.00
0.00
0.00
0.00
0.00
0.00
0.00
0.00
0.00
0.00
0.00
0.00
12.58
0.00
13.10
17.63
14.40
0.00
3.86
0.00
17.13
3.86
14.17
16.41
17.63
0.00
0.00
0.00
0.00
8.71
10.29
0.00
0.00
0.00
9.92
14.98
12.62
0.00
0.00
0.00
0.00
0.00
0.05
0.05
0.00
0.78
0.00
0.00
0.00
0.00
0.00
0.00
0.78
0.50
1.10
0.00
10.08
15.15
6.11
4.21
13.87
8.48
8.48
9.26
0.00
0.50
0.00
4.03
2.07
0.00
0.00
0.00
0.00
0.97
1.82
1.14
0.00
0.00
0.00
0.00
2.08
6.07
22.15
14.48
2.91
3.68
3.68
11.94
22.65
6.49
10.15
2.18
13.09
42.32
14.71
2.54
13.55
6.07
36.20
0.36
6.20
15.54
27.21
19.89
14.06
7.22
11.98
6.27
4.37
0.00
0.00
16.36
11.98
11.66
0.00
0.00
0.00
0.00
0.00
9.33
10.84
0.00
0.00
0.00
29.45
20.75
32.64
35.02
14.38
23.16
10.71
6.87
0.00
3.18
0.00
0.00
0.00
5.02
9.70
9.70
3.80
6.06
0.00
14.20
25.24
6.38
0.00
0.00
0.00
0.00
0.00
0.00
0.00
1.27
54.15
69.45
23.93
15.77
4.04
0.05
1.58
15.21
22.60
47.20
21.92
20.64
24.33
9.56
4.75
6.66
4.07
9.56
9.56
7.62
3.53
3.13
4.82
19.86
15.42
7.90
0.00
0.00
0.00
0.00
6.36
7.97
7.28
13.81
19.94
10.25
6.52
5.29
2.21
0.00
0.00
0.00
0.00
0.00
0.00
0.00
6.20
18.55
28.88
0.00
0.00
0.00
0.00
0.00
0.00
0.00
0.87
21.77
20.12
7.43
8.51
8.55
2.66
4.79
0.00
2.63
12.98
0.00
0.00
4.12
0.00
0.00
0.00
12.26
16.43
8.50
15.72
14.31
11.59
1.61
1.73
20.24
0.00
0.00
0.00
15.54
17.33
0.00
1.85
0.00
0.00
0.00
0.00
0.00
0.00
0.00
0.00
0.00
0.00
6.15
1.64
11.52
8.07
2.43
0.00
2.43
13.59
0.00
0.00
0.00
0.00
0.00
0.00
0.00
0.00
0.00
0.00
0.00
0.00
0.00
0.00
0.00
0.00
0.00
0.00
0.00
0.00
0.00
0.00
0.00
0.00
0.00
28.95
0.00
35.27
7.39
0.00
0.00
0.00
0.00
0.00
0.00
0.00
0.00
0.00
0.00
0.00
0.00
0.00
0.00
28.95
0.00
0.00
0.00
0.00
0.00
0.00
0.00
0.00
0.00
0.00
0.00
0.00
0.00
0.00
0.00
0.00
0.00
0.00
0.00
0.00
0.00
0.00
0.00
0.00
0.00
13.25
0.00
0.00
0.00
0.00
0.00
0.00
0.00
0.00
0.00
0.00
0.00
0.00
0.00
0.00
0.00
0.00
0.00
0.00
0.00
0.00
0.00
0.00
0.00
0.00
0.00
0.00
16.42
16.42
16.42
16.42
16.42
16.42
16.42
16.42
16.42
16.42
16.42
16.42
16.42
16.42
0.00
0.00
0.00
0.00
16.42
5.41
3.86
11.40
3.86
0.00
0.00
15.51
18.20
0.00
0.00
0.00
0.00
0.00
10.06
4.92
13.65
11.49
8.71
0.00
12.51
0.00
0.00
12.02
21.49
21.49
18.80
15.92
11.12
2.43
10.51
8.87
0.00
0.00
13.43
20.87
0.22
0.00
0.00
7.68
3.13
0.00
2.07
3.48
3.67
11.34
0.00
2.76
5.34
9.49
7.27
27.27
46.99
70.14
17.77
8.48
4.95
0.00
1.41
6.49
3.29
2.54
3.10
0.00
0.00
0.00
1.74
3.57
2.72
4.65
1.64
0.51
2.72
0.51
0.00
1.82
17.29
21.41
18.73
45.03
11.49
6.28
26.64
4.85
13.09
4.06
3.86
75.03
16.11
2.91
3.15
3.02
7.67
3.15
7.60
4.64
1.65
4.22
3.09
11.03
29.55
34.74
50.58
31.18
15.37
2.89
8.11
8.87
2.70
16.11
10.18
10.95
35.94
4.50
16.20
20.75
8.41
1.65
2.01
0.00
0.00
0.00
0.00
0.00
3.22
19.04
12.20
0.00
0.00
13.16
17.44
11.89
0.00
0.00
0.00
0.00
0.00
0.00
0.00
0.00
0.00
0.00
0.00
0.00
0.00
0.00
0.00
0.00
0.00
0.00
0.00
0.00
0.00
0.00
0.00
0.00
0.00
0.00
0.00
9.70
19.01
32.19
18.81
25.40
22.63
17.53
0.00
0.00
5.16
11.79
9.31
5.20
4.48
8.73
10.60
11.57
14.58
2.87
0.00
0.00
0.00
9.15
15.66
3.03
0.00
0.00
0.00
0.00
0.00
0.00
7.04
0.00
15.66
4.27
12.85
3.68
2.86
2.31
0.00
0.00
5.20
1.88
1.45
1.57
0.00
0.00
6.69
2.46
2.26
6.75
0.00
0.00
0.00
0.84
0.00
0.00
0.00
6.65
2.84
0.00
24.68
17.14
13.37
19.09
11.55
11.97
11.34
31.96
31.76
3.88
0.02
0.05
0.00
0.00
0.00
0.00
0.00
0.00
0.00
0.00
1.91
4.88
3.98
11.09
10.62
0.00
0.00
0.00
0.00
0.00
0.00
4.59
11.73
1.64
0.00
0.00
0.00
0.00
41.38
41.83
37.29
68.76
49.62
2.43
1.10
2.43
1.64
0.74
0.00
1.10
1.39
2.43
2.06
2.43
9.18
7.39
7.39
7.39
8.43
7.39
8.43
7.39
3.76
5.27
0.00
0.00
7.39
9.18
5.27
7.39
7.39
7.39
7.39
7.39
7.39
7.39
7.39
10.51
10.51
7.39
7.39
7.39
7.39
7.39
9.80
0.00
0.00
0.00
0.00
0.00
0.00
0.00
19.65
0.00
9.80
9.80
9.80
9.80
9.80
9.80
9.80
9.80
0.00
0.00
0.00
0.00
0.00
0.00
0.00
0.00
0.00
0.00
0.00
0.00
0.00
0.00
0.00
0.00
0.00
0.00
0.00
0.00
0.00
0.00
0.00
0.00
0.00
0.00
0.00
0.00
0.00
0.00
16.42
16.42
16.42
16.42
0.00
0.00
0.00
0.00
0.00
16.42
16.42
16.42
16.42
16.42
0.00
3.86
11.40
13.81
0.00
12.02
0.00
0.00
5.75
0.00
0.00
0.00
0.00
0.00
0.00
0.00
3.49
3.03
0.00
0.00
14.34
19.29
24.47
29.11
0.00
4.18
16.68
12.10
6.68
30.19
0.50
0.13
0.00
0.00
0.00
0.00
0.00
0.00
0.00
1.75
0.78
9.68
0.00
5.34
0.05
0.00
0.05
0.00
0.00
0.00
0.00
0.00
0.00
0.16
0.64
5.90
5.34
4.59
4.95
0.51
2.18
1.99
0.00
0.00
0.00
0.00
0.00
6.07
11.72
7.12
15.87
7.65
0.93
0.00
0.00
0.00
0.00
7.91
37.06
28.16
8.62
10.15
6.91
8.62
4.26
4.45
15.87
12.85
23.14
14.47
16.03
1.06
8.87
15.21
10.71
13.42
10.09
1.29
2.01
1.65
6.42
4.89
0.00
0.00
0.00
0.00
0.00
0.00
0.00
0.00
0.00
0.00
0.00
0.00
0.00
0.00
0.00
0.00
12.10
18.28
14.05
11.96
14.85
17.33
12.97
10.64
14.36
11.74
6.70
3.30
17.94
15.20
12.20
0.00
0.00
9.24
0.00
7.82
12.66
14.20
12.66
18.62
10.64
5.51
2.81
1.96
5.42
0.00
8.76
6.63
6.01
4.24
5.77
13.04
6.60
0.00
0.00
2.23
0.62
13.18
4.75
0.00
24.98
16.48
15.70
13.91
11.95
17.25
9.21
9.28
14.30
10.01
1.83
8.97
6.32
0.00
0.00
1.14
9.42
0.00
4.68
0.00
0.00
6.72
1.11
10.60
4.24
4.22
6.54
1.57
0.00
0.00
0.00
8.59
21.24
7.91
14.55
6.82
6.95
13.13
6.17
13.55
4.30
9.76
5.08
19.61
13.61
5.53
6.23
0.00
11.90
7.00
0.00
0.00
0.00
0.00
0.00
0.05
13.97
10.10
10.76
0.00
0.00
0.00
0.00
10.93
17.23
9.05
9.29
2.84
13.97
8.10
1.00
0.00
0.00
0.05
13.29
8.10
0.00
0.00
0.00
0.00
15.07
0.00
20.43
31.95
29.19
24.46
21.33
32.66
34.22
32.21
29.02
37.99
29.78
28.47
21.55
11.73
10.16
0.00
0.00
0.00
0.00
0.00
4.59
0.00
0.00
0.00
0.00
0.00
0.00
0.00
3.13
16.38
78.16
90.05
73.52
14.73
0.00
0.00
0.00
0.00
0.00
0.00
0.00
7.39
10.51
10.51
10.51
9.18
5.27
0.00
0.00
12.74
0.00
0.00
45.47
5.27
59.80
5.27
0.00
3.76
9.18
7.85
0.00
0.00
7.85
7.85
0.00
11.86
20.38
25.86
15.87
5.03
10.69
12.60
8.94
9.80
11.31
9.80
8.94
8.94
0.00
0.00
0.00
0.00
0.00
35.87
26.16
0.00
7.85
0.00
9.80
9.80
16.42
16.42
16.42
0.00
16.42
0.00
0.00
16.42
16.42
0.00
0.00
0.00
16.42
16.42
16.42
16.42
0.00
0.00
0.00
0.00
0.00
0.00
0.00
0.00
0.00
0.00
0.00
0.00
0.00
0.00
0.00
0.00
11.12
0.00
0.00
0.00
0.00
6.34
0.00
0.00
0.00
0.00
0.00
0.00
0.00
0.00
0.00
0.00
9.30
6.34
0.00
0.00
0.00
0.00
0.00
0.00
0.00
12.66
14.03
0.10
0.10
8.48
3.85
39.37
2.96
18.65
10.31
0.00
0.00
0.00
0.00
0.00
0.00
0.00
0.00
0.00
0.22
13.87
8.87
8.07
3.13
8.48
7.68
0.00
0.00
0.00
0.00
0.50
16.46
18.22
6.70
10.82
20.44
2.54
7.33
18.02
3.68
9.93
1.39
4.45
0.00
0.00
0.00
0.00
4.45
2.18
3.48
0.00
0.00
0.00
1.39
7.12
4.75
6.49
4.16
6.91
0.00
0.00
0.93
0.00
0.00
0.00
5.84
0.79
0.00
0.33
0.95
49.03
13.10
13.73
10.64
25.66
10.49
3.35
0.00
0.00
0.00
0.00
7.25
0.00
0.00
0.00
0.00
0.00
2.10
5.77
13.25
30.58
15.54
9.33
7.04
11.23
0.00
0.00
0.00
7.98
0.00
0.00
0.00
0.00
0.00
8.13
0.00
16.65
20.62
20.78
12.78
4.77
10.09
0.00
0.00
0.00
0.00
4.13
9.08
12.12
7.82
12.85
32.87
63.44
76.13
91.89
68.49
91.89
71.86
21.85
6.56
8.14
6.18
5.50
3.44
0.00
0.03
0.00
0.03
0.00
0.00
0.00
0.00
0.12
0.15
0.00
3.20
3.60
0.00
0.12
0.09
15.74
25.69
8.69
0.00
0.00
0.00
0.41
0.00
0.00
0.84
0.66
4.03
17.58
27.10
10.64
1.93
0.00
0.00
0.81
0.00
0.00
0.00
13.11
0.81
8.28
15.15
1.70
0.00
3.52
22.67
24.12
13.20
0.00
38.80
24.17
15.66
0.00
7.72
9.14
0.00
0.00
12.01
0.00
0.79
18.04
11.42
18.77
33.07
9.14
0.00
13.97
12.26
13.29
12.09
0.05
0.00
1.16
0.00
0.00
0.00
0.00
0.00
0.00
0.00
0.00
4.81
19.86
18.06
24.89
0.00
0.00
0.00
0.00
0.00
25.72
4.59
0.00
11.97
51.12
0.00
0.00
4.85
23.00
0.00
0.00
0.00
14.70
0.00
0.00
0.00
0.00
23.39
0.00
0.00
0.00
0.00
4.59
16.38
3.76
0.00
0.00
0.00
0.00
0.00
0.00
0.00
0.00
0.00
7.39
5.27
33.81
0.00
0.00
0.00
10.51
0.00
0.00
0.00
0.00
0.00
0.00
5.27
7.39
7.39
7.39
6.42
7.39
9.80
8.94
8.94
7.85
0.00
7.85
0.00
7.85
8.94
7.85
0.00
0.00
7.85
0.00
7.85
0.00
0.00
7.85
0.00
0.00
0.00
0.00
39.32
57.01
25.86
8.94
0.00
0.00
0.00
0.00
0.00
0.00
0.00
0.00
0.00
0.00
0.00
0.00
0.00
0.00
0.00
0.00
16.42
0.00
0.00
0.00
16.42
0.00
0.00
0.00
0.00
0.00
0.00
0.00
0.00
0.00
0.00
0.00
0.00
0.00
0.00
0.00
0.00
0.00
0.00
0.00
0.00
0.00
0.00
0.00
0.00
0.00
0.00
0.00
0.00
0.00
0.00
0.00
13.14
18.50
13.27
8.24
3.03
13.91
7.28
18.94
14.87
22.41
26.04
26.08
23.17
3.21
0.00
1.99
13.12
10.61
16.68
7.51
9.34
6.44
1.41
0.00
0.00
0.00
8.16
12.92
12.92
7.97
8.77
14.83
13.02
0.00
0.00
4.59
3.30
0.00
0.00
0.00
0.00
0.00
3.85
5.34
0.82
0.36
0.74
2.35
3.48
1.99
0.17
1.82
2.18
3.29
7.75
34.62
25.14
0.00
0.00
0.00
0.23
3.10
9.70
7.65
5.56
3.29
0.82
2.18
8.18
3.68
2.91
0.00
0.00
4.06
2.26
4.22
2.01
4.22
1.76
6.63
2.76
22.12
19.72
0.00
0.00
0.00
0.00
0.00
0.00
0.01
0.00
0.00
0.00
0.00
0.00
0.06
1.58
0.00
4.50
0.00
0.00
0.00
21.77
38.00
35.63
29.84
16.04
13.24
20.10
5.91
9.39
3.47
0.00
8.92
0.00
8.33
0.00
13.71
8.76
0.00
0.00
0.00
0.00
5.66
0.00
0.00
0.00
0.00
2.97
10.33
0.00
0.00
0.00
2.47
2.71
0.00
0.00
0.00
0.00
0.00
0.00
0.00
0.00
5.05
15.00
25.12
15.98
13.18
15.04
22.70
13.60
23.69
30.05
12.03
11.16
13.91
5.13
25.33
19.16
14.44
24.76
28.33
16.26
19.37
15.70
10.81
1.84
1.49
0.00
0.00
0.00
0.02
0.00
6.75
8.36
5.66
18.95
8.36
16.71
7.76
12.07
11.56
3.21
1.62
4.42
12.33
6.72
0.00
0.00
0.00
0.00
0.00
0.00
0.00
17.67
22.08
4.01
14.41
11.55
12.35
5.50
0.01
0.00
0.00
0.00
17.33
10.27
1.73
0.08
6.57
8.66
12.60
13.97
19.50
1.61
10.52
21.36
8.90
12.43
24.68
14.62
7.18
0.45
5.86
6.72
4.32
0.00
9.03
9.41
5.44
0.00
0.00
0.00
5.05
13.59
24.58
57.99
28.58
1.10
0.00
0.00
0.00
0.00
0.00
0.00
0.00
0.00
0.00
0.00
0.00
0.00
0.00
0.00
0.00
0.00
0.00
0.00
0.00
0.00
0.00
0.00
16.38
21.84
46.30
18.64
0.00
7.39
24.09
0.00
0.00
0.00
0.00
0.00
21.84
21.25
33.03
0.00
0.00
0.00
5.27
0.00
0.00
5.27
7.39
7.39
0.00
0.00
0.00
0.00
8.94
8.94
9.80
9.80
9.80
0.00
0.00
0.00
0.00
0.00
0.00
0.00
0.00
0.00
0.00
0.00
0.00
0.00
23.57
54.35
0.00
7.85
0.00
0.00
0.00
0.00
0.00
0.00
0.00
0.00
0.00
0.00
16.42
0.00
0.00
0.00
0.00
0.00
0.00
0.00
0.00
0.00
0.00
0.00
0.00
0.00
0.00
0.00
0.00
0.00
0.00
0.00
0.00
0.00
16.42
16.42
0.00
0.00
0.00
0.00
0.00
0.00
0.00
0.00
7.28
13.38
7.28
0.00
0.00
0.00
0.00
0.00
0.00
0.00
0.00
0.00
0.00
5.75
0.00
0.00
0.00
0.00
0.00
0.00
0.00
0.00
0.00
0.00
7.28
6.30
12.18
25.42
4.21
0.00
13.66
0.36
15.80
10.08
4.21
49.59
18.65
7.27
2.76
6.11
12.81
0.95
0.64
2.76
50.22
9.39
3.39
0.00
0.00
7.87
11.54
0.00
0.00
0.00
0.00
0.00
1.30
0.00
0.00
0.00
0.00
3.00
1.50
5.71
19.04
7.60
4.16
0.00
0.00
0.00
0.00
2.63
9.49
2.91
9.49
4.06
6.49
3.10
5.66
8.03
12.18
3.72
6.15
11.83
2.81
9.26
28.92
36.13
32.54
27.04
18.37
8.41
0.00
0.00
0.00
24.91
0.95
0.00
0.00
0.00
6.63
13.58
19.21
14.38
9.56
7.97
9.78
0.00
0.00
0.00
0.00
0.00
0.00
3.15
0.15
1.52
0.00
19.30
13.43
3.80
0.00
10.95
15.50
0.00
0.00
10.72
5.91
6.31
0.00
0.00
13.67
21.08
17.30
10.64
14.40
21.26
7.38
17.22
23.30
22.47
22.69
19.68
16.15
6.63
15.32
7.70
9.86
3.84
7.38
23.59
14.48
14.89
9.38
2.49
2.46
4.28
1.21
16.23
8.87
3.36
10.18
36.65
47.82
61.25
13.50
27.22
20.68
13.60
12.83
10.32
14.86
12.55
4.55
5.91
5.36
14.30
5.57
6.05
9.56
23.15
40.78
8.44
7.58
17.08
32.06
23.05
7.11
1.88
11.31
15.75
55.61
8.21
1.49
3.24
0.00
0.00
0.00
0.00
0.00
9.24
11.31
16.42
3.63
0.44
7.04
16.60
7.32
4.89
1.21
14.84
5.10
6.08
10.15
12.26
5.50
3.20
6.46
10.72
5.57
0.00
0.00
0.00
0.00
15.63
14.66
18.36
22.20
0.00
0.00
2.68
8.06
0.00
2.49
0.00
10.10
14.23
5.39
5.32
5.32
0.00
12.17
20.14
16.94
13.19
12.80
8.07
0.00
0.00
0.00
0.00
0.00
0.00
0.00
0.00
0.00
0.00
0.00
15.33
13.59
26.20
22.22
19.56
14.14
19.56
0.00
0.00
2.06
7.61
4.48
0.00
0.00
0.00
0.00
5.27
0.00
0.00
0.00
0.00
0.00
0.00
58.77
5.27
53.83
0.00
0.00
3.76
0.00
0.00
0.00
7.39
0.00
0.00
0.00
0.00
0.00
0.00
7.39
3.76
5.27
3.76
7.85
6.28
0.00
0.00
0.00
0.00
9.80
0.00
11.31
7.85
0.00
0.00
26.67
9.80
0.00
0.00
0.00
0.00
21.96
31.21
12.36
7.85
15.73
34.90
0.00
7.85
6.28
0.00
0.00
0.00
7.85
16.42
0.00
16.42
16.42
16.42
0.00
0.00
0.00
0.00
0.00
0.00
0.00
0.00
0.00
0.00
0.00
16.42
16.42
16.42
16.42
16.42
16.42
16.42
16.42
0.00
16.42
16.42
0.00
0.00
0.00
16.42
0.00
3.49
0.00
12.26
10.18
12.02
13.51
15.62
10.39
0.00
0.00
0.00
0.00
0.00
0.00
3.03
3.86
0.00
0.00
6.84
11.49
3.86
4.92
13.38
0.00
3.86
3.03
8.40
0.00
0.10
0.00
0.00
0.00
0.10
0.78
0.00
2.76
14.73
0.00
0.05
0.00
1.91
2.43
5.25
2.26
0.05
0.05
0.00
0.00
0.50
0.95
0.10
0.00
3.48
8.87
0.00
7.08
1.41
12.81
58.29
33.32
3.38
11.35
39.38
23.88
10.59
8.84
4.26
3.10
0.10
0.00
0.00
0.00
0.00
0.00
0.00
0.00
0.00
0.82
2.27
0.04
0.00
0.00
0.00
0.00
2.72
3.68
6.07
5.05
5.06
1.89
0.00
0.00
0.00
0.00
0.00
1.18
4.37
12.14
1.18
0.23
9.48
11.50
23.51
29.73
20.75
19.55
9.63
20.06
14.55
1.01
0.00
0.00
0.00
0.00
0.00
0.00
8.11
5.84
16.73
40.37
41.80
33.50
38.22
40.89
17.98
23.52
19.23
24.87
25.94
18.82
10.45
7.50
13.89
18.78
8.76
4.61
14.05
4.61
0.00
0.00
0.00
0.00
0.00
21.23
16.00
8.53
15.28
13.00
15.97
16.26
13.88
4.75
15.14
10.11
0.00
0.00
0.00
9.00
5.16
4.07
4.07
2.60
1.27
0.00
3.26
12.62
7.07
3.53
0.00
6.11
6.60
0.00
7.07
7.49
2.43
0.00
0.00
0.00
1.14
4.11
54.24
37.64
24.50
25.38
3.16
28.88
30.69
18.81
3.89
9.80
54.61
33.98
16.60
18.76
1.09
5.46
17.76
28.71
20.58
10.24
0.00
0.00
0.00
0.00
0.00
15.75
20.78
0.00
0.00
0.00
20.19
8.54
1.53
15.86
1.93
9.62
3.98
10.97
13.33
16.87
0.79
10.52
10.76
24.96
0.19
0.00
0.05
7.64
14.80
4.99
19.46
7.64
1.73
11.22
16.21
15.46
7.53
4.58
18.82
3.23
0.12
27.01
42.81
37.46
19.42
29.40
0.00
0.00
0.00
6.53
16.35
9.93
4.59
0.00
0.00
0.00
0.00
107.91
133.60
0.00
0.00
0.00
0.00
1.10
1.64
0.00
0.00
0.00
13.19
1.64
0.00
0.00
0.00
0.00
0.00
0.00
0.00
0.00
0.00
6.42
5.27
0.00
5.27
5.27
0.00
0.00
0.00
7.39
7.39
0.00
0.00
0.00
0.00
0.00
73.68
53.72
0.00
0.00
0.00
0.00
0.00
0.00
7.85
0.00
0.00
13.25
12.36
20.00
0.00
0.00
9.80
9.80
9.80
0.00
9.80
9.80
9.80
9.80
7.85
0.00
7.85
0.00
0.00
0.00
0.00
0.00
14.03
0.00
0.00
0.00
0.00
0.00
0.00
0.00
0.00
0.00
0.00
0.00
0.00
0.00
0.00
0.00
0.00
0.00
0.00
0.00
0.00
0.00
0.00
0.00
0.00
0.00
0.00
0.00
0.00
0.00
0.00
0.00
0.00
0.00
0.00
0.00
0.00
0.00
0.00
0.00
0.00
0.00
0.00
0.00
0.00
0.00
0.00
0.00
0.00
0.00
0.00
0.00
4.92
0.00
3.86
11.85
3.86
3.86
5.41
0.00
13.59
12.33
10.29
10.71
3.86
0.00
4.21
0.00
3.13
1.63
0.00
0.00
0.00
0.00
0.00
0.00
0.00
0.00
0.00
0.00
0.00
0.00
0.00
0.00
0.00
0.00
0.00
0.00
0.00
0.00
2.26
0.00
2.43
0.00
1.99
0.78
0.00
0.00
0.00
0.00
0.00
5.97
5.46
0.82
5.66
2.18
3.68
0.00
0.00
0.00
0.00
0.00
0.00
0.00
0.00
1.99
3.48
0.00
5.46
0.00
2.72
0.23
0.55
0.00
0.00
0.00
0.00
0.00
0.62
1.89
0.19
3.09
0.00
0.00
0.00
0.00
0.00
1.49
9.78
2.04
0.00
0.00
0.00
0.00
0.00
0.00
0.00
2.64
4.64
14.06
3.76
0.00
0.00
0.00
0.33
0.00
10.09
44.60
24.16
3.01
8.41
19.08
28.92
26.13
29.70
31.32
10.02
11.74
11.11
14.09
11.11
20.21
3.84
15.28
28.81
47.30
25.76
13.05
26.80
23.22
19.27
16.92
14.67
19.84
2.05
6.78
10.14
11.07
9.63
17.50
3.06
8.94
7.97
8.42
5.40
3.84
8.38
14.86
12.38
10.15
9.53
3.90
8.28
6.05
14.06
12.58
25.62
13.42
11.61
7.35
5.57
11.08
11.08
20.08
20.64
30.47
21.63
22.92
22.20
11.39
19.05
6.63
22.77
43.62
32.29
22.72
9.13
17.86
1.17
5.14
7.47
4.36
0.00
0.00
29.23
0.00
0.00
12.98
2.73
12.98
3.75
3.21
2.48
1.29
5.73
4.64
19.16
13.65
0.00
4.70
7.56
6.95
4.88
11.42
0.00
0.00
26.42
0.05
0.00
3.70
2.21
2.03
5.17
17.33
0.02
9.46
6.49
0.94
1.08
7.49
0.00
0.00
0.00
0.00
0.00
0.79
0.23
0.00
0.00
0.00
0.00
0.00
14.70
13.77
20.64
52.31
42.66
6.53
17.19
0.00
11.31
33.93
0.00
0.00
1.10
0.00
1.64
0.00
0.00
0.00
0.00
10.16
0.00
0.00
0.00
0.00
0.00
1.39
2.06
0.00
5.44
7.39
0.00
136.75
18.64
5.27
0.00
0.00
0.00
5.27
32.27
39.94
0.00
56.41
44.67
20.03
0.00
0.00
0.00
7.39
0.00
0.00
7.39
7.39
7.39
5.27
7.39
7.39
5.27
0.00
0.00
9.80
9.80
0.00
0.00
0.00
0.00
9.80
9.80
8.94
9.80
9.80
0.00
9.80
9.80
9.80
0.00
9.80
0.00
0.00
0.00
0.00
0.00
0.00
0.00
0.00
7.85
0.00
0.00
0.00
0.00
0.00
0.00
0.00
0.00
0.00
0.00
0.00
0.00
0.00
0.00
0.00
0.00
0.00
0.00
0.00
0.00
0.00
16.42
0.00
0.00
0.00
0.00
0.00
16.42
16.42
0.00
0.00
0.00
0.00
0.00
0.00
0.00
0.00
0.00
0.00
2.38
16.15
14.34
10.50
13.78
14.40
13.24
9.80
12.80
13.65
12.18
0.00
5.75
0.00
0.00
0.00
0.00
9.80
15.31
4.92
0.00
0.00
0.00
4.92
4.92
0.00
0.00
0.00
0.00
0.00
0.00
0.00
0.00
0.00
0.00
0.00
0.00
0.00
0.00
5.34
1.41
5.34
3.85
0.00
3.85
0.00
0.00
0.78
0.00
10.51
12.58
8.48
0.00
3.13
5.71
14.29
12.18
4.16
0.00
0.00
0.00
0.00
0.00
0.93
3.86
2.72
11.83
15.64
3.48
0.00
2.54
0.51
6.07
0.23
0.66
1.14
0.82
0.00
0.89
0.00
2.18
4.51
5.66
2.18
21.54
6.44
25.56
18.03
18.33
10.02
10.99
6.13
8.41
7.60
40.53
15.21
0.00
21.09
15.21
10.25
0.00
0.00
18.74
0.00
0.00
0.00
0.06
7.37
16.69
17.20
22.64
17.36
7.51
6.49
7.51
11.66
0.00
0.00
9.39
0.00
16.04
9.70
9.86
8.29
0.00
4.44
11.74
3.63
0.00
0.00
0.00
0.00
14.67
0.00
10.02
13.28
13.13
9.39
0.00
0.00
14.20
13.67
11.27
0.00
0.00
0.00
0.00
0.00
0.00
0.00
17.11
15.42
8.63
14.72
6.05
13.14
13.88
5.26
27.54
29.15
38.56
13.60
13.46
1.27
9.56
0.00
7.90
0.00
2.13
0.00
0.00
0.00
0.00
0.00
0.00
0.12
0.00
3.20
12.41
6.82
2.26
4.61
2.58
2.11
4.92
11.65
25.43
20.89
5.93
15.38
5.30
4.03
18.95
17.37
10.24
19.26
18.95
0.87
0.00
2.02
12.41
39.62
18.86
5.93
7.62
0.00
0.00
0.00
0.74
0.00
0.00
0.00
8.30
0.54
0.00
17.14
5.17
13.71
15.98
12.05
18.32
0.02
0.00
6.72
0.00
0.00
11.26
10.35
0.27
0.00
13.11
0.00
8.10
10.35
16.78
0.00
0.00
0.00
0.00
0.41
28.58
46.96
68.25
5.05
2.43
9.93
0.00
14.97
9.53
12.33
5.05
8.48
21.74
17.27
10.16
0.00
7.46
0.00
0.00
16.44
32.75
0.00
0.00
0.00
8.61
0.00
0.00
0.00
0.00
0.00
0.00
0.00
0.00
0.00
0.00
5.27
7.39
7.39
7.39
7.39
5.27
0.00
8.43
7.39
7.39
5.27
5.27
5.27
7.39
0.00
7.39
0.00
0.00
0.00
0.00
7.39
7.39
0.00
0.00
10.51
0.00
0.00
0.00
0.00
0.00
14.03
9.80
0.00
0.00
0.00
0.00
0.00
0.00
0.00
0.00
0.00
0.00
0.00
0.00
7.85
0.00
9.80
0.00
6.28
0.00
0.00
0.00
0.00
0.00
0.00
0.00
0.00
16.42
16.42
16.42
16.42
0.00
0.00
0.00
0.00
0.00
0.00
0.00
0.00
0.00
0.00
0.00
0.00
0.00
0.00
0.00
0.00
0.00
0.00
0.00
0.00
0.00
0.00
0.00
0.00
0.00
0.00
0.00
0.00
0.00
0.00
0.00
0.00
0.00
0.00
0.00
0.00
0.00
0.00
0.00
0.00
0.00
0.00
0.00
0.00
0.00
0.00
0.00
0.00
0.00
0.00
0.00
0.00
0.00
0.00
10.71
0.00
15.15
4.95
8.07
10.08
0.22
1.41
1.41
0.00
0.00
0.00
6.49
8.07
10.31
35.05
27.75
21.33
25.89
22.02
19.54
13.43
7.68
8.48
5.34
32.91
16.02
0.50
37.70
16.46
0.00
39.37
6.70
12.29
8.89
4.16
1.68
0.04
0.51
0.02
0.04
1.30
0.10
0.04
0.00
5.25
0.00
0.00
0.00
0.00
0.10
7.33
0.23
0.00
0.00
0.00
0.00
0.00
0.00
0.00
0.00
0.00
0.00
0.00
0.00
0.00
1.52
1.18
9.78
2.38
5.20
6.30
6.20
14.71
23.86
25.45
0.00
6.49
3.55
20.57
6.78
0.00
0.00
5.09
7.60
37.10
24.50
35.20
21.77
0.00
14.02
9.56
8.08
16.76
9.16
13.47
13.71
14.20
6.23
14.20
0.00
0.00
10.80
17.87
13.43
15.12
9.94
22.55
30.88
26.13
24.08
13.97
14.09
16.15
8.29
2.47
7.02
4.94
4.77
0.00
0.00
0.00
0.00
0.12
13.46
6.18
6.32
37.23
2.06
0.00
5.81
13.88
3.80
10.53
14.65
17.53
12.34
0.00
3.20
0.00
0.00
0.00
0.00
0.00
0.00
2.73
3.26
5.57
12.13
31.19
23.48
37.23
35.28
27.72
1.84
0.33
0.36
0.57
1.25
1.29
0.46
9.52
10.41
13.11
20.58
15.66
14.83
14.19
3.57
0.69
0.00
0.00
0.00
0.00
0.00
23.46
5.08
11.94
25.54
9.63
6.72
10.85
16.37
11.82
9.13
3.67
13.58
14.41
10.43
17.46
15.41
0.00
23.38
5.61
0.00
13.11
7.10
20.43
26.71
27.10
7.88
9.37
10.93
20.06
9.73
10.27
8.03
0.00
8.66
0.74
0.15
1.91
6.35
1.73
2.59
19.86
16.27
0.00
0.00
6.85
17.74
18.06
6.85
19.27
15.94
33.05
24.64
19.27
41.59
4.59
0.00
5.98
0.00
12.38
2.43
0.00
0.00
15.42
0.00
0.00
0.00
0.00
0.00
8.07
17.43
21.00
27.12
32.65
61.80
55.31
53.72
57.38
40.24
0.00
0.00
0.00
41.61
17.95
0.00
0.00
0.00
0.00
0.00
7.39
7.39
3.76
7.39
8.03
8.81
7.39
9.18
6.42
9.18
6.42
9.87
8.43
10.35
9.80
10.35
11.31
11.31
10.69
9.80
9.80
9.80
9.80
0.00
7.85
7.85
0.00
0.00
0.00
9.80
9.80
9.80
9.80
0.00
0.00
0.00
0.00
0.00
0.00
21.33
7.85
25.43
0.00
0.00
0.00
0.00
0.00
0.00
0.00
0.00
0.00
0.00
0.00
0.00
0.00
0.00
16.42
16.42
16.42
0.00
0.00
0.00
0.00
0.00
0.00
16.42
16.42
0.00
0.00
0.00
0.00
0.00
16.42
0.00
16.42
0.00
0.00
0.00
11.57
10.34
6.34
11.49
16.12
3.03
0.00
0.00
0.00
0.00
0.00
0.00
0.00
0.00
0.00
0.00
0.00
0.00
0.00
0.00
0.00
0.00
0.00
0.00
13.65
0.00
0.22
0.00
0.00
2.76
0.00
21.33
0.50
27.75
0.00
0.00
0.00
0.22
0.00
0.00
0.00
4.59
9.59
0.50
0.00
14.50
13.33
6.30
7.78
0.00
12.48
12.28
13.43
0.00
1.59
0.00
1.99
1.74
0.00
2.35
3.57
0.00
0.00
0.00
0.00
0.00
0.00
0.00
0.00
0.00
1.30
4.70
0.70
2.18
1.48
1.60
5.46
2.54
6.70
9.93
7.75
2.54
4.45
0.00
0.00
0.00
0.00
0.06
0.00
0.00
2.64
2.76
0.00
5.49
1.29
0.00
0.00
0.00
3.82
0.06
2.76
0.00
3.35
6.45
6.71
5.06
0.79
0.06
0.00
0.00
0.00
2.76
1.52
0.00
3.68
17.52
21.95
19.08
22.85
22.55
3.80
0.00
0.00
0.00
0.00
0.00
0.00
0.00
0.00
0.00
0.75
4.61
4.94
12.35
10.64
10.60
25.43
16.23
8.61
0.00
0.00
0.00
0.00
0.00
0.00
0.00
7.10
15.42
9.70
11.92
21.35
13.60
7.90
7.21
4.07
3.87
0.00
0.00
0.00
0.00
0.00
0.00
0.00
0.00
0.00
0.00
0.00
0.00
0.12
0.00
0.00
0.00
15.28
12.27
7.35
5.29
17.25
20.78
8.21
20.99
21.09
10.56
15.38
14.27
28.07
22.55
5.73
2.09
6.27
0.00
3.03
2.41
0.00
0.00
0.00
8.36
0.00
0.00
0.00
0.00
0.00
0.00
0.00
8.36
6.34
0.00
5.80
12.59
1.75
9.46
9.86
15.72
27.88
10.76
17.14
30.25
25.94
0.00
0.00
0.00
0.01
23.72
20.76
0.00
13.15
13.97
0.00
27.29
3.70
5.53
12.26
14.58
11.63
15.11
2.21
8.42
0.00
6.19
0.00
0.00
9.65
0.00
10.16
0.00
0.00
0.00
10.16
16.11
29.45
34.88
35.08
27.81
6.15
0.00
0.00
0.00
0.00
0.00
0.00
0.00
4.59
0.00
0.00
0.00
2.43
0.00
0.00
0.00
0.00
0.00
0.00
9.18
0.00
16.38
3.76
6.42
0.00
0.00
0.00
0.00
0.00
0.00
7.39
0.00
0.00
0.00
0.00
0.00
7.39
7.39
7.39
7.39
7.39
0.00
0.00
0.00
0.00
0.00
0.00
0.00
0.00
0.00
0.00
7.85
32.55
25.43
49.12
34.23
0.00
0.00
0.00
7.85
0.00
24.90
23.07
29.44
28.47
21.96
0.00
0.00
6.28
7.16
0.00
8.43
8.43
7.85
0.00
0.00
0.00
0.00
0.00
16.42
16.42
16.42
16.42
0.00
16.42
0.00
0.00
0.00
16.42
0.00
0.00
0.00
0.00
0.00
0.00
0.00
0.00
0.00
0.00
0.00
0.00
0.00
0.00
0.00
0.00
0.00
0.00
0.00
0.00
0.00
0.00
0.00
0.00
0.00
0.00
0.00
0.00
0.00
0.00
0.00
11.68
0.00
0.00
13.65
0.00
0.00
0.00
5.75
0.00
11.31
13.91
12.33
21.49
4.92
0.00
0.00
0.00
0.00
0.00
0.00
0.00
0.00
0.00
7.27
10.51
0.00
3.13
0.10
2.59
0.00
8.97
7.97
0.05
23.36
43.52
20.22
13.02
2.76
5.71
19.08
10.61
9.49
0.00
0.00
1.18
12.81
24.50
51.98
9.49
8.41
3.68
4.45
0.00
0.00
0.00
0.00
1.64
2.91
5.05
5.25
8.95
19.47
7.55
8.18
0.51
0.00
3.10
17.29
0.00
0.23
17.77
13.31
6.28
0.00
0.00
0.00
0.66
15.64
22.65
7.67
8.72
10.40
9.33
14.23
9.48
20.75
24.74
1.06
9.48
16.86
17.36
25.45
35.30
17.06
14.88
19.78
14.23
7.60
0.00
0.33
1.01
4.71
0.00
0.00
0.00
0.00
5.77
5.06
6.92
6.49
9.55
7.10
18.09
0.00
0.00
0.00
0.00
3.88
10.25
17.33
17.87
37.06
15.52
6.85
17.60
9.59
16.65
45.79
56.01
12.97
25.09
32.13
18.02
33.72
25.57
19.53
12.82
14.20
8.61
19.98
56.79
99.59
44.30
51.48
9.42
37.37
23.12
11.61
10.95
10.01
18.69
11.16
20.11
22.60
19.94
15.70
6.21
4.92
1.50
10.39
6.32
22.35
0.00
1.66
10.84
16.55
19.09
21.63
1.73
14.65
16.44
0.00
0.00
0.00
1.31
1.39
1.41
8.21
5.60
10.97
16.27
7.18
1.57
6.62
16.99
4.76
3.98
5.37
7.25
0.00
0.00
0.00
19.76
93.39
8.14
11.01
6.51
15.71
1.88
0.00
8.21
0.00
0.00
0.00
0.00
0.00
0.00
0.00
0.00
24.96
5.90
7.18
4.22
16.97
7.26
0.00
0.00
0.00
0.00
22.87
2.43
5.82
4.71
8.66
3.30
0.00
0.00
0.25
0.00
3.77
0.64
1.27
0.00
9.41
37.99
39.61
1.10
0.00
0.00
0.00
0.00
0.00
0.00
0.00
2.43
2.43
0.00
0.00
0.00
7.93
1.10
0.00
1.64
0.00
0.00
0.00
0.00
0.00
0.00
0.00
0.00
0.00
0.00
0.00
0.00
0.00
0.00
0.00
0.00
0.00
7.39
0.00
0.00
0.00
0.00
0.00
0.00
0.00
0.00
0.00
0.00
0.00
0.00
0.00
0.00
0.00
0.00
0.00
0.00
0.00
0.00
0.00
0.00
0.00
0.00
0.00
0.00
0.00
0.00
0.00
0.00
0.00
9.80
0.00
0.00
0.00
0.00
0.00
0.00
0.00
0.00
0.00
0.00
34.63
0.00
0.00
0.00
0.00
0.00
0.00
0.00
0.00
0.00
0.00
0.00
0.00
0.00
0.00
0.00
0.00
0.00
0.00
0.00
0.00
0.00
0.00
0.00
0.00
0.00
0.00
0.00
0.00
0.00
0.00
0.00
0.00
0.00
0.00
0.00
0.00
0.00
0.00
0.00
16.42
0.00
0.00
0.00
0.00
4.45
0.00
0.00
0.00
9.37
0.00
0.00
0.00
12.80
10.29
4.92
0.00
0.00
0.00
0.00
0.00
0.00
11.31
0.00
10.50
14.87
7.72
6.34
9.30
13.65
16.31
2.07
5.34
6.89
0.00
2.76
4.21
0.50
3.48
3.13
14.29
3.56
8.07
2.51
69.73
7.46
6.11
6.11
0.36
0.10
7.17
22.46
9.26
3.67
0.00
0.00
1.75
5.90
9.59
6.89
0.71
15.15
7.75
0.00
4.06
3.68
5.97
0.00
0.36
5.05
7.75
9.49
0.00
1.48
2.13
1.48
22.15
18.73
0.10
3.68
10.38
4.96
16.00
24.14
38.06
14.71
0.00
2.18
15.40
13.78
6.49
9.26
4.78
25.10
33.37
21.26
13.42
5.49
10.56
17.86
8.11
2.86
11.38
20.06
23.61
15.08
28.65
26.02
31.31
22.12
13.90
22.46
15.87
12.78
10.25
0.00
0.00
0.00
8.27
9.09
0.00
0.00
14.27
15.73
13.05
15.93
7.38
5.26
3.80
12.20
21.56
33.13
6.15
0.00
17.53
0.00
10.18
1.92
26.54
34.05
10.49
28.51
19.98
20.59
11.74
7.98
0.00
11.74
13.58
13.58
7.66
7.02
9.55
19.44
33.52
45.02
11.79
10.08
17.08
10.46
12.48
17.39
12.41
15.92
12.48
11.36
1.54
21.78
52.72
31.40
9.56
1.21
7.21
10.67
12.06
19.23
38.37
14.02
0.00
5.57
2.87
0.06
3.60
5.16
0.00
0.00
16.89
15.80
0.00
0.52
18.65
5.99
0.26
3.86
11.90
1.98
6.62
5.66
14.01
16.60
14.83
4.76
11.65
1.98
17.97
16.80
12.76
52.60
15.29
10.48
17.58
0.00
0.00
0.00
0.00
0.00
0.00
0.00
17.42
27.00
27.10
11.18
20.61
55.69
17.95
4.12
5.24
0.00
0.00
24.78
14.10
0.00
0.00
0.00
0.00
0.00
2.40
8.19
58.37
1.41
0.00
0.00
0.00
0.00
0.00
0.00
0.00
0.00
12.17
9.65
15.42
0.00
0.00
0.00
0.00
0.00
0.00
0.00
0.00
0.00
0.00
0.00
0.00
0.00
0.00
0.00
0.00
0.00
0.00
0.00
0.00
0.00
0.00
0.00
2.43
0.00
37.33
48.40
0.00
0.00
0.00
12.74
16.85
21.25
5.27
0.00
0.00
16.38
6.42
0.00
0.00
0.00
0.00
0.00
0.00
0.00
21.84
16.38
23.02
0.00
34.53
0.00
0.00
0.00
0.00
0.00
0.00
0.00
0.00
0.00
0.00
0.00
0.00
0.00
0.00
0.00
0.00
0.00
0.00
0.00
0.00
0.00
0.00
0.00
0.00
0.00
0.00
0.00
30.57
0.00
0.00
0.00
27.04
0.00
0.00
0.00
0.00
16.42
16.42
0.00
0.00
0.00
0.00
0.00
0.00
0.00
0.00
0.00
0.00
0.00
0.00
0.00
0.00
0.00
0.00
0.00
0.00
0.00
16.42
16.42
0.00
0.00
0.00
0.00
16.42
16.42
0.00
0.00
0.00
0.00
0.00
0.00
11.31
3.86
4.92
0.00
0.00
0.00
15.31
0.00
4.45
11.68
12.10
13.65
14.22
15.03
3.86
0.00
13.10
12.80
12.80
16.12
11.12
0.00
4.92
0.00
4.59
4.59
14.08
3.30
4.03
5.14
0.00
5.71
1.75
6.49
0.00
0.00
0.00
0.00
0.00
2.43
0.78
3.13
11.34
9.78
0.00
2.26
6.49
2.76
4.39
0.43
1.25
0.00
0.00
0.00
0.00
0.00
0.00
0.00
0.51
0.00
0.00
0.00
0.00
0.00
9.00
1.06
2.44
0.00
0.00
0.10
1.48
3.86
19.95
20.68
7.55
16.11
1.82
14.48
11.27
10.32
52.57
10.59
1.43
0.00
0.00
0.00
4.64
10.71
5.06
6.92
3.15
8.64
14.88
19.72
33.09
33.64
48.21
24.91
12.14
14.88
14.88
15.21
10.88
15.70
1.06
6.42
13.25
0.00
0.00
6.78
18.19
11.66
28.29
3.22
6.42
12.61
7.58
11.74
8.92
7.50
11.11
7.34
6.46
0.00
5.09
8.68
7.02
7.70
10.09
5.42
6.87
12.97
9.70
13.82
36.84
28.14
19.98
21.95
14.67
13.13
21.65
20.59
6.63
11.89
10.45
4.98
0.00
11.92
9.00
0.00
0.00
0.00
0.00
0.00
3.71
0.00
0.00
0.00
10.05
11.16
9.28
12.73
6.63
11.05
10.95
6.26
3.57
18.21
14.13
38.92
30.54
18.81
17.18
10.18
19.16
14.06
12.66
6.79
6.75
2.26
5.30
0.96
6.20
20.17
34.47
56.77
16.80
0.00
0.00
0.00
0.00
0.03
0.46
0.24
0.00
5.53
4.55
7.91
7.62
1.93
13.61
12.80
4.15
4.76
18.11
18.36
5.99
6.54
8.10
6.61
0.00
8.66
0.00
0.00
3.43
6.05
12.77
0.00
4.18
3.23
15.54
20.61
0.00
30.06
7.72
6.95
31.26
1.56
8.66
14.84
5.75
2.84
1.16
8.03
3.10
54.13
19.32
6.19
33.35
11.97
0.00
0.00
0.00
0.00
11.09
16.44
10.16
20.28
20.43
2.43
0.00
0.00
0.00
0.00
0.00
0.00
0.00
0.00
0.00
10.16
0.00
0.00
0.00
0.00
0.00
0.00
0.00
0.00
0.00
19.31
0.00
0.00
0.00
0.00
40.54
0.00
0.00
0.00
0.00
0.00
0.00
0.00
0.00
0.00
0.00
7.39
0.00
0.00
0.00
36.63
18.64
7.39
0.00
5.27
5.27
7.39
7.39
3.76
0.00
0.00
0.00
0.00
0.00
0.00
0.00
0.00
0.00
0.00
7.85
0.00
0.00
0.00
0.00
0.00
0.00
0.00
