19710101
1.31
1.31
1.31
1.31
1.31
1.31
1.31
1.31
1.31
1.31
1.31
1.31
1.31
1.31
1.31
1.31
1.31
1.31
1.31
1.31
1.31
1.31
1.31
1.31
1.31
1.31
1.31
1.31
1.31
1.31
1.31
0.00
0.00
0.00
0.00
0.00
0.00
0.00
14.43
14.43
14.43
0.00
0.00
0.00
14.43
14.43
14.43
14.43
14.43
0.00
14.43
0.00
0.00
0.00
0.00
0.00
0.00
0.00
0.00
0.00
0.00
20.78
15.05
16.18
4.08
4.08
8.09
20.11
10.07
12.68
0.00
18.18
0.00
0.00
0.00
0.00
0.00
0.00
0.00
0.00
0.00
8.09
4.88
0.00
0.00
20.78
15.99
18.18
10.53
9.57
25.53
28.88
24.71
0.00
0.00
0.00
0.00
0.00
0.00
19.00
8.10
11.42
15.74
8.79
4.83
0.00
0.00
0.00
0.00
7.92
16.53
0.00
0.00
12.69
12.28
0.00
0.00
0.00
0.00
0.00
0.00
14.88
24.73
23.61
0.00
27.65
50.50
67.74
56.49
15.45
50.50
26.18
0.00
0.00
30.11
34.29
0.00
0.00
0.00
0.00
14.34
26.92
8.28
0.00
0.00
0.00
0.00
0.00
0.00
0.00
0.00
0.00
0.00
0.00
0.00
0.00
0.00
0.00
0.00
6.75
6.75
22.23
10.78
20.88
26.30
27.90
23.65
12.66
5.17
0.00
0.00
11.64
17.77
9.69
6.04
9.69
0.00
0.00
5.17
10.38
16.57
29.32
38.18
28.93
21.75
29.69
15.83
18.58
8.29
0.00
0.00
25.05
25.55
0.00
0.00
28.55
6.41
10.86
7.45
0.00
0.00
0.00
0.00
30.68
9.18
25.55
0.00
0.00
0.00
0.00
0.00
6.41
12.18
12.18
15.05
17.41
28.81
32.41
38.07
47.44
52.82
53.49
52.29
49.52
39.87
44.20
40.87
38.80
33.56
14.62
22.97
34.89
35.43
44.78
42.92
24.98
17.67
13.63
8.58
0.00
0.00
0.00
0.00
0.00
0.00
0.00
0.00
0.00
34.32
0.00
0.00
0.00
0.00
0.00
0.00
0.00
0.00
0.00
0.00
0.00
34.32
0.00
0.00
0.00
0.00
0.00
0.00
0.00
34.32
34.32
34.32
34.32
34.32
0.00
0.00
0.00
0.00
0.00
0.00
0.00
0.00
0.00
0.00
0.00
0.00
0.00
0.00
0.00
0.00
0.00
52.70
52.70
52.70
0.00
52.70
52.70
52.70
0.00
52.70
0.00
0.00
0.00
0.00
0.00
0.00
0.00
0.00
0.00
0.00
0.00
0.00
0.00
0.00
0.00
0.00
0.00
0.00
0.00
0.00
0.00
0.00
0.00
0.00
0.00
0.00
0.00
0.00
0.00
0.00
0.00
0.00
0.00
0.00
0.00
3.60
3.60
3.60
3.60
3.60
3.60
3.60
3.60
3.60
3.60
3.60
3.60
3.60
3.60
3.60
3.60
3.60
3.60
3.60
3.60
3.60
3.60
3.60
3.60
3.60
3.60
3.60
3.60
3.60
3.60
3.60
1.31
1.31
1.31
1.31
1.31
1.31
1.31
1.31
1.31
1.31
1.31
1.31
1.31
1.31
1.31
1.31
1.31
1.31
1.31
1.31
1.31
1.31
1.31
1.31
1.31
1.31
1.31
1.31
1.31
1.31
1.31
0.00
0.00
0.00
0.00
0.00
0.00
0.00
0.00
0.00
0.00
0.00
0.00
0.00
0.00
0.00
0.00
0.00
0.00
0.00
0.00
0.00
0.00
14.43
14.43
0.00
0.00
0.00
0.00
0.00
6.18
0.00
0.00
12.10
0.00
0.00
0.00
0.00
0.00
0.00
4.88
6.18
4.88
0.00
0.00
0.00
0.00
13.71
15.19
5.10
0.00
0.00
0.00
0.00
0.00
0.00
6.97
8.50
19.54
30.71
9.91
0.00
0.00
0.00
0.00
0.00
0.00
0.00
0.00
0.00
0.00
6.47
8.01
9.82
14.08
26.14
20.54
23.17
2.95
0.00
0.00
0.00
0.00
0.00
0.00
11.87
16.88
29.01
24.55
0.00
0.00
0.00
0.00
18.03
0.00
0.00
0.00
0.00
48.76
47.58
10.74
14.88
26.92
39.76
18.39
27.30
20.42
8.28
16.80
47.71
65.30
64.06
20.42
38.62
41.36
31.43
52.12
55.02
49.08
37.67
41.62
0.00
0.00
0.00
0.00
0.00
0.00
0.00
0.00
0.00
0.00
0.00
0.00
9.69
11.91
10.04
13.39
16.05
21.93
23.47
6.04
7.21
18.44
8.48
5.63
9.32
6.75
6.75
6.04
7.49
12.17
12.41
11.33
8.29
6.41
0.00
0.00
8.29
8.29
8.29
0.00
0.00
0.00
0.00
0.00
6.41
0.00
11.77
29.14
9.79
6.41
0.00
6.41
10.86
14.05
6.41
8.29
11.77
16.57
15.83
18.96
16.81
14.05
14.62
12.18
0.00
12.18
26.44
14.62
20.74
40.87
47.82
49.12
39.30
47.72
49.68
40.65
31.91
39.59
26.21
10.22
12.18
0.00
0.00
0.00
10.22
0.00
0.00
10.22
18.39
20.74
20.74
0.00
0.00
34.32
0.00
0.00
0.00
34.32
0.00
0.00
0.00
0.00
34.32
34.32
34.32
0.00
0.00
0.00
0.00
0.00
34.32
34.32
34.32
0.00
0.00
0.00
0.00
0.00
0.00
0.00
34.32
34.32
0.00
0.00
52.70
52.70
52.70
52.70
52.70
0.00
0.00
0.00
0.00
0.00
52.70
52.70
0.00
0.00
0.00
0.00
52.70
0.00
0.00
0.00
0.00
0.00
0.00
0.00
0.00
0.00
0.00
0.00
0.00
0.00
0.00
0.00
0.00
0.00
0.00
0.00
0.00
0.00
0.00
0.00
0.00
0.00
0.00
0.00
0.00
0.00
56.16
0.00
56.16
56.16
0.00
0.00
0.00
0.00
0.00
0.00
0.00
0.00
0.00
0.00
3.60
3.60
3.60
3.60
3.60
3.60
3.60
3.60
3.60
3.60
3.60
3.60
3.60
3.60
3.60
3.60
3.60
3.60
3.60
3.60
3.60
3.60
3.60
3.60
3.60
3.60
3.60
3.60
3.60
3.60
3.60
1.31
1.31
1.31
1.31
1.31
1.31
1.31
1.31
1.31
1.31
1.31
1.31
1.31
1.31
1.31
1.31
1.31
1.31
1.31
1.31
1.31
1.31
1.31
1.31
1.31
1.31
1.31
1.31
1.31
1.31
1.31
0.00
0.00
0.00
0.00
0.00
0.00
0.00
0.00
0.00
0.00
0.00
0.00
0.00
0.00
14.43
14.43
0.00
0.00
0.00
0.00
0.00
0.00
0.00
0.00
0.00
0.00
0.00
0.00
0.00
0.00
0.00
4.08
2.13
2.93
8.69
0.00
0.00
0.00
0.00
0.00
7.68
1.13
5.67
0.00
0.00
1.87
6.11
1.13
0.00
0.00
0.00
0.00
0.00
0.00
0.00
0.00
0.00
0.00
0.00
0.00
0.00
6.47
9.69
12.48
5.99
8.10
7.74
3.51
2.95
11.66
36.14
18.95
28.19
25.44
6.47
18.04
0.00
0.00
0.00
0.00
0.00
0.00
0.00
0.00
5.99
0.00
31.06
27.77
2.95
18.39
0.00
0.00
0.00
0.00
0.00
41.71
49.52
12.37
19.77
0.00
27.47
22.10
6.46
8.28
20.99
26.18
24.52
42.71
45.91
66.76
51.62
18.39
0.00
6.46
0.00
0.00
8.28
6.46
0.00
0.00
0.00
10.04
11.36
16.57
22.23
21.63
18.57
22.23
49.60
46.70
60.28
52.37
44.62
46.85
48.04
52.07
65.11
57.79
50.17
20.77
17.17
6.75
6.75
17.17
24.60
19.85
0.00
8.91
0.00
10.38
18.38
13.39
14.05
12.57
6.41
9.18
4.95
6.41
6.41
17.27
26.90
17.27
18.96
80.79
60.89
9.79
16.33
20.81
21.13
15.83
0.00
4.95
6.41
0.00
0.00
14.05
20.81
30.60
55.36
84.51
80.62
50.85
39.61
64.34
37.05
0.00
0.00
0.00
0.00
0.00
0.00
0.00
22.33
22.27
24.19
21.49
17.14
8.58
8.58
30.56
10.22
8.58
11.33
26.29
16.15
12.18
14.62
21.34
0.00
0.00
12.18
12.18
34.32
34.32
34.32
34.32
34.32
34.32
34.32
34.32
0.00
0.00
34.32
0.00
0.00
0.00
0.00
0.00
0.00
0.00
0.00
0.00
0.00
0.00
0.00
0.00
34.32
34.32
34.32
34.32
34.32
34.32
52.70
0.00
0.00
0.00
0.00
52.70
52.70
0.00
0.00
0.00
0.00
0.00
0.00
0.00
0.00
0.00
0.00
0.00
0.00
0.00
0.00
0.00
0.00
0.00
0.00
0.00
0.00
0.00
0.00
0.00
0.00
0.00
0.00
0.00
0.00
0.00
0.00
0.00
0.00
0.00
0.00
0.00
0.00
0.00
0.00
0.00
0.00
0.00
0.00
0.00
0.00
0.00
0.00
0.00
0.00
0.00
0.00
0.00
0.00
0.00
0.00
3.60
3.60
3.60
3.60
3.60
3.60
3.60
3.60
3.60
3.60
3.60
3.60
3.60
3.60
3.60
3.60
3.60
3.60
3.60
3.60
3.60
3.60
3.60
3.60
3.60
3.60
3.60
3.60
3.60
3.60
3.60
1.31
1.31
1.31
1.31
1.31
1.31
1.31
1.31
1.31
1.31
1.31
1.31
1.31
1.31
1.31
1.31
1.31
1.31
1.31
1.31
1.31
1.31
1.31
1.31
1.31
1.31
1.31
1.31
1.31
1.31
1.31
0.00
0.00
0.00
0.00
0.00
0.00
14.43
0.00
0.00
0.00
0.00
0.00
0.00
0.00
0.00
0.00
0.00
14.43
0.00
0.00
0.00
0.00
0.00
0.00
14.43
0.00
0.00
0.00
0.00
0.00
0.00
0.00
0.00
4.08
0.00
0.00
0.00
2.93
0.00
4.50
19.96
19.39
27.49
28.34
11.79
13.13
6.18
24.36
24.30
24.02
25.76
17.05
14.34
0.00
18.46
9.32
3.59
5.27
0.00
0.00
0.00
0.00
0.00
0.00
0.00
8.79
0.00
0.00
0.00
0.00
0.00
6.47
6.97
0.00
0.00
11.66
19.30
24.00
25.24
0.00
22.29
39.05
39.64
43.58
40.95
27.19
2.95
4.83
30.93
13.77
21.58
17.84
29.49
38.22
39.00
29.34
13.77
23.61
28.18
56.98
51.22
47.44
43.67
45.62
60.49
40.40
50.56
36.57
35.23
10.74
0.00
0.00
10.74
13.77
14.88
8.28
6.46
0.00
0.00
0.00
0.00
0.00
0.00
0.00
18.18
16.41
15.55
12.66
10.04
0.00
0.00
5.17
7.49
10.78
12.41
14.42
14.02
16.87
24.79
41.90
67.12
56.56
38.00
29.17
17.49
16.41
11.64
11.91
17.31
8.91
4.95
33.28
6.41
12.57
16.33
42.76
62.18
64.63
54.81
76.31
84.95
61.65
35.63
57.20
36.68
6.41
0.00
0.00
0.00
0.00
0.00
0.00
6.41
0.00
0.00
10.86
16.81
26.69
14.95
16.33
18.77
21.34
17.67
17.14
10.22
11.33
15.44
12.18
14.62
19.29
16.15
0.00
14.62
12.18
10.22
0.00
26.13
16.15
12.18
0.00
0.00
0.00
0.00
0.00
14.62
16.85
13.63
0.00
0.00
40.29
31.49
31.78
34.32
0.00
34.32
0.00
34.32
34.32
34.32
34.32
34.32
34.32
34.32
0.00
34.32
0.00
0.00
0.00
0.00
0.00
0.00
34.32
0.00
0.00
0.00
0.00
0.00
0.00
0.00
34.32
0.00
0.00
0.00
52.70
0.00
0.00
52.70
52.70
52.70
52.70
52.70
0.00
52.70
52.70
0.00
52.70
0.00
0.00
0.00
0.00
0.00
0.00
0.00
0.00
0.00
0.00
0.00
0.00
0.00
0.00
0.00
0.00
0.00
0.00
0.00
0.00
0.00
0.00
0.00
0.00
0.00
0.00
0.00
0.00
0.00
0.00
0.00
0.00
0.00
0.00
0.00
0.00
0.00
0.00
0.00
0.00
0.00
0.00
0.00
0.00
0.00
0.00
0.00
3.60
3.60
3.60
3.60
3.60
3.60
3.60
3.60
3.60
3.60
3.60
3.60
3.60
3.60
3.60
3.60
3.60
3.60
3.60
3.60
3.60
3.60
3.60
3.60
3.60
3.60
3.60
3.60
3.60
3.60
3.60
1.31
1.31
1.31
1.31
1.31
1.31
1.31
1.31
1.31
1.31
1.31
1.31
1.31
1.31
1.31
1.31
1.31
1.31
1.31
1.31
1.31
1.31
1.31
1.31
1.31
1.31
1.31
1.31
1.31
1.31
1.31
0.00
0.00
0.00
0.00
0.00
0.00
0.00
0.00
0.00
0.00
0.00
0.00
14.43
14.43
14.43
14.43
0.00
14.43
0.00
0.00
0.00
0.00
0.00
0.00
14.43
14.43
14.43
14.43
2.93
3.59
0.00
0.00
0.00
0.00
0.00
0.00
0.00
0.00
7.46
11.05
0.00
11.92
12.91
17.05
19.25
0.00
10.82
0.00
0.00
0.00
0.00
0.00
0.00
31.38
50.06
31.78
6.73
8.50
10.22
20.44
16.88
5.45
0.00
0.00
39.91
38.55
38.37
33.39
18.78
16.88
0.00
19.35
14.16
28.12
16.74
0.00
14.82
18.16
36.24
51.21
15.13
0.00
8.10
10.97
20.54
38.06
43.58
35.38
24.38
29.49
52.03
64.45
46.20
47.58
54.34
39.94
16.80
8.28
20.42
19.12
27.93
19.61
49.36
38.86
27.30
26.18
16.80
0.00
0.00
0.00
0.00
0.00
6.46
11.60
9.72
12.81
25.25
46.69
47.58
36.13
64.84
48.39
25.60
11.64
0.00
6.75
9.69
17.17
23.91
8.01
6.75
5.17
0.00
0.00
5.17
0.00
0.00
15.72
40.91
42.79
38.17
46.70
35.22
11.36
6.75
0.00
6.04
12.17
23.39
21.09
11.33
5.76
8.84
11.77
16.33
14.66
16.33
11.77
11.77
14.05
14.05
21.29
24.81
28.46
24.45
10.86
4.95
6.41
9.79
7.45
4.95
0.00
0.00
8.29
12.57
10.86
10.86
12.57
12.57
18.17
14.05
15.44
14.62
15.44
26.91
35.50
33.44
32.91
38.70
36.12
28.43
15.05
17.41
18.88
12.18
0.00
0.00
0.00
0.00
0.00
0.00
0.00
0.00
0.00
0.00
11.33
15.05
0.00
0.00
0.00
0.00
26.21
34.32
34.32
34.32
34.32
34.32
34.32
0.00
34.32
34.32
0.00
0.00
0.00
0.00
34.32
0.00
0.00
34.32
0.00
0.00
34.32
0.00
0.00
34.32
34.32
0.00
0.00
0.00
0.00
34.32
34.32
52.70
52.70
52.70
0.00
0.00
0.00
0.00
0.00
0.00
0.00
0.00
0.00
0.00
0.00
0.00
0.00
0.00
0.00
0.00
0.00
0.00
0.00
0.00
0.00
0.00
0.00
0.00
0.00
0.00
0.00
0.00
0.00
0.00
0.00
0.00
0.00
0.00
0.00
0.00
0.00
0.00
0.00
0.00
0.00
0.00
0.00
0.00
0.00
0.00
0.00
0.00
0.00
0.00
0.00
0.00
0.00
0.00
0.00
0.00
0.00
0.00
3.60
3.60
3.60
3.60
3.60
3.60
3.60
3.60
3.60
3.60
3.60
3.60
3.60
3.60
3.60
3.60
3.60
3.60
3.60
3.60
3.60
3.60
3.60
3.60
3.60
3.60
3.60
3.60
3.60
3.60
3.60
1.31
1.31
1.31
1.31
1.31
1.31
1.31
1.31
1.31
1.31
1.31
1.31
1.31
1.31
1.31
1.31
1.31
1.31
1.31
1.31
1.31
1.31
1.31
1.31
1.31
1.31
1.31
1.31
1.31
1.31
1.31
0.00
0.00
0.00
0.00
0.00
0.00
0.00
0.00
0.00
14.43
14.43
0.00
14.43
14.43
14.43
0.00
0.00
0.00
0.00
0.00
0.00
0.00
14.43
14.43
0.00
14.43
14.43
14.43
14.43
13.31
0.00
0.00
8.09
6.73
5.89
6.18
4.50
0.00
0.00
4.08
3.59
2.93
1.56
6.18
5.59
4.08
4.88
9.41
3.84
14.34
35.79
14.02
8.87
23.91
18.38
28.31
22.07
22.44
24.19
8.87
8.79
7.37
26.75
48.97
29.14
14.16
7.37
16.04
18.41
0.00
15.13
29.80
12.28
17.41
23.17
46.77
27.62
6.97
6.47
0.00
26.14
5.45
5.45
38.55
19.57
38.64
15.45
0.00
6.47
13.45
36.57
0.00
0.00
11.60
24.28
27.30
33.68
30.86
33.80
34.54
30.57
18.79
11.60
34.36
19.93
44.29
27.84
0.00
0.00
0.00
0.00
0.00
0.00
0.00
0.00
0.00
10.74
46.48
10.74
47.91
31.99
36.34
28.23
19.85
0.00
8.91
48.62
45.74
61.89
51.56
41.76
6.75
14.42
38.91
81.63
72.68
63.78
40.49
52.98
15.20
0.00
0.00
0.00
9.69
10.78
17.77
25.60
18.73
19.97
19.47
14.22
8.29
8.29
15.23
19.39
35.36
37.83
39.47
22.66
30.77
34.31
45.71
60.36
65.79
51.59
18.58
14.95
17.27
16.33
18.17
22.38
25.55
38.31
30.32
12.18
7.45
6.41
4.95
0.00
0.00
0.00
6.41
0.00
0.00
0.00
0.00
0.00
0.00
0.00
0.00
0.00
0.00
0.00
0.00
0.00
0.00
10.22
13.63
18.88
18.39
19.29
16.85
10.22
26.84
27.77
0.00
18.16
25.78
0.00
0.00
0.00
20.74
10.22
0.00
0.00
0.00
0.00
0.00
0.00
34.32
34.32
34.32
34.32
34.32
0.00
0.00
0.00
0.00
0.00
0.00
34.32
34.32
34.32
34.32
0.00
0.00
34.32
34.32
0.00
0.00
34.32
34.32
0.00
0.00
0.00
0.00
0.00
52.70
0.00
0.00
0.00
0.00
0.00
0.00
0.00
0.00
0.00
0.00
0.00
0.00
0.00
0.00
0.00
0.00
0.00
0.00
0.00
0.00
0.00
0.00
0.00
0.00
0.00
52.70
56.16
0.00
0.00
0.00
0.00
0.00
0.00
0.00
0.00
0.00
0.00
0.00
0.00
0.00
0.00
0.00
0.00
0.00
0.00
0.00
0.00
0.00
0.00
0.00
0.00
0.00
0.00
0.00
0.00
0.00
3.60
3.60
3.60
3.60
3.60
3.60
3.60
3.60
3.60
3.60
3.60
3.60
3.60
3.60
3.60
3.60
3.60
3.60
3.60
3.60
3.60
3.60
3.60
3.60
3.60
3.60
3.60
3.60
3.60
3.60
3.60
1.31
1.31
1.31
1.31
1.31
1.31
1.31
1.31
1.31
1.31
1.31
1.31
1.31
1.31
1.31
1.31
1.31
1.31
1.31
1.31
1.31
1.31
1.31
1.31
1.31
1.31
1.31
1.31
1.31
1.31
1.31
0.00
0.00
0.00
0.00
0.00
0.00
14.43
14.43
0.00
0.00
0.00
0.00
0.00
0.00
0.00
0.00
14.43
14.43
0.00
0.00
0.00
0.00
0.00
0.00
0.00
0.00
0.00
0.00
0.00
0.00
0.00
0.00
0.00
0.00
0.00
0.00
0.00
0.00
0.00
0.00
0.00
8.50
16.31
10.07
12.18
12.91
13.13
0.00
16.27
7.68
0.00
0.00
0.00
8.87
0.00
0.00
0.00
0.00
0.00
0.00
15.28
5.45
29.41
31.06
33.39
23.87
0.00
0.00
0.00
0.00
0.00
0.00
0.00
0.00
0.00
0.00
0.00
0.00
3.98
7.37
9.38
3.98
3.98
0.00
3.98
0.00
0.00
14.16
14.82
32.80
10.74
0.00
0.00
0.00
28.69
0.00
0.00
0.00
0.00
0.00
0.00
0.00
0.00
0.00
13.77
22.64
35.92
0.00
0.00
0.00
0.00
0.00
0.00
0.00
0.00
0.00
0.00
13.14
0.00
21.71
10.78
14.84
21.30
22.32
25.27
26.37
27.11
34.83
48.39
72.98
78.38
50.93
27.68
19.11
25.60
28.37
20.31
26.52
27.68
13.61
15.89
20.77
10.38
12.66
13.61
6.75
0.00
15.20
30.17
19.85
0.00
0.00
0.00
0.00
31.45
18.96
18.17
18.58
17.97
30.85
43.35
30.49
20.44
21.75
18.96
10.86
8.29
11.77
23.78
23.78
22.94
6.41
8.29
4.95
0.00
0.00
0.00
25.17
13.72
9.18
0.00
12.18
17.41
20.74
25.78
27.63
29.75
29.40
23.53
13.63
0.00
0.00
0.00
0.00
0.00
0.00
25.44
0.00
0.00
11.33
0.00
25.53
0.00
0.00
24.70
24.19
19.29
0.00
0.00
0.00
0.00
0.00
0.00
34.32
34.32
34.32
34.32
34.32
34.32
34.32
34.32
34.32
34.32
34.32
34.32
34.32
34.32
34.32
34.32
0.00
34.32
0.00
34.32
34.32
34.32
0.00
0.00
0.00
0.00
0.00
34.32
34.32
0.00
0.00
0.00
0.00
0.00
0.00
0.00
0.00
0.00
0.00
0.00
0.00
0.00
0.00
0.00
0.00
52.70
0.00
0.00
0.00
0.00
0.00
0.00
0.00
0.00
0.00
0.00
0.00
0.00
0.00
0.00
0.00
0.00
0.00
0.00
0.00
0.00
0.00
0.00
0.00
0.00
0.00
0.00
0.00
0.00
0.00
0.00
0.00
0.00
0.00
0.00
0.00
0.00
0.00
0.00
0.00
56.16
56.16
0.00
56.16
56.16
3.60
3.60
3.60
3.60
3.60
3.60
3.60
3.60
3.60
3.60
3.60
3.60
3.60
3.60
3.60
3.60
3.60
3.60
3.60
3.60
3.60
3.60
3.60
3.60
3.60
3.60
3.60
3.60
3.60
3.60
3.60
1.31
1.31
1.31
1.31
1.31
1.31
1.31
1.31
1.31
1.31
1.31
1.31
1.31
1.31
1.31
1.31
1.31
1.31
1.31
1.31
1.31
1.31
1.31
1.31
1.31
1.31
1.31
1.31
1.31
1.31
1.31
0.00
0.00
0.00
0.00
0.00
0.00
0.00
0.00
0.00
0.00
0.00
0.00
0.00
0.00
0.00
0.00
0.00
0.00
0.00
0.00
14.43
14.43
14.43
0.00
0.00
0.00
0.00
0.00
0.00
0.00
0.00
0.00
0.00
0.00
0.00
0.00
0.00
0.00
0.00
0.00
0.00
0.00
5.89
10.22
4.08
0.00
0.00
0.00
0.00
0.00
0.00
0.00
0.00
0.00
0.00
0.00
0.00
0.00
0.00
12.48
5.45
19.12
18.65
15.13
10.97
7.37
0.00
0.00
0.00
0.00
0.00
0.00
5.45
24.04
13.45
7.37
14.82
14.48
0.00
0.00
5.45
8.10
0.00
0.00
10.46
0.00
5.45
0.00
10.46
32.52
24.06
8.28
12.37
13.77
8.28
0.00
0.00
0.00
0.00
0.00
21.58
66.83
71.74
56.98
55.59
49.71
66.50
39.38
39.48
40.04
0.00
0.00
0.00
13.14
6.46
0.00
0.00
0.00
0.00
0.00
3.96
5.17
7.49
7.49
10.78
9.32
25.27
10.04
20.19
19.59
49.07
53.42
66.98
58.08
40.60
26.30
17.31
24.27
21.20
32.79
86.89
79.59
89.88
74.65
65.24
53.28
63.23
60.26
38.21
24.52
30.85
32.49
35.84
37.13
69.92
77.85
14.05
0.00
8.29
15.23
13.39
12.57
10.35
7.45
4.95
0.00
8.29
16.33
18.58
19.39
17.27
14.95
16.08
19.39
19.92
19.39
25.78
31.53
35.40
26.69
35.71
35.30
40.83
40.96
48.68
31.87
0.00
10.22
0.00
0.00
0.00
0.00
0.00
10.22
14.62
0.00
14.62
16.15
17.92
22.20
23.64
20.03
14.15
13.63
10.22
0.00
8.58
16.85
20.74
12.18
33.24
27.90
0.00
34.32
34.32
34.32
34.32
34.32
34.32
0.00
0.00
34.32
34.32
0.00
0.00
0.00
34.32
34.32
34.32
0.00
0.00
0.00
34.32
0.00
34.32
34.32
34.32
34.32
0.00
0.00
0.00
0.00
0.00
0.00
0.00
0.00
0.00
0.00
0.00
0.00
0.00
0.00
52.70
52.70
0.00
0.00
0.00
0.00
0.00
0.00
0.00
0.00
0.00
0.00
0.00
0.00
0.00
0.00
0.00
0.00
0.00
0.00
0.00
0.00
0.00
0.00
0.00
0.00
0.00
56.16
56.16
56.16
0.00
0.00
0.00
56.16
56.16
56.16
0.00
0.00
0.00
0.00
0.00
0.00
0.00
0.00
0.00
0.00
0.00
0.00
0.00
0.00
0.00
3.60
3.60
3.60
3.60
3.60
3.60
3.60
3.60
3.60
3.60
3.60
3.60
3.60
3.60
3.60
3.60
3.60
3.60
3.60
3.60
3.60
3.60
3.60
3.60
3.60
3.60
3.60
3.60
3.60
3.60
3.60
1.31
1.31
1.31
1.31
1.31
1.31
1.31
1.31
1.31
1.31
1.31
1.31
1.31
1.31
1.31
1.31
1.31
1.31
1.31
1.31
1.31
1.31
1.31
1.31
1.31
1.31
1.31
1.31
1.31
1.31
1.31
0.00
0.00
0.00
0.00
0.00
0.00
0.00
0.00
0.00
0.00
0.00
0.00
0.00
0.00
0.00
0.00
0.00
0.00
0.00
0.00
0.00
0.00
0.00
0.00
0.00
0.00
0.00
0.00
0.00
0.00
0.00
0.00
0.00
0.00
0.00
0.00
0.00
0.00
2.13
13.65
11.52
0.00
11.38
0.00
0.00
0.00
0.00
12.91
13.13
3.59
0.00
0.00
0.00
7.21
0.00
9.24
11.12
11.38
11.92
18.41
18.41
41.12
16.04
0.00
3.98
9.96
0.00
0.00
11.08
19.06
0.00
6.47
28.36
15.52
10.46
31.21
8.10
2.95
10.46
13.25
12.48
10.97
0.00
0.00
0.00
0.00
0.00
0.00
0.00
0.00
0.00
0.00
0.00
0.00
0.00
0.00
0.00
0.00
0.00
20.99
41.50
39.00
26.74
39.71
46.16
39.89
48.34
46.93
13.77
16.59
18.39
17.65
15.45
10.74
11.60
8.28
7.47
5.04
23.73
7.47
8.01
51.24
60.91
61.81
64.30
68.26
68.51
74.73
70.70
49.65
32.04
37.36
32.84
19.23
13.17
10.54
3.96
6.04
0.00
3.96
3.96
12.17
13.39
8.48
7.49
10.38
0.00
6.75
0.00
0.00
8.29
14.05
13.39
14.36
12.18
9.79
11.77
10.86
26.47
16.81
12.57
8.29
10.86
0.00
0.00
0.00
0.00
0.00
0.00
0.00
0.00
0.00
0.00
6.41
10.86
8.29
12.57
14.05
8.29
10.86
0.00
0.00
17.41
20.03
19.29
19.29
23.88
27.70
26.60
16.85
7.21
26.13
0.00
11.33
15.44
20.20
18.16
14.62
0.00
27.90
35.73
34.24
36.15
45.92
51.82
50.27
29.75
17.41
12.18
8.58
0.00
0.00
0.00
0.00
0.00
34.32
34.32
0.00
0.00
34.32
0.00
0.00
0.00
0.00
0.00
0.00
0.00
34.32
34.32
0.00
0.00
0.00
0.00
0.00
0.00
34.32
34.32
0.00
34.32
0.00
0.00
0.00
0.00
0.00
52.70
52.70
0.00
0.00
0.00
0.00
52.70
52.70
52.70
52.70
0.00
0.00
0.00
0.00
0.00
0.00
0.00
0.00
0.00
0.00
0.00
0.00
0.00
0.00
52.70
52.70
52.70
0.00
0.00
0.00
0.00
0.00
0.00
0.00
0.00
0.00
0.00
0.00
0.00
0.00
0.00
0.00
0.00
0.00
0.00
0.00
0.00
0.00
0.00
0.00
0.00
0.00
0.00
0.00
0.00
0.00
0.00
0.00
0.00
3.60
3.60
3.60
3.60
3.60
3.60
3.60
3.60
3.60
3.60
3.60
3.60
3.60
3.60
3.60
3.60
3.60
3.60
3.60
3.60
3.60
3.60
3.60
3.60
3.60
3.60
3.60
3.60
3.60
3.60
3.60
1.31
1.31
1.31
1.31
1.31
1.31
1.31
1.31
1.31
1.31
1.31
1.31
1.31
1.31
1.31
1.31
1.31
1.31
1.31
1.31
1.31
1.31
1.31
1.31
1.31
1.31
1.31
1.31
1.31
1.31
1.31
0.00
0.00
0.00
0.00
14.43
14.43
0.00
0.00
0.00
0.00
0.00
0.00
14.43
14.43
14.43
0.00
14.43
0.00
14.43
0.00
0.00
0.00
0.00
0.00
0.00
14.43
14.43
14.43
0.00
0.00
8.87
6.97
2.13
0.00
10.53
13.13
7.21
11.66
0.00
0.00
0.00
0.00
0.00
0.00
0.00
0.00
0.00
5.67
7.78
0.00
0.00
0.00
0.00
0.00
0.00
12.18
8.50
10.53
15.71
31.74
26.90
24.71
24.55
22.34
38.78
51.11
41.29
17.80
4.48
12.60
18.65
12.08
7.37
0.00
0.00
9.96
0.00
0.00
5.99
9.09
0.00
0.00
18.16
19.12
15.74
15.74
28.05
35.74
38.83
37.85
50.02
45.77
34.77
24.73
8.28
6.46
0.00
0.00
0.00
0.00
0.00
0.00
0.00
0.00
17.65
20.99
24.06
10.74
0.00
27.30
35.01
26.18
29.65
21.58
19.77
0.00
8.28
14.88
44.43
35.01
13.14
6.04
0.00
0.00
7.49
43.72
55.14
32.25
17.91
35.08
8.01
31.97
8.91
16.87
28.30
40.49
24.95
28.71
26.08
24.27
37.40
22.03
26.52
22.03
17.77
12.66
17.49
66.29
72.86
52.07
52.93
33.04
38.43
60.56
58.51
55.96
29.80
11.77
6.41
4.95
0.00
6.41
8.29
0.00
8.29
0.00
8.29
0.00
0.00
0.00
0.00
0.00
6.41
10.86
12.57
16.81
19.39
14.05
10.86
10.86
15.83
13.04
15.44
15.44
17.67
25.16
10.22
10.22
10.22
13.04
27.36
29.23
31.82
10.22
31.59
0.00
0.00
12.18
13.04
16.85
17.41
15.44
0.00
0.00
10.22
11.33
12.18
10.22
0.00
0.00
0.00
0.00
0.00
34.32
0.00
34.32
0.00
34.32
34.32
34.32
34.32
34.32
0.00
0.00
34.32
34.32
0.00
0.00
0.00
34.32
0.00
0.00
0.00
0.00
34.32
34.32
34.32
0.00
0.00
0.00
0.00
0.00
0.00
0.00
0.00
0.00
0.00
0.00
0.00
0.00
0.00
0.00
0.00
0.00
0.00
0.00
52.70
0.00
0.00
0.00
0.00
0.00
0.00
0.00
0.00
0.00
0.00
0.00
52.70
52.70
0.00
0.00
0.00
0.00
0.00
0.00
0.00
0.00
0.00
0.00
0.00
0.00
0.00
0.00
0.00
0.00
0.00
0.00
0.00
0.00
0.00
0.00
0.00
0.00
0.00
0.00
0.00
0.00
0.00
0.00
0.00
0.00
0.00
0.00
3.60
3.60
3.60
3.60
3.60
3.60
3.60
3.60
3.60
3.60
3.60
3.60
3.60
3.60
3.60
3.60
3.60
3.60
3.60
3.60
3.60
3.60
3.60
3.60
3.60
3.60
3.60
3.60
3.60
3.60
3.60
1.31
1.31
1.31
1.31
1.31
1.31
1.31
1.31
1.31
1.31
1.31
1.31
1.31
1.31
1.31
1.31
1.31
1.31
1.31
1.31
1.31
1.31
1.31
1.31
1.31
1.31
1.31
1.31
1.31
1.31
1.31
0.00
0.00
0.00
0.00
0.00
0.00
0.00
0.00
0.00
0.00
0.00
0.00
0.00
0.00
0.00
0.00
0.00
0.00
14.43
14.43
14.43
14.43
14.43
0.00
0.00
14.43
14.43
14.43
0.00
7.21
14.44
27.73
8.50
8.50
0.00
0.00
17.05
8.09
9.57
12.42
5.75
5.75
11.92
22.81
17.87
0.00
14.24
4.50
18.34
14.02
4.88
0.00
0.00
0.00
0.00
5.59
12.79
18.92
3.59
5.31
9.01
0.00
9.38
10.34
9.45
5.86
22.43
17.28
9.38
0.00
0.00
0.00
7.37
0.00
11.42
8.10
10.97
0.00
0.00
11.42
17.14
15.74
21.17
0.00
5.45
5.45
15.74
13.07
42.37
40.13
14.88
0.00
0.00
0.00
0.00
0.00
0.00
0.00
0.00
0.00
6.46
29.01
39.10
28.18
8.28
14.88
0.00
0.00
0.00
0.00
0.00
0.00
0.00
22.76
0.00
0.00
0.00
0.00
0.00
0.00
0.00
0.00
0.00
0.00
0.00
0.00
0.00
0.00
0.00
0.00
19.35
32.69
62.51
68.72
76.06
64.35
52.68
24.87
14.84
0.00
0.00
0.00
0.00
0.00
0.00
6.75
6.75
0.00
0.00
0.00
0.00
0.00
11.77
20.10
22.38
22.80
29.89
39.12
26.00
14.05
47.30
55.20
44.12
24.57
6.41
6.41
8.29
6.41
6.41
10.86
10.86
6.41
0.00
40.42
44.63
33.95
52.26
54.02
19.39
0.00
0.00
0.00
28.43
31.91
19.29
16.55
15.81
14.62
16.15
17.41
14.62
12.18
12.18
12.18
0.00
38.38
41.72
28.18
25.78
27.50
13.63
12.18
0.00
26.29
0.00
10.22
15.81
30.03
8.58
0.00
0.00
31.01
34.32
0.00
0.00
0.00
0.00
34.32
34.32
34.32
34.32
34.32
34.32
0.00
34.32
34.32
34.32
0.00
0.00
0.00
0.00
0.00
0.00
0.00
0.00
34.32
0.00
0.00
0.00
0.00
34.32
34.32
52.70
0.00
0.00
0.00
0.00
0.00
0.00
0.00
0.00
0.00
0.00
0.00
0.00
0.00
0.00
0.00
0.00
0.00
0.00
0.00
0.00
0.00
0.00
0.00
0.00
0.00
0.00
0.00
0.00
0.00
0.00
0.00
0.00
0.00
0.00
0.00
0.00
0.00
0.00
56.16
56.16
56.16
56.16
0.00
0.00
0.00
0.00
0.00
0.00
0.00
0.00
0.00
0.00
0.00
0.00
0.00
0.00
0.00
0.00
0.00
0.00
3.60
3.60
3.60
3.60
3.60
3.60
3.60
3.60
3.60
3.60
3.60
3.60
3.60
3.60
3.60
3.60
3.60
3.60
3.60
3.60
3.60
3.60
3.60
3.60
3.60
3.60
3.60
3.60
3.60
3.60
3.60
1.31
1.31
1.31
1.31
1.31
1.31
1.31
1.31
1.31
1.31
1.31
1.31
1.31
1.31
1.31
1.31
1.31
1.31
1.31
1.31
1.31
1.31
1.31
1.31
1.31
1.31
1.31
1.31
1.31
1.31
1.31
0.00
0.00
0.00
0.00
0.00
0.00
14.43
0.00
0.00
0.00
14.43
0.00
14.43
0.00
14.43
14.43
0.00
0.00
0.00
0.00
0.00
0.00
0.00
0.00
0.00
14.43
0.00
0.00
0.00
0.00
8.50
4.08
0.00
0.00
0.00
0.00
0.00
0.00
0.00
0.00
2.13
0.00
10.53
8.87
8.87
9.57
0.00
0.00
0.00
0.00
0.00
0.00
0.00
0.00
0.00
0.00
0.00
6.18
2.93
0.00
10.46
16.32
16.59
13.63
27.19
7.17
12.08
7.74
29.78
22.80
14.90
13.45
14.90
7.74
4.83
0.00
5.45
10.21
8.10
3.98
19.12
9.38
26.30
38.64
49.14
45.23
40.61
31.30
26.45
35.01
0.00
0.00
0.00
14.88
0.00
0.00
0.00
0.00
0.00
0.00
43.03
31.36
0.00
0.00
0.00
0.00
0.00
0.00
0.00
0.00
0.00
0.00
0.00
0.00
0.00
0.00
0.00
0.00
0.00
0.00
0.00
11.64
21.63
11.64
8.01
6.75
0.00
0.00
0.00
0.00
0.00
0.00
0.00
0.00
0.00
0.00
21.09
5.17
5.17
8.01
17.49
13.82
25.68
29.80
29.04
27.41
23.21
36.78
21.40
12.41
0.00
0.00
0.00
0.00
0.00
0.00
0.00
0.00
0.00
0.00
0.00
26.00
8.29
9.79
0.00
8.29
9.18
7.45
11.33
6.41
0.00
0.00
12.57
14.05
8.29
0.00
8.29
0.00
6.41
11.33
26.69
19.09
0.00
0.00
0.00
12.18
14.62
14.62
0.00
35.43
0.00
0.00
0.00
0.00
12.18
17.67
18.16
11.33
11.33
0.00
31.16
26.44
0.00
0.00
28.93
0.00
0.00
27.77
31.11
13.63
18.88
23.88
34.32
34.32
34.32
34.32
34.32
34.32
34.32
34.32
34.32
34.32
0.00
0.00
0.00
0.00
0.00
0.00
34.32
34.32
0.00
0.00
0.00
0.00
0.00
0.00
0.00
0.00
0.00
0.00
0.00
0.00
0.00
0.00
52.70
0.00
0.00
0.00
0.00
0.00
0.00
0.00
0.00
0.00
0.00
0.00
52.70
0.00
0.00
0.00
0.00
0.00
0.00
0.00
0.00
0.00
0.00
0.00
0.00
0.00
0.00
0.00
0.00
0.00
0.00
0.00
0.00
0.00
0.00
0.00
0.00
0.00
0.00
0.00
0.00
0.00
0.00
0.00
0.00
0.00
0.00
0.00
0.00
0.00
0.00
0.00
0.00
0.00
0.00
0.00
0.00
0.00
0.00
3.60
3.60
3.60
3.60
3.60
3.60
3.60
3.60
3.60
3.60
3.60
3.60
3.60
3.60
3.60
3.60
3.60
3.60
3.60
3.60
3.60
3.60
3.60
3.60
3.60
3.60
3.60
3.60
3.60
3.60
3.60
1.31
1.31
1.31
1.31
1.31
1.31
1.31
1.31
1.31
1.31
1.31
1.31
1.31
1.31
1.31
1.31
1.31
1.31
1.31
1.31
1.31
1.31
1.31
1.31
1.31
1.31
1.31
1.31
1.31
1.31
1.31
0.00
0.00
0.00
0.00
14.43
0.00
0.00
0.00
0.00
0.00
0.00
0.00
0.00
0.00
0.00
0.00
0.00
0.00
14.43
14.43
14.43
14.43
14.43
14.43
14.43
14.43
14.43
14.43
18.69
2.93
0.00
0.00
6.18
11.92
0.00
0.00
6.73
0.00
0.00
0.00
0.00
0.00
0.00
0.00
0.00
0.00
0.00
0.00
12.79
6.35
0.00
0.00
0.00
0.00
0.00
12.18
7.21
0.00
0.00
0.00
0.00
0.00
0.00
5.45
16.04
19.06
18.30
37.10
20.34
0.00
0.00
0.00
0.00
0.00
0.00
9.96
0.00
15.28
16.53
22.05
6.47
9.82
7.92
10.21
14.48
13.54
18.59
10.21
0.00
0.00
14.88
0.00
0.00
0.00
0.00
13.77
0.00
0.00
12.37
41.54
12.37
0.00
0.00
0.00
0.00
31.99
44.89
56.69
40.66
15.92
0.00
19.12
0.00
24.28
30.57
31.99
16.80
26.83
46.72
60.81
38.95
16.41
3.96
0.00
7.49
37.32
28.58
41.47
48.24
54.39
47.13
63.38
72.39
23.47
21.20
0.00
0.00
0.00
20.77
0.00
0.00
5.17
0.00
0.00
0.00
0.00
0.00
17.77
0.00
15.20
15.83
18.17
18.17
23.22
20.81
12.18
6.41
0.00
29.23
15.23
27.85
18.96
14.05
15.23
14.36
17.97
23.22
28.55
34.38
24.57
19.75
24.04
20.27
16.81
15.23
10.86
8.29
0.00
0.00
0.00
0.00
0.00
0.00
15.44
13.63
15.44
22.20
17.92
33.79
0.00
0.00
8.58
0.00
0.00
0.00
10.22
18.39
23.88
25.07
22.20
22.46
20.03
16.15
0.00
40.02
0.00
0.00
12.18
0.00
0.00
0.00
0.00
0.00
34.32
0.00
0.00
0.00
0.00
0.00
34.32
34.32
34.32
34.32
34.32
34.32
34.32
34.32
0.00
0.00
0.00
0.00
0.00
34.32
34.32
34.32
34.32
34.32
0.00
0.00
0.00
0.00
0.00
0.00
52.70
52.70
0.00
0.00
0.00
0.00
0.00
0.00
0.00
0.00
0.00
0.00
0.00
0.00
0.00
0.00
0.00
0.00
0.00
0.00
0.00
0.00
0.00
0.00
0.00
0.00
0.00
0.00
0.00
0.00
0.00
0.00
0.00
0.00
0.00
0.00
0.00
0.00
0.00
56.16
56.16
56.16
0.00
0.00
0.00
0.00
0.00
0.00
0.00
0.00
0.00
0.00
0.00
0.00
0.00
0.00
0.00
0.00
0.00
0.00
3.60
3.60
3.60
3.60
3.60
3.60
3.60
3.60
3.60
3.60
3.60
3.60
3.60
3.60
3.60
3.60
3.60
3.60
3.60
3.60
3.60
3.60
3.60
3.60
3.60
3.60
3.60
3.60
3.60
3.60
3.60
1.31
1.31
1.31
1.31
1.31
1.31
1.31
1.31
1.31
1.31
1.31
1.31
1.31
1.31
1.31
1.31
1.31
1.31
1.31
1.31
1.31
1.31
1.31
1.31
1.31
1.31
1.31
1.31
1.31
1.31
1.31
0.00
0.00
0.00
0.00
0.00
0.00
0.00
0.00
0.00
0.00
0.00
0.00
0.00
0.00
0.00
0.00
0.00
0.00
0.00
0.00
0.00
0.00
0.00
0.00
14.43
14.43
14.43
0.00
0.00
0.00
0.00
0.00
0.00
0.00
0.00
0.00
0.00
0.00
0.00
0.00
0.00
0.00
0.00
0.00
0.00
7.99
13.59
21.44
18.03
14.55
13.59
0.00
0.00
0.00
0.00
5.27
10.53
15.44
7.21
0.00
0.00
11.42
14.48
18.41
15.28
7.65
8.31
0.00
0.00
14.72
7.74
14.16
9.38
14.98
9.96
23.34
21.66
12.69
25.84
11.42
3.98
5.45
0.00
0.00
0.00
19.68
21.36
27.91
3.98
3.51
27.65
18.03
30.71
38.91
0.00
0.00
0.00
0.00
0.00
0.00
25.58
8.28
10.74
12.37
10.74
8.28
10.74
9.72
8.28
8.28
24.52
8.28
0.00
0.00
0.00
0.00
21.84
15.69
29.09
51.74
42.79
29.74
57.67
43.65
34.25
25.75
59.12
41.32
24.71
23.56
0.00
0.00
0.00
0.00
20.99
28.71
3.96
0.00
0.00
29.04
22.82
27.11
25.91
32.36
14.42
14.42
6.75
6.75
0.00
0.00
0.00
8.29
35.10
0.00
0.00
0.00
8.29
10.86
8.29
10.86
11.77
12.18
15.83
33.95
42.96
33.50
21.13
21.60
18.38
25.17
25.05
26.47
6.41
27.75
28.14
25.05
32.26
23.78
11.77
24.57
10.86
20.10
25.44
12.18
8.58
26.76
27.36
25.44
29.40
19.29
27.50
26.13
10.22
12.18
15.44
15.05
0.00
0.00
0.00
0.00
0.00
21.49
0.00
0.00
0.00
0.00
0.00
0.00
0.00
0.00
0.00
0.00
0.00
0.00
34.32
34.32
34.32
0.00
34.32
34.32
34.32
34.32
34.32
34.32
34.32
0.00
0.00
0.00
0.00
0.00
34.32
34.32
0.00
34.32
0.00
34.32
34.32
34.32
0.00
0.00
0.00
0.00
0.00
0.00
0.00
0.00
0.00
0.00
52.70
52.70
52.70
52.70
52.70
52.70
52.70
52.70
52.70
52.70
0.00
0.00
0.00
0.00
0.00
52.70
0.00
0.00
0.00
0.00
0.00
0.00
0.00
0.00
0.00
52.70
0.00
0.00
0.00
0.00
0.00
0.00
0.00
0.00
0.00
0.00
0.00
0.00
0.00
0.00
0.00
0.00
0.00
0.00
0.00
0.00
0.00
0.00
0.00
0.00
0.00
0.00
0.00
0.00
56.16
0.00
3.60
3.60
3.60
3.60
3.60
3.60
3.60
3.60
3.60
3.60
3.60
3.60
3.60
3.60
3.60
3.60
3.60
3.60
3.60
3.60
3.60
3.60
3.60
3.60
3.60
3.60
3.60
3.60
3.60
3.60
3.60
1.31
1.31
1.31
1.31
1.31
1.31
1.31
1.31
1.31
1.31
1.31
1.31
1.31
1.31
1.31
1.31
1.31
1.31
1.31
1.31
1.31
1.31
1.31
1.31
1.31
1.31
1.31
1.31
1.31
1.31
1.31
0.00
0.00
0.00
0.00
14.43
0.00
0.00
0.00
14.43
14.43
14.43
14.43
0.00
0.00
0.00
0.00
0.00
0.00
0.00
0.00
0.00
0.00
0.00
0.00
0.00
0.00
14.43
14.43
5.59
10.22
6.97
2.93
8.50
7.46
0.00
2.93
3.59
2.57
0.00
0.00
0.00
0.00
0.00
0.00
0.00
0.00
0.00
0.00
5.59
28.68
9.91
10.96
0.00
0.00
0.00
11.92
22.07
5.89
15.71
0.00
0.00
0.00
0.00
0.00
0.00
0.00
0.00
0.00
12.69
13.80
9.96
0.00
0.00
3.98
18.41
9.38
0.00
0.00
0.00
17.14
0.00
0.00
0.00
0.00
0.00
0.00
3.98
0.00
11.31
29.34
15.92
29.97
8.28
18.39
20.42
0.00
0.00
14.62
29.82
42.59
54.24
29.26
26.37
31.72
41.71
39.76
15.45
28.69
8.28
10.74
26.56
8.28
22.64
45.26
49.65
21.58
20.99
30.57
16.80
9.72
5.17
0.00
0.00
7.49
7.49
3.96
3.96
22.23
0.00
0.00
0.00
0.00
0.00
5.17
8.91
8.91
8.48
10.04
19.59
32.79
21.63
12.17
14.02
31.18
39.24
49.79
29.42
9.69
0.00
0.00
32.42
10.86
8.29
8.29
0.00
0.00
8.29
8.29
0.00
0.00
0.00
0.00
0.00
0.00
10.86
10.86
14.05
18.96
18.17
19.75
13.39
12.57
21.13
19.75
12.57
8.29
10.86
0.00
0.00
6.41
15.23
22.07
16.15
0.00
0.00
0.00
34.64
8.58
0.00
0.00
0.00
25.44
25.78
10.22
14.62
20.03
25.78
23.64
13.63
10.22
0.00
30.29
0.00
0.00
19.29
19.29
20.03
42.13
31.11
21.05
21.94
0.00
0.00
0.00
34.32
34.32
34.32
34.32
0.00
0.00
0.00
0.00
0.00
0.00
0.00
0.00
34.32
0.00
0.00
0.00
0.00
34.32
34.32
0.00
0.00
0.00
0.00
0.00
0.00
0.00
0.00
34.32
52.70
0.00
0.00
0.00
52.70
52.70
52.70
52.70
0.00
0.00
0.00
0.00
0.00
0.00
0.00
0.00
0.00
0.00
52.70
0.00
0.00
0.00
0.00
0.00
0.00
0.00
0.00
0.00
0.00
0.00
0.00
0.00
0.00
0.00
0.00
0.00
0.00
0.00
0.00
0.00
0.00
0.00
0.00
0.00
0.00
0.00
0.00
0.00
0.00
0.00
0.00
0.00
0.00
0.00
56.16
56.16
56.16
56.16
0.00
0.00
0.00
3.60
3.60
3.60
3.60
3.60
3.60
3.60
3.60
3.60
3.60
3.60
3.60
3.60
3.60
3.60
3.60
3.60
3.60
3.60
3.60
3.60
3.60
3.60
3.60
3.60
3.60
3.60
3.60
3.60
3.60
3.60
1.31
1.31
1.31
1.31
1.31
1.31
1.31
1.31
1.31
1.31
1.31
1.31
1.31
1.31
1.31
1.31
1.31
1.31
1.31
1.31
1.31
1.31
1.31
1.31
1.31
1.31
1.31
1.31
1.31
1.31
1.31
0.00
0.00
0.00
0.00
0.00
0.00
0.00
0.00
0.00
0.00
0.00
14.43
14.43
0.00
0.00
0.00
0.00
0.00
0.00
0.00
0.00
0.00
14.43
0.00
0.00
14.43
14.43
14.43
12.18
13.13
17.38
2.13
0.00
0.00
0.00
0.00
0.00
4.08
0.00
0.00
0.00
0.00
0.00
0.00
0.00
4.88
0.00
7.68
8.09
0.00
0.00
0.00
14.75
9.24
12.18
3.32
11.45
6.04
2.57
3.51
0.00
0.00
0.00
8.79
13.45
18.41
36.49
23.87
15.74
7.37
0.00
0.00
17.07
3.98
3.98
8.10
17.66
17.14
12.28
0.00
4.83
4.83
0.00
0.00
2.18
6.97
0.00
9.38
0.00
22.10
29.97
40.04
35.47
6.46
5.04
15.92
0.00
0.00
38.62
55.49
27.30
0.00
10.74
37.21
8.28
10.74
12.37
8.28
10.74
8.28
0.00
0.00
0.00
0.00
6.46
9.72
18.21
15.45
15.45
14.62
12.66
6.75
6.75
6.75
0.00
0.00
0.00
6.75
23.56
33.94
0.00
0.00
13.61
0.00
20.77
6.75
8.91
15.20
49.07
68.33
66.78
51.66
43.38
44.59
51.91
34.09
15.72
17.49
30.23
30.71
25.89
0.00
0.00
39.07
11.77
11.77
13.04
15.23
14.05
8.29
27.75
18.77
17.27
25.89
11.33
7.45
4.95
0.00
0.00
0.00
0.00
0.00
0.00
0.00
0.00
0.00
0.00
8.29
10.35
9.79
7.45
12.18
17.41
18.39
23.42
25.25
21.94
20.03
20.03
14.15
16.15
16.55
30.29
0.00
26.44
0.00
17.14
20.74
25.07
0.00
12.18
10.22
14.62
32.83
21.66
21.80
28.05
0.00
0.00
0.00
0.00
0.00
0.00
0.00
0.00
0.00
0.00
0.00
34.32
0.00
0.00
34.32
34.32
34.32
34.32
34.32
34.32
0.00
0.00
0.00
0.00
0.00
0.00
0.00
34.32
34.32
0.00
0.00
0.00
0.00
34.32
0.00
0.00
0.00
0.00
0.00
52.70
52.70
0.00
0.00
0.00
0.00
0.00
0.00
0.00
0.00
0.00
52.70
52.70
0.00
0.00
0.00
0.00
0.00
0.00
52.70
0.00
0.00
0.00
0.00
0.00
0.00
0.00
0.00
0.00
0.00
0.00
0.00
56.16
0.00
0.00
0.00
0.00
0.00
0.00
0.00
0.00
0.00
0.00
0.00
0.00
0.00
0.00
0.00
0.00
0.00
0.00
0.00
0.00
0.00
0.00
0.00
0.00
3.60
3.60
3.60
3.60
3.60
3.60
3.60
3.60
3.60
3.60
3.60
3.60
3.60
3.60
3.60
3.60
3.60
3.60
3.60
3.60
3.60
3.60
3.60
3.60
3.60
3.60
3.60
3.60
3.60
3.60
3.60
1.31
1.31
1.31
1.31
1.31
1.31
1.31
1.31
1.31
1.31
1.31
1.31
1.31
1.31
1.31
1.31
1.31
1.31
1.31
1.31
1.31
1.31
1.31
1.31
1.31
1.31
1.31
1.31
1.31
1.31
1.31
0.00
0.00
0.00
0.00
0.00
0.00
0.00
0.00
0.00
0.00
0.00
0.00
14.43
14.43
14.43
0.00
14.43
14.43
14.43
14.43
14.43
14.43
14.43
14.43
0.00
0.00
0.00
14.43
10.07
9.24
6.73
6.73
4.08
4.88
19.68
18.80
7.46
9.24
11.98
10.07
9.91
16.56
12.79
4.50
4.19
0.00
0.00
0.00
5.27
6.61
2.13
0.00
0.00
0.00
0.00
0.00
0.00
0.00
0.00
9.69
9.38
14.32
11.42
3.98
0.00
13.25
0.00
0.00
0.00
0.00
0.00
0.00
0.00
0.00
0.00
13.07
11.20
19.41
17.41
10.97
22.52
28.88
46.45
31.06
40.44
23.52
0.00
0.00
0.00
0.00
0.00
0.00
0.00
0.00
0.00
0.00
0.00
0.00
0.00
0.00
0.00
0.00
0.00
0.00
24.94
39.80
13.14
12.37
0.00
0.00
7.47
26.92
50.47
0.00
6.46
0.00
5.04
6.46
9.72
13.77
17.17
10.38
10.78
7.49
8.01
31.92
23.65
0.00
6.04
11.91
25.27
8.91
8.01
6.75
12.17
13.17
52.12
60.10
32.91
25.60
9.69
3.96
5.17
0.00
0.00
6.75
11.64
8.48
3.96
0.00
0.00
0.00
0.00
0.00
8.29
14.05
10.86
0.00
9.79
33.95
56.83
85.20
40.36
22.94
14.66
14.05
8.29
18.96
0.00
0.00
0.00
23.52
31.95
33.19
17.97
0.00
11.33
18.77
23.22
22.38
29.42
14.62
0.00
0.00
0.00
25.36
0.00
15.44
18.16
29.40
26.91
24.29
22.20
28.43
18.39
14.62
0.00
0.00
0.00
12.18
28.43
18.39
12.18
0.00
0.00
0.00
0.00
13.04
12.18
8.58
10.22
10.22
0.00
0.00
0.00
0.00
0.00
0.00
34.32
34.32
0.00
0.00
0.00
0.00
0.00
0.00
0.00
0.00
34.32
0.00
0.00
0.00
0.00
0.00
0.00
0.00
0.00
34.32
34.32
0.00
34.32
0.00
52.70
52.70
0.00
0.00
52.70
52.70
0.00
0.00
0.00
0.00
0.00
0.00
0.00
0.00
0.00
0.00
52.70
52.70
0.00
0.00
0.00
0.00
0.00
0.00
0.00
0.00
0.00
0.00
0.00
0.00
0.00
0.00
0.00
0.00
0.00
0.00
0.00
0.00
56.16
0.00
0.00
0.00
0.00
0.00
0.00
0.00
0.00
0.00
0.00
0.00
0.00
0.00
0.00
0.00
0.00
56.16
56.16
0.00
0.00
0.00
0.00
3.60
3.60
3.60
3.60
3.60
3.60
3.60
3.60
3.60
3.60
3.60
3.60
3.60
3.60
3.60
3.60
3.60
3.60
3.60
3.60
3.60
3.60
3.60
3.60
3.60
3.60
3.60
3.60
3.60
3.60
3.60
1.31
1.31
1.31
1.31
1.31
1.31
1.31
1.31
1.31
1.31
1.31
1.31
1.31
1.31
1.31
1.31
1.31
1.31
1.31
1.31
1.31
1.31
1.31
1.31
1.31
1.31
1.31
1.31
1.31
1.31
1.31
0.00
0.00
0.00
0.00
0.00
0.00
0.00
0.00
0.00
0.00
0.00
0.00
0.00
0.00
0.00
14.43
14.43
0.00
0.00
0.00
0.00
0.00
0.00
14.43
0.00
0.00
0.00
0.00
0.00
0.00
0.00
0.00
0.00
0.00
1.56
10.53
4.88
0.00
0.00
0.00
0.00
0.00
0.00
0.00
0.00
0.00
0.00
0.00
0.00
0.00
2.93
0.00
0.00
0.00
0.00
0.00
0.00
0.00
17.71
16.88
40.26
43.77
35.99
11.66
10.15
3.98
19.41
25.68
34.83
34.91
23.91
11.87
15.88
0.00
0.00
0.00
0.00
0.00
0.00
0.00
8.10
10.74
9.96
0.00
0.00
0.00
6.47
0.00
0.00
0.00
0.00
0.00
0.00
0.00
0.00
20.71
21.84
0.00
0.00
20.42
0.00
0.00
0.00
0.00
19.77
33.31
19.77
9.72
6.46
0.00
0.00
0.00
6.46
9.13
18.03
16.59
21.44
50.74
37.31
34.77
50.62
29.42
12.17
0.00
5.17
5.17
0.00
5.17
6.75
0.00
0.00
0.00
0.00
3.96
3.96
6.75
8.01
11.08
10.38
8.91
0.00
6.75
13.17
9.32
10.78
8.01
5.17
5.17
10.38
11.08
12.66
34.88
26.90
26.47
25.55
33.04
39.81
40.90
37.19
32.26
27.11
53.95
79.90
60.34
17.65
11.77
0.00
4.95
13.39
15.83
15.83
14.05
14.05
10.35
4.95
0.00
24.04
36.56
16.33
22.80
21.29
24.16
35.13
24.39
24.70
18.39
16.15
14.62
10.22
12.18
12.18
13.04
19.29
21.94
25.07
30.41
28.69
26.44
19.67
29.40
35.16
43.53
42.81
29.29
19.29
14.62
13.63
13.63
15.44
16.15
28.30
29.86
20.03
34.32
0.00
0.00
34.32
0.00
0.00
0.00
0.00
0.00
0.00
0.00
0.00
34.32
34.32
34.32
0.00
34.32
0.00
34.32
34.32
34.32
34.32
0.00
0.00
0.00
34.32
0.00
0.00
0.00
0.00
0.00
0.00
0.00
0.00
0.00
0.00
0.00
0.00
0.00
0.00
0.00
52.70
52.70
52.70
0.00
0.00
0.00
52.70
52.70
52.70
52.70
52.70
0.00
0.00
0.00
0.00
0.00
0.00
0.00
0.00
0.00
0.00
0.00
0.00
0.00
0.00
0.00
0.00
0.00
0.00
0.00
0.00
0.00
0.00
0.00
0.00
0.00
0.00
0.00
0.00
0.00
0.00
0.00
0.00
0.00
0.00
0.00
0.00
0.00
0.00
0.00
3.60
3.60
3.60
3.60
3.60
3.60
3.60
3.60
3.60
3.60
3.60
3.60
3.60
3.60
3.60
3.60
3.60
3.60
3.60
3.60
3.60
3.60
3.60
3.60
3.60
3.60
3.60
3.60
3.60
3.60
3.60
1.31
1.31
1.31
1.31
1.31
1.31
1.31
1.31
1.31
1.31
1.31
1.31
1.31
1.31
1.31
1.31
1.31
1.31
1.31
1.31
1.31
1.31
1.31
1.31
1.31
1.31
1.31
1.31
1.31
1.31
1.31
0.00
0.00
0.00
0.00
0.00
0.00
0.00
0.00
0.00
0.00
0.00
0.00
0.00
0.00
0.00
0.00
0.00
14.43
0.00
0.00
0.00
0.00
0.00
0.00
0.00
0.00
0.00
0.00
0.00
0.00
5.75
0.00
9.41
27.30
19.37
0.00
0.00
0.00
0.00
0.00
0.00
0.00
0.00
2.93
20.17
26.46
18.38
0.00
4.08
0.00
0.00
0.00
0.00
0.00
0.00
17.05
2.93
2.93
0.00
0.00
0.00
0.00
0.00
0.00
8.10
13.07
22.24
15.13
9.38
5.45
5.45
0.00
5.45
0.00
0.00
10.46
7.37
0.00
0.00
0.00
0.00
0.00
15.28
12.23
0.00
0.00
18.65
0.00
0.00
0.00
0.00
0.00
0.00
0.00
0.00
0.00
0.00
0.00
0.00
0.00
0.00
0.00
10.74
0.00
8.28
28.18
56.20
60.66
39.25
14.88
42.67
16.04
17.16
37.26
15.92
12.00
6.46
0.00
0.00
8.28
6.75
6.75
19.35
18.86
10.38
10.38
13.61
15.89
16.87
10.78
6.75
8.91
6.75
0.00
0.00
5.17
9.69
8.01
10.38
18.44
18.98
18.98
16.25
11.08
14.02
22.44
22.03
26.83
14.02
6.75
9.79
8.29
8.29
0.00
0.00
0.00
4.95
8.29
11.77
8.29
17.49
30.41
26.23
36.95
23.22
29.69
40.14
55.45
65.89
63.93
55.71
54.81
45.40
50.92
43.92
14.05
0.00
0.00
0.00
0.00
28.55
16.15
8.58
0.00
11.33
12.18
25.16
25.70
26.52
32.57
23.20
18.16
16.55
8.58
0.00
0.00
12.18
0.00
0.00
0.00
29.75
0.00
16.55
18.16
13.04
10.22
20.74
0.00
0.00
30.66
0.00
0.00
0.00
0.00
34.32
0.00
34.32
34.32
0.00
0.00
0.00
34.32
34.32
0.00
0.00
0.00
34.32
34.32
34.32
0.00
34.32
0.00
0.00
0.00
0.00
0.00
0.00
0.00
34.32
34.32
0.00
34.32
0.00
0.00
0.00
0.00
0.00
0.00
0.00
0.00
0.00
0.00
0.00
0.00
0.00
0.00
52.70
52.70
52.70
52.70
52.70
52.70
52.70
52.70
52.70
0.00
0.00
0.00
0.00
0.00
52.70
0.00
0.00
0.00
0.00
0.00
0.00
0.00
0.00
0.00
0.00
0.00
0.00
0.00
0.00
0.00
0.00
0.00
0.00
0.00
0.00
0.00
0.00
0.00
0.00
0.00
0.00
0.00
0.00
0.00
0.00
0.00
0.00
3.60
3.60
3.60
3.60
3.60
3.60
3.60
3.60
3.60
3.60
3.60
3.60
3.60
3.60
3.60
3.60
3.60
3.60
3.60
3.60
3.60
3.60
3.60
3.60
3.60
3.60
3.60
3.60
3.60
3.60
3.60
1.31
1.31
1.31
1.31
1.31
1.31
1.31
1.31
1.31
1.31
1.31
1.31
1.31
1.31
1.31
1.31
1.31
1.31
1.31
1.31
1.31
1.31
1.31
1.31
1.31
1.31
1.31
1.31
1.31
1.31
1.31
0.00
0.00
0.00
0.00
0.00
0.00
0.00
0.00
0.00
0.00
0.00
0.00
0.00
0.00
0.00
0.00
0.00
14.43
0.00
0.00
14.43
0.00
0.00
0.00
14.43
14.43
0.00
0.00
0.00
0.00
0.00
0.00
0.00
6.97
2.57
1.13
4.70
6.48
1.56
0.00
0.00
0.00
8.87
0.00
2.93
0.00
0.00
0.00
0.00
0.00
0.00
0.00
0.00
0.00
0.00
0.00
0.00
0.00
0.00
12.69
26.14
13.07
25.68
17.66
0.00
12.28
19.80
12.69
10.46
0.00
0.00
0.00
0.00
0.00
0.00
0.00
31.66
21.47
10.46
23.87
33.39
32.94
32.94
22.24
0.00
0.00
8.10
20.29
24.71
32.26
30.86
24.52
22.10
0.00
0.00
0.00
0.00
0.00
0.00
0.00
0.00
0.00
0.00
10.74
10.74
0.00
0.00
0.00
0.00
30.86
0.00
0.00
0.00
0.00
0.00
7.47
9.13
14.34
6.46
0.00
9.32
24.19
32.69
34.97
0.00
0.00
0.00
0.00
0.00
25.60
52.78
58.06
47.45
40.80
23.39
25.91
23.91
16.25
17.17
18.31
8.91
6.75
6.75
6.75
6.75
15.89
8.91
6.75
12.66
24.95
29.14
41.70
47.14
19.39
14.66
0.00
0.00
0.00
0.00
18.17
10.86
14.05
10.86
8.29
11.77
9.79
6.41
6.41
9.79
6.41
6.41
12.18
13.04
12.18
12.57
6.41
0.00
0.00
0.00
0.00
0.00
0.00
0.00
0.00
0.00
0.00
0.00
0.00
42.52
27.77
0.00
30.71
8.58
0.00
0.00
0.00
0.00
0.00
0.00
0.00
35.47
24.70
38.31
18.88
11.33
12.18
31.16
20.03
15.44
16.55
0.00
0.00
0.00
34.32
34.32
34.32
34.32
0.00
0.00
0.00
0.00
0.00
0.00
0.00
0.00
0.00
0.00
0.00
0.00
0.00
34.32
34.32
34.32
34.32
0.00
0.00
0.00
0.00
0.00
0.00
0.00
0.00
0.00
0.00
0.00
0.00
0.00
0.00
0.00
0.00
0.00
52.70
0.00
0.00
52.70
0.00
52.70
52.70
52.70
0.00
0.00
0.00
0.00
0.00
52.70
52.70
0.00
52.70
52.70
52.70
0.00
0.00
0.00
0.00
0.00
0.00
0.00
0.00
0.00
0.00
0.00
0.00
0.00
0.00
0.00
0.00
0.00
0.00
0.00
0.00
0.00
0.00
0.00
0.00
0.00
56.16
0.00
0.00
0.00
0.00
0.00
0.00
0.00
3.60
3.60
3.60
3.60
3.60
3.60
3.60
3.60
3.60
3.60
3.60
3.60
3.60
3.60
3.60
3.60
3.60
3.60
3.60
3.60
3.60
3.60
3.60
3.60
3.60
3.60
3.60
3.60
3.60
3.60
3.60
1.31
1.31
1.31
1.31
1.31
1.31
1.31
1.31
1.31
1.31
1.31
1.31
1.31
1.31
1.31
1.31
1.31
1.31
1.31
1.31
1.31
1.31
1.31
1.31
1.31
1.31
1.31
1.31
1.31
1.31
1.31
0.00
0.00
0.00
0.00
0.00
0.00
0.00
0.00
0.00
0.00
0.00
0.00
0.00
0.00
0.00
0.00
0.00
0.00
0.00
0.00
14.43
14.43
0.00
14.43
0.00
14.43
14.43
0.00
0.00
0.00
0.00
0.00
0.00
4.88
0.00
0.00
4.88
8.50
2.93
20.78
17.91
7.32
16.70
18.03
21.05
16.04
12.68
6.85
10.53
16.88
13.26
11.45
12.73
10.57
0.00
0.00
7.57
10.75
9.65
14.32
11.31
9.16
18.59
24.30
27.04
24.49
6.24
33.56
39.57
17.28
18.65
21.27
12.08
18.30
17.80
27.41
18.89
0.00
3.98
19.35
15.13
0.00
0.00
0.00
0.00
0.00
0.00
10.46
0.00
0.00
0.00
13.77
14.88
0.00
0.00
0.00
0.00
0.00
20.42
28.01
36.57
38.43
38.03
37.82
8.28
10.74
10.74
9.72
13.77
26.18
15.92
15.92
17.65
17.65
18.39
10.74
10.74
12.37
14.34
10.74
0.00
0.00
3.96
29.86
39.24
49.95
46.37
30.52
41.98
66.85
34.04
19.85
21.63
17.77
35.03
65.45
70.08
78.01
49.40
34.39
32.15
39.87
41.65
40.49
26.52
25.91
26.52
24.27
24.36
28.23
28.14
29.14
28.46
32.97
36.16
43.15
44.67
41.23
21.13
20.10
8.29
13.39
10.86
18.96
20.44
28.74
30.77
30.24
41.59
27.11
33.65
24.45
27.55
33.36
28.36
33.79
37.25
32.11
0.00
30.15
32.82
31.36
27.57
17.41
0.00
0.00
12.18
0.00
0.00
0.00
14.62
32.31
28.30
12.18
33.32
0.00
0.00
0.00
0.00
26.76
26.44
24.19
23.42
23.42
33.71
28.63
21.94
18.16
17.92
20.20
20.41
0.00
0.00
0.00
0.00
0.00
0.00
0.00
0.00
0.00
0.00
0.00
34.32
0.00
0.00
0.00
0.00
34.32
34.32
34.32
34.32
0.00
0.00
0.00
0.00
0.00
0.00
0.00
0.00
0.00
0.00
34.32
52.70
52.70
52.70
52.70
0.00
0.00
0.00
52.70
52.70
0.00
0.00
0.00
52.70
52.70
52.70
52.70
0.00
0.00
0.00
0.00
0.00
0.00
0.00
0.00
0.00
0.00
0.00
0.00
0.00
0.00
0.00
0.00
0.00
0.00
0.00
0.00
0.00
56.16
56.16
56.16
0.00
0.00
0.00
0.00
0.00
0.00
0.00
0.00
0.00
0.00
0.00
0.00
0.00
0.00
0.00
0.00
0.00
0.00
0.00
0.00
0.00
3.60
3.60
3.60
3.60
3.60
3.60
3.60
3.60
3.60
3.60
3.60
3.60
3.60
3.60
3.60
3.60
3.60
3.60
3.60
3.60
3.60
3.60
3.60
3.60
3.60
3.60
3.60
3.60
3.60
3.60
3.60
1.31
1.31
1.31
1.31
1.31
1.31
1.31
1.31
1.31
1.31
1.31
1.31
1.31
1.31
1.31
1.31
1.31
1.31
1.31
1.31
1.31
1.31
1.31
1.31
1.31
1.31
1.31
1.31
1.31
1.31
1.31
0.00
0.00
0.00
0.00
0.00
0.00
14.43
0.00
0.00
14.43
14.43
14.43
14.43
14.43
14.43
14.43
0.00
0.00
0.00
0.00
14.43
0.00
0.00
0.00
14.43
14.43
14.43
14.43
0.00
0.00
0.00
0.00
0.00
0.00
0.00
0.00
4.08
4.08
0.00
0.00
0.00
0.00
0.00
11.38
8.09
8.50
6.73
8.50
22.44
6.73
10.22
23.62
16.54
8.87
5.59
3.59
2.13
7.21
4.08
4.08
0.00
10.97
15.45
19.91
10.97
0.00
0.00
0.00
0.00
0.00
6.47
37.80
56.92
27.04
0.00
0.00
0.00
0.00
9.96
13.07
13.45
23.34
27.48
23.34
18.16
15.13
11.87
27.91
29.01
0.00
0.00
0.00
24.52
13.77
35.69
10.74
20.12
29.82
39.00
22.88
0.00
0.00
0.00
0.00
0.00
0.00
24.06
0.00
8.28
10.74
33.11
52.83
65.11
62.36
64.43
42.71
30.57
31.72
31.99
29.97
10.74
17.77
11.64
8.01
17.49
0.00
0.00
12.41
15.20
11.64
8.91
15.20
15.89
24.60
47.45
46.97
33.84
15.89
17.77
15.20
34.44
21.20
24.27
48.27
67.66
57.45
42.79
60.28
71.34
64.48
58.88
66.88
57.77
35.10
36.68
32.11
22.38
24.57
15.23
18.96
43.15
46.97
30.06
28.93
24.04
22.94
22.94
19.57
13.72
8.29
0.00
0.00
0.00
0.00
6.41
11.33
10.86
8.29
12.57
15.23
10.86
10.86
16.15
12.18
0.00
0.00
0.00
0.00
0.00
0.00
0.00
0.00
19.29
12.18
0.00
0.00
0.00
0.00
0.00
0.00
26.84
0.00
0.00
0.00
0.00
15.05
14.62
10.22
0.00
0.00
0.00
0.00
0.00
0.00
0.00
0.00
0.00
0.00
34.32
34.32
34.32
34.32
34.32
34.32
34.32
34.32
34.32
34.32
34.32
34.32
34.32
34.32
0.00
0.00
0.00
0.00
0.00
0.00
0.00
0.00
0.00
0.00
0.00
0.00
0.00
0.00
0.00
0.00
0.00
0.00
52.70
52.70
0.00
0.00
0.00
0.00
0.00
0.00
0.00
0.00
0.00
0.00
0.00
0.00
0.00
0.00
0.00
0.00
0.00
0.00
0.00
0.00
0.00
0.00
0.00
0.00
0.00
56.16
56.16
0.00
0.00
0.00
0.00
0.00
0.00
0.00
0.00
0.00
0.00
0.00
0.00
0.00
0.00
0.00
56.16
0.00
0.00
0.00
0.00
0.00
0.00
0.00
0.00
0.00
3.60
3.60
3.60
3.60
3.60
3.60
3.60
3.60
3.60
3.60
3.60
3.60
3.60
3.60
3.60
3.60
3.60
3.60
3.60
3.60
3.60
3.60
3.60
3.60
3.60
3.60
3.60
3.60
3.60
3.60
3.60
1.31
1.31
1.31
1.31
1.31
1.31
1.31
1.31
1.31
1.31
1.31
1.31
1.31
1.31
1.31
1.31
1.31
1.31
1.31
1.31
1.31
1.31
1.31
1.31
1.31
1.31
1.31
1.31
1.31
1.31
1.31
0.00
0.00
0.00
14.43
14.43
0.00
0.00
14.43
14.43
0.00
0.00
0.00
0.00
0.00
14.43
14.43
14.43
0.00
0.00
14.43
0.00
0.00
0.00
14.43
14.43
14.43
0.00
0.00
17.71
27.58
11.92
7.21
9.57
9.91
9.57
2.93
0.00
0.00
2.93
4.88
8.09
9.57
8.09
6.97
9.83
10.22
10.14
10.14
26.41
15.24
18.18
15.62
23.85
21.88
14.24
14.85
8.50
15.24
22.44
17.92
7.37
0.00
0.00
0.00
0.00
0.00
6.47
11.87
8.79
13.07
12.69
7.37
10.97
16.88
37.33
42.94
21.85
32.94
24.55
23.34
14.16
30.18
21.07
5.45
21.66
28.74
20.54
15.59
0.00
0.00
13.77
0.00
14.88
0.00
0.00
0.00
0.00
0.00
16.37
19.77
35.01
36.57
54.97
53.91
50.62
45.91
49.96
58.83
51.97
21.58
53.08
49.40
44.59
33.05
14.88
8.28
0.00
0.00
0.00
0.00
0.00
17.49
6.75
12.66
12.66
8.01
8.01
5.17
0.00
11.36
20.99
0.00
0.00
0.00
0.00
0.00
0.00
0.00
0.00
0.00
0.00
0.00
8.91
10.38
6.75
0.00
0.00
0.00
8.01
6.75
0.00
0.00
0.00
0.00
0.00
0.00
0.00
0.00
8.29
6.41
50.78
32.11
33.95
26.90
0.00
0.00
0.00
0.00
20.44
19.92
32.19
32.89
21.13
32.42
49.10
75.22
94.90
63.22
47.81
23.52
15.23
27.90
12.18
0.00
0.00
20.74
0.00
0.00
24.48
21.05
10.22
10.22
13.04
15.81
14.15
10.22
0.00
29.64
32.18
0.00
8.58
10.22
12.18
28.93
12.18
0.00
0.00
0.00
0.00
0.00
28.93
32.83
0.00
0.00
0.00
0.00
0.00
0.00
0.00
0.00
0.00
34.32
34.32
34.32
34.32
34.32
34.32
34.32
34.32
34.32
0.00
0.00
0.00
0.00
0.00
0.00
0.00
0.00
0.00
0.00
0.00
0.00
0.00
0.00
0.00
0.00
0.00
0.00
0.00
0.00
0.00
0.00
0.00
0.00
0.00
0.00
0.00
52.70
52.70
52.70
52.70
52.70
52.70
52.70
0.00
0.00
52.70
0.00
0.00
0.00
0.00
0.00
0.00
0.00
0.00
0.00
0.00
0.00
0.00
0.00
0.00
0.00
0.00
0.00
0.00
0.00
0.00
0.00
0.00
0.00
0.00
0.00
0.00
0.00
0.00
0.00
0.00
0.00
0.00
0.00
0.00
0.00
0.00
3.60
3.60
3.60
3.60
3.60
3.60
3.60
3.60
3.60
3.60
3.60
3.60
3.60
3.60
3.60
3.60
3.60
3.60
3.60
3.60
3.60
3.60
3.60
3.60
3.60
3.60
3.60
3.60
3.60
3.60
3.60
1.31
1.31
1.31
1.31
1.31
1.31
1.31
1.31
1.31
1.31
1.31
1.31
1.31
1.31
1.31
1.31
1.31
1.31
1.31
1.31
1.31
1.31
1.31
1.31
1.31
1.31
1.31
1.31
1.31
1.31
1.31
14.43
14.43
14.43
0.00
14.43
14.43
0.00
0.00
0.00
0.00
0.00
0.00
0.00
0.00
0.00
0.00
0.00
0.00
14.43
0.00
14.43
14.43
14.43
14.43
0.00
0.00
0.00
0.00
0.00
21.57
17.26
15.97
0.00
0.00
0.00
0.00
0.00
0.00
0.00
4.08
0.00
14.44
17.71
0.00
0.00
0.00
0.00
0.00
0.00
0.00
0.00
0.00
0.00
5.10
7.46
7.46
8.09
6.73
7.68
0.00
13.80
3.98
0.00
0.00
0.00
0.00
8.10
18.89
0.00
8.47
8.79
21.76
0.00
10.97
0.00
0.00
0.00
31.06
51.00
29.07
21.76
21.85
11.42
25.68
0.00
10.97
9.96
0.00
0.00
0.00
0.00
18.39
32.52
22.10
21.58
10.74
8.28
10.74
0.00
0.00
9.72
14.88
0.00
0.00
0.00
0.00
27.12
0.00
0.00
0.00
0.00
0.00
6.46
11.60
7.47
6.46
9.13
8.28
0.00
25.15
38.29
10.04
27.61
6.75
7.49
0.00
0.00
8.91
0.00
0.00
0.00
0.00
6.75
8.91
12.66
10.38
0.00
0.00
0.00
0.00
22.44
0.00
0.00
0.00
6.75
15.20
10.38
6.75
0.00
32.58
16.57
13.39
8.29
6.41
0.00
35.16
28.93
6.41
0.00
0.00
8.29
10.86
20.81
36.95
25.67
27.21
27.85
27.55
9.18
4.95
8.29
7.45
4.95
4.95
11.77
15.23
14.66
19.75
26.23
23.78
19.39
21.20
27.50
44.43
46.53
38.59
48.62
38.01
30.81
31.31
27.06
25.44
0.00
0.00
0.00
0.00
10.22
8.58
0.00
0.00
30.29
0.00
0.00
0.00
0.00
0.00
0.00
0.00
29.98
24.89
39.18
35.83
34.32
34.32
0.00
0.00
0.00
0.00
0.00
34.32
34.32
34.32
0.00
0.00
0.00
0.00
0.00
34.32
34.32
34.32
34.32
0.00
0.00
0.00
0.00
0.00
0.00
34.32
34.32
34.32
34.32
0.00
0.00
0.00
52.70
0.00
0.00
0.00
0.00
0.00
52.70
52.70
52.70
0.00
0.00
0.00
0.00
0.00
0.00
0.00
0.00
0.00
0.00
0.00
0.00
0.00
0.00
0.00
0.00
0.00
0.00
0.00
0.00
0.00
56.16
56.16
56.16
56.16
56.16
0.00
0.00
0.00
0.00
0.00
0.00
0.00
0.00
0.00
0.00
0.00
0.00
0.00
0.00
0.00
0.00
56.16
56.16
56.16
56.16
0.00
0.00
0.00
0.00
3.60
3.60
3.60
3.60
3.60
3.60
3.60
3.60
3.60
3.60
3.60
3.60
3.60
3.60
3.60
3.60
3.60
3.60
3.60
3.60
3.60
3.60
3.60
3.60
3.60
3.60
3.60
3.60
3.60
3.60
3.60
1.31
1.31
1.31
1.31
1.31
1.31
1.31
1.31
1.31
1.31
1.31
1.31
1.31
1.31
1.31
1.31
1.31
1.31
1.31
1.31
1.31
1.31
1.31
1.31
1.31
1.31
1.31
1.31
1.31
1.31
1.31
14.43
14.43
0.00
0.00
0.00
0.00
0.00
14.43
0.00
0.00
0.00
0.00
0.00
0.00
0.00
0.00
0.00
0.00
0.00
0.00
0.00
0.00
0.00
0.00
0.00
0.00
0.00
14.43
8.31
3.59
0.00
0.00
5.59
3.59
0.00
8.09
0.00
0.00
0.00
0.00
0.00
0.00
0.00
0.00
0.00
0.00
0.00
0.00
10.68
11.52
9.24
6.18
0.00
0.00
0.00
0.00
5.59
23.74
16.35
30.93
34.48
17.92
19.80
16.04
0.00
0.00
0.00
0.00
0.00
0.00
0.00
0.00
15.74
13.80
16.88
0.00
10.21
6.24
0.00
0.00
13.25
10.74
0.00
0.00
0.00
0.00
0.00
0.00
0.00
0.00
0.00
9.13
22.64
15.92
19.12
24.06
0.00
32.26
24.63
27.65
31.15
9.13
0.00
0.00
0.00
0.00
25.05
9.13
5.04
5.04
21.71
20.12
35.29
35.12
44.40
56.62
78.34
61.92
51.83
39.71
16.25
0.00
20.31
15.89
6.75
16.57
6.75
8.01
15.72
10.38
12.17
15.89
40.11
68.96
59.77
60.31
58.78
37.22
12.66
0.00
0.00
6.75
11.64
30.29
27.41
33.22
59.96
62.37
63.26
61.85
68.22
87.62
77.85
72.17
70.45
62.44
66.95
60.42
40.58
45.49
31.69
13.39
6.41
0.00
0.00
0.00
17.76
6.41
15.23
14.05
4.95
9.79
17.27
10.86
4.95
18.17
28.14
15.57
11.77
4.95
0.00
14.62
15.44
21.94
18.39
21.34
40.02
52.93
49.24
36.49
27.36
28.43
0.00
0.00
0.00
0.00
25.07
21.34
31.11
12.18
19.67
27.57
0.00
11.33
19.09
10.22
8.58
0.00
0.00
0.00
24.89
0.00
0.00
0.00
0.00
0.00
0.00
0.00
34.32
0.00
34.32
0.00
0.00
34.32
0.00
0.00
0.00
0.00
0.00
0.00
34.32
0.00
0.00
0.00
0.00
0.00
0.00
0.00
0.00
0.00
0.00
0.00
0.00
0.00
0.00
52.70
0.00
0.00
0.00
0.00
0.00
0.00
0.00
0.00
52.70
52.70
52.70
0.00
0.00
0.00
0.00
0.00
0.00
0.00
0.00
0.00
0.00
0.00
0.00
0.00
0.00
0.00
0.00
0.00
0.00
0.00
0.00
0.00
0.00
0.00
0.00
0.00
0.00
0.00
56.16
56.16
56.16
56.16
0.00
0.00
0.00
0.00
0.00
0.00
0.00
0.00
0.00
0.00
0.00
0.00
0.00
0.00
0.00
3.60
3.60
3.60
3.60
3.60
3.60
3.60
3.60
3.60
3.60
3.60
3.60
3.60
3.60
3.60
3.60
3.60
3.60
3.60
3.60
3.60
3.60
3.60
3.60
3.60
3.60
3.60
3.60
3.60
3.60
3.60
1.31
1.31
1.31
1.31
1.31
1.31
1.31
1.31
1.31
1.31
1.31
1.31
1.31
1.31
1.31
1.31
1.31
1.31
1.31
1.31
1.31
1.31
1.31
1.31
1.31
1.31
1.31
1.31
1.31
1.31
1.31
0.00
0.00
0.00
0.00
0.00
0.00
0.00
0.00
0.00
0.00
0.00
0.00
0.00
0.00
0.00
0.00
14.43
14.43
14.43
14.43
0.00
0.00
14.43
14.43
14.43
14.43
14.43
14.43
14.43
17.42
4.88
0.00
0.00
12.85
0.00
0.00
0.00
0.00
0.00
0.00
0.00
0.00
0.00
12.68
20.48
2.93
1.56
0.00
2.57
0.00
0.00
0.00
3.59
0.00
0.00
0.00
0.00
0.00
4.88
8.87
10.46
8.79
14.64
15.45
9.96
7.37
6.97
17.14
10.46
0.00
12.08
9.96
12.69
17.92
0.00
0.00
10.46
17.66
12.28
5.99
0.00
0.00
0.00
0.00
0.00
12.28
0.00
0.00
8.10
11.42
32.80
21.58
8.28
28.01
14.88
22.64
10.74
26.18
19.12
0.00
0.00
0.00
0.00
0.00
0.00
0.00
0.00
0.00
0.00
0.00
0.00
0.00
0.00
0.00
0.00
0.00
0.00
6.46
10.74
24.17
39.57
31.46
56.54
66.03
67.86
31.70
8.91
0.00
0.00
0.00
0.00
5.17
0.00
0.00
3.96
10.04
0.00
0.00
0.00
0.00
0.00
0.00
0.00
0.00
14.42
15.20
14.02
13.17
0.00
5.17
9.69
16.33
14.05
14.05
8.29
6.41
0.00
0.00
0.00
0.00
21.29
3.83
4.95
0.00
0.00
38.66
35.56
40.90
32.97
36.10
37.13
22.94
14.05
11.77
16.57
9.79
11.77
16.33
19.39
21.13
17.76
16.81
13.63
0.00
0.00
0.00
0.00
12.18
0.00
14.62
17.41
14.62
16.15
12.18
12.18
0.00
17.92
20.41
19.29
17.92
15.44
10.22
8.58
0.00
0.00
31.87
23.42
22.46
29.53
0.00
0.00
0.00
26.03
34.32
34.32
0.00
0.00
0.00
0.00
0.00
0.00
0.00
0.00
0.00
0.00
0.00
0.00
0.00
34.32
34.32
34.32
34.32
34.32
34.32
34.32
0.00
0.00
0.00
0.00
0.00
0.00
34.32
0.00
52.70
52.70
52.70
0.00
0.00
0.00
0.00
0.00
0.00
52.70
52.70
52.70
52.70
0.00
0.00
0.00
0.00
0.00
0.00
0.00
0.00
0.00
0.00
0.00
0.00
0.00
0.00
0.00
0.00
0.00
0.00
0.00
0.00
56.16
56.16
0.00
56.16
0.00
0.00
0.00
0.00
0.00
56.16
0.00
0.00
0.00
56.16
56.16
0.00
0.00
0.00
0.00
0.00
0.00
0.00
0.00
0.00
0.00
0.00
0.00
0.00
3.60
3.60
3.60
3.60
3.60
3.60
3.60
3.60
3.60
3.60
3.60
3.60
3.60
3.60
3.60
3.60
3.60
3.60
3.60
3.60
3.60
3.60
3.60
3.60
3.60
3.60
3.60
3.60
3.60
3.60
3.60
1.31
1.31
1.31
1.31
1.31
1.31
1.31
1.31
1.31
1.31
1.31
1.31
1.31
1.31
1.31
1.31
1.31
1.31
1.31
1.31
1.31
1.31
1.31
1.31
1.31
1.31
1.31
1.31
1.31
1.31
1.31
0.00
0.00
0.00
0.00
0.00
0.00
0.00
0.00
0.00
0.00
0.00
0.00
0.00
0.00
0.00
0.00
0.00
0.00
0.00
0.00
0.00
0.00
0.00
0.00
0.00
0.00
14.43
0.00
3.59
10.53
27.20
42.66
26.76
8.09
33.31
28.77
25.17
13.13
21.37
14.02
4.08
4.08
37.98
31.00
17.30
23.85
32.30
19.43
0.00
0.00
0.00
0.00
9.73
0.00
4.50
0.00
17.38
14.24
7.21
16.32
0.00
0.00
0.00
0.00
0.00
0.00
10.34
37.85
36.34
43.06
16.32
15.45
29.27
15.13
22.24
27.97
10.46
26.75
28.19
29.80
30.93
23.79
6.75
0.00
0.00
0.00
0.00
10.59
7.37
6.46
39.76
10.74
33.80
36.99
8.28
0.00
0.00
0.00
19.12
20.42
25.77
11.60
10.74
43.82
55.69
45.03
55.59
45.26
48.50
60.31
25.38
8.28
0.00
0.00
0.00
0.00
0.00
0.00
0.00
22.64
5.17
0.00
0.00
33.22
12.66
0.00
17.17
14.02
20.08
14.42
11.64
10.78
10.04
12.66
6.75
3.96
0.00
39.76
27.11
40.83
21.63
20.42
17.49
10.04
8.48
7.49
0.00
9.32
15.38
19.47
26.79
21.75
25.41
23.52
21.29
18.96
21.44
20.44
22.66
24.29
34.31
47.40
27.55
21.75
43.05
35.84
25.78
25.89
0.00
4.95
0.00
6.41
9.18
14.05
15.23
11.77
8.29
10.35
13.39
13.72
13.04
12.18
25.78
13.04
0.00
13.63
13.04
12.18
0.00
36.91
33.32
15.81
14.15
17.92
0.00
8.58
0.00
0.00
8.58
10.22
0.00
0.00
0.00
0.00
12.18
12.18
13.63
16.15
17.92
18.39
14.62
0.00
0.00
34.32
34.32
34.32
0.00
34.32
34.32
34.32
34.32
34.32
34.32
0.00
0.00
0.00
0.00
0.00
0.00
0.00
0.00
0.00
0.00
0.00
0.00
0.00
0.00
0.00
34.32
34.32
34.32
0.00
0.00
0.00
0.00
52.70
52.70
52.70
0.00
0.00
0.00
0.00
0.00
0.00
0.00
0.00
52.70
0.00
0.00
0.00
0.00
0.00
52.70
0.00
52.70
52.70
0.00
0.00
0.00
0.00
0.00
0.00
0.00
0.00
0.00
0.00
0.00
0.00
0.00
0.00
0.00
0.00
0.00
0.00
56.16
56.16
56.16
0.00
0.00
0.00
0.00
0.00
0.00
0.00
0.00
0.00
0.00
0.00
0.00
0.00
0.00
0.00
0.00
3.60
3.60
3.60
3.60
3.60
3.60
3.60
3.60
3.60
3.60
3.60
3.60
3.60
3.60
3.60
3.60
3.60
3.60
3.60
3.60
3.60
3.60
3.60
3.60
3.60
3.60
3.60
3.60
3.60
3.60
3.60
1.31
1.31
1.31
1.31
1.31
1.31
1.31
1.31
1.31
1.31
1.31
1.31
1.31
1.31
1.31
1.31
1.31
1.31
1.31
1.31
1.31
1.31
1.31
1.31
1.31
1.31
1.31
1.31
1.31
1.31
1.31
0.00
0.00
0.00
0.00
14.43
14.43
14.43
14.43
0.00
0.00
0.00
0.00
0.00
0.00
0.00
0.00
0.00
0.00
0.00
14.43
14.43
14.43
14.43
14.43
0.00
0.00
0.00
14.43
0.00
0.00
0.00
3.59
0.00
0.00
6.73
0.00
6.73
10.53
10.37
1.56
0.00
4.88
0.00
0.00
9.91
0.00
0.00
0.00
0.00
2.93
3.59
15.53
32.18
42.66
12.42
6.48
4.88
8.69
37.26
57.48
18.16
14.40
27.43
33.25
14.64
6.47
0.00
29.41
16.74
0.00
0.00
0.00
0.00
0.00
0.00
0.00
0.00
0.00
12.69
8.10
0.00
0.00
15.74
13.45
9.96
24.21
7.37
0.00
0.00
0.00
0.00
0.00
0.00
0.00
0.00
0.00
0.00
58.78
70.43
60.75
51.92
32.80
0.00
8.28
12.37
57.85
50.26
21.84
0.00
0.00
0.00
0.00
0.00
0.00
10.74
8.28
8.28
24.52
0.00
31.15
35.51
26.59
21.20
24.60
36.29
40.18
33.43
32.48
33.11
16.05
8.48
9.32
5.17
5.17
12.17
6.75
13.61
15.20
12.66
0.00
0.00
0.00
0.00
6.04
9.69
10.04
10.38
9.69
12.95
14.84
18.96
18.96
16.33
15.83
14.66
10.86
14.66
24.04
26.00
22.38
21.13
26.47
21.75
18.96
12.57
8.29
20.44
17.27
8.29
0.00
0.00
0.00
0.00
0.00
9.79
4.95
0.00
0.00
0.00
4.95
0.00
15.44
27.43
28.57
26.21
21.05
17.41
25.25
12.18
10.22
0.00
10.22
23.20
34.92
36.49
42.90
41.00
31.82
0.00
0.00
25.44
26.44
0.00
0.00
0.00
0.00
21.34
0.00
35.03
0.00
0.00
0.00
0.00
0.00
34.32
0.00
0.00
0.00
0.00
0.00
0.00
0.00
34.32
0.00
0.00
0.00
0.00
0.00
0.00
34.32
34.32
0.00
34.32
0.00
0.00
34.32
0.00
0.00
0.00
0.00
0.00
0.00
0.00
0.00
0.00
52.70
0.00
0.00
0.00
0.00
52.70
52.70
52.70
0.00
0.00
0.00
0.00
0.00
0.00
52.70
52.70
0.00
0.00
0.00
0.00
0.00
0.00
0.00
0.00
0.00
0.00
0.00
0.00
0.00
0.00
0.00
0.00
0.00
0.00
0.00
0.00
0.00
0.00
0.00
0.00
0.00
0.00
0.00
0.00
0.00
0.00
0.00
0.00
0.00
56.16
56.16
56.16
0.00
0.00
0.00
0.00
0.00
0.00
3.60
3.60
3.60
3.60
3.60
3.60
3.60
3.60
3.60
3.60
3.60
3.60
3.60
3.60
3.60
3.60
3.60
3.60
3.60
3.60
3.60
3.60
3.60
3.60
3.60
3.60
3.60
3.60
3.60
3.60
3.60
1.31
1.31
1.31
1.31
1.31
1.31
1.31
1.31
1.31
1.31
1.31
1.31
1.31
1.31
1.31
1.31
1.31
1.31
1.31
1.31
1.31
1.31
1.31
1.31
1.31
1.31
1.31
1.31
1.31
1.31
1.31
0.00
0.00
0.00
0.00
0.00
0.00
0.00
0.00
0.00
0.00
0.00
0.00
0.00
0.00
0.00
0.00
0.00
0.00
0.00
0.00
0.00
14.43
14.43
14.43
14.43
14.43
14.43
0.00
0.00
0.00
0.00
0.00
0.00
0.00
0.00
0.00
0.00
0.00
0.00
4.88
0.00
0.00
0.00
0.00
0.00
0.00
0.00
0.00
0.00
0.00
0.00
0.00
0.00
0.00
0.00
0.00
0.00
0.00
0.00
0.00
0.00
0.00
6.47
0.00
11.42
13.80
31.30
36.04
22.05
0.00
0.00
0.00
0.00
0.00
5.45
0.00
10.46
16.59
21.07
14.48
0.00
12.28
8.10
3.98
0.00
7.74
5.99
3.51
0.00
0.00
0.00
8.28
25.97
28.09
15.20
10.25
5.04
5.04
0.00
26.56
12.37
26.92
13.77
12.00
0.00
5.04
21.84
11.19
14.06
8.28
25.38
19.12
21.58
24.94
14.34
10.74
10.74
10.74
14.88
42.13
60.06
26.52
18.44
32.64
31.24
32.15
33.53
23.56
12.66
3.96
6.75
10.04
5.17
8.48
10.04
12.17
17.91
16.25
32.36
23.21
23.47
7.49
5.17
20.53
8.91
8.91
14.42
8.01
8.01
9.32
12.57
13.04
10.86
9.18
7.45
10.35
12.57
22.66
7.45
4.95
0.00
9.79
14.66
18.58
19.75
17.04
10.86
10.86
29.32
15.57
36.50
16.81
19.57
17.27
28.14
17.27
37.94
46.11
37.45
18.58
29.69
39.78
42.83
36.76
29.91
28.57
22.97
8.58
0.00
10.22
32.14
0.00
0.00
0.00
0.00
0.00
0.00
24.60
33.60
11.33
14.15
15.81
23.64
12.18
0.00
0.00
0.00
26.76
0.00
12.18
0.00
0.00
0.00
0.00
0.00
0.00
0.00
0.00
0.00
0.00
0.00
0.00
0.00
0.00
34.32
0.00
34.32
34.32
34.32
0.00
34.32
0.00
0.00
0.00
0.00
0.00
0.00
0.00
0.00
0.00
0.00
0.00
0.00
0.00
0.00
52.70
0.00
0.00
52.70
0.00
0.00
0.00
52.70
52.70
52.70
0.00
0.00
0.00
0.00
0.00
0.00
0.00
0.00
52.70
0.00
0.00
0.00
0.00
0.00
0.00
0.00
0.00
0.00
56.16
56.16
56.16
56.16
56.16
0.00
0.00
0.00
0.00
0.00
0.00
56.16
56.16
0.00
0.00
0.00
0.00
0.00
0.00
0.00
0.00
0.00
0.00
0.00
0.00
0.00
0.00
0.00
0.00
0.00
3.60
3.60
3.60
3.60
3.60
3.60
3.60
3.60
3.60
3.60
3.60
3.60
3.60
3.60
3.60
3.60
3.60
3.60
3.60
3.60
3.60
3.60
3.60
3.60
3.60
3.60
3.60
3.60
3.60
3.60
3.60
1.31
1.31
1.31
1.31
1.31
1.31
1.31
1.31
1.31
1.31
1.31
1.31
1.31
1.31
1.31
1.31
1.31
1.31
1.31
1.31
1.31
1.31
1.31
1.31
1.31
1.31
1.31
1.31
1.31
1.31
1.31
0.00
14.43
14.43
14.43
14.43
0.00
0.00
0.00
14.43
0.00
0.00
14.43
14.43
0.00
0.00
0.00
0.00
0.00
0.00
0.00
0.00
14.43
14.43
0.00
0.00
0.00
0.00
0.00
0.00
4.08
4.08
0.00
0.00
0.00
0.00
0.00
0.00
0.00
0.00
4.08
4.88
4.50
8.87
11.66
2.93
9.57
6.18
4.88
0.00
0.00
0.00
12.91
25.90
13.71
6.97
0.00
33.50
14.02
21.69
15.24
13.07
0.00
0.00
3.98
6.47
0.00
0.00
13.80
24.04
22.89
20.24
0.00
0.00
0.00
10.97
14.82
0.00
0.00
0.00
0.00
9.96
19.00
26.14
16.11
9.52
0.00
11.87
11.77
2.95
17.22
39.05
16.80
14.06
0.00
0.00
0.00
0.00
6.46
31.15
20.99
34.65
30.86
23.61
8.28
0.00
0.00
0.00
0.00
0.00
0.00
0.00
30.57
29.34
31.43
8.28
0.00
0.00
0.00
0.00
20.99
0.00
0.00
6.75
32.15
26.22
20.31
11.64
11.08
6.75
6.75
8.91
0.00
0.00
0.00
11.64
19.35
22.44
38.25
42.40
26.83
21.63
10.38
5.17
8.01
5.17
0.00
26.52
26.22
0.00
0.00
0.00
0.00
0.00
0.00
27.34
15.57
17.27
11.33
24.81
16.33
26.12
16.57
27.11
28.93
10.86
13.39
15.83
15.23
13.39
10.86
6.41
0.00
0.00
0.00
0.00
0.00
0.00
0.00
0.00
0.00
0.00
0.00
0.00
0.00
0.00
0.00
0.00
31.06
10.22
14.62
20.74
33.32
33.48
24.48
23.42
22.73
26.76
28.93
12.18
0.00
0.00
27.36
0.00
0.00
0.00
0.00
0.00
28.43
0.00
0.00
0.00
0.00
0.00
0.00
0.00
0.00
0.00
0.00
34.32
34.32
34.32
34.32
0.00
0.00
0.00
0.00
0.00
34.32
34.32
0.00
0.00
0.00
0.00
0.00
34.32
0.00
0.00
0.00
0.00
0.00
0.00
34.32
34.32
52.70
0.00
52.70
52.70
52.70
0.00
0.00
0.00
0.00
0.00
0.00
52.70
52.70
52.70
52.70
0.00
0.00
0.00
0.00
0.00
52.70
52.70
52.70
0.00
0.00
0.00
0.00
0.00
0.00
0.00
0.00
0.00
0.00
0.00
0.00
0.00
0.00
0.00
0.00
0.00
0.00
0.00
0.00
0.00
0.00
0.00
0.00
0.00
0.00
0.00
0.00
0.00
0.00
0.00
0.00
0.00
0.00
0.00
0.00
56.16
56.16
3.60
3.60
3.60
3.60
3.60
3.60
3.60
3.60
3.60
3.60
3.60
3.60
3.60
3.60
3.60
3.60
3.60
3.60
3.60
3.60
3.60
3.60
3.60
3.60
3.60
3.60
3.60
3.60
3.60
3.60
3.60
1.31
1.31
1.31
1.31
1.31
1.31
1.31
1.31
1.31
1.31
1.31
1.31
1.31
1.31
1.31
1.31
1.31
1.31
1.31
1.31
1.31
1.31
1.31
1.31
1.31
1.31
1.31
1.31
1.31
1.31
1.31
0.00
0.00
0.00
0.00
0.00
0.00
0.00
0.00
0.00
0.00
0.00
0.00
0.00
0.00
0.00
0.00
0.00
0.00
0.00
0.00
0.00
0.00
0.00
0.00
0.00
14.43
14.43
14.43
0.00
8.87
15.90
19.83
0.00
2.13
0.00
4.88
2.93
0.00
0.00
0.00
19.03
12.91
16.22
4.88
15.10
14.49
15.62
9.57
8.50
11.12
11.38
16.35
25.80
22.81
4.08
4.08
4.88
0.00
12.54
41.12
24.38
30.46
25.53
14.98
10.74
15.59
13.45
19.57
13.80
17.92
13.97
0.00
0.00
0.00
0.00
0.00
0.00
0.00
21.47
13.45
0.00
0.00
0.00
0.00
0.00
0.00
0.00
0.00
0.00
0.00
0.00
0.00
0.00
0.00
0.00
0.00
0.00
0.00
0.00
0.00
0.00
50.86
63.42
38.43
30.86
49.77
55.59
45.19
6.46
6.46
47.17
96.81
48.37
27.65
30.23
11.60
0.00
0.00
11.19
20.42
20.99
5.17
6.75
12.66
14.42
6.75
11.64
13.17
12.66
8.91
8.91
9.69
12.66
12.17
11.64
17.17
8.01
22.03
28.51
25.52
13.39
27.41
8.91
0.00
6.75
12.66
23.21
21.63
24.27
27.82
26.23
41.75
50.78
60.51
28.55
0.00
0.00
28.65
4.95
14.36
20.60
22.23
30.94
25.05
30.41
24.29
21.75
16.33
8.29
10.86
0.00
11.77
10.86
21.13
24.04
25.29
46.88
59.49
70.49
67.07
86.20
64.60
63.22
53.22
50.74
47.10
48.92
40.16
37.96
30.29
21.94
16.15
13.63
10.22
0.00
0.00
28.93
0.00
0.00
8.58
0.00
0.00
0.00
0.00
0.00
0.00
10.22
12.18
0.00
0.00
12.18
27.06
34.32
34.32
0.00
0.00
0.00
0.00
0.00
0.00
0.00
0.00
0.00
34.32
34.32
34.32
34.32
0.00
0.00
0.00
34.32
0.00
0.00
0.00
0.00
0.00
0.00
0.00
0.00
34.32
0.00
0.00
0.00
0.00
0.00
0.00
0.00
0.00
52.70
52.70
0.00
52.70
52.70
52.70
52.70
52.70
52.70
0.00
0.00
0.00
0.00
0.00
0.00
0.00
0.00
0.00
0.00
0.00
0.00
0.00
0.00
0.00
0.00
0.00
56.16
56.16
56.16
56.16
0.00
0.00
0.00
0.00
0.00
56.16
56.16
0.00
0.00
0.00
0.00
0.00
0.00
0.00
0.00
0.00
0.00
0.00
0.00
0.00
0.00
0.00
0.00
0.00
0.00
3.60
3.60
3.60
3.60
3.60
3.60
3.60
3.60
3.60
3.60
3.60
3.60
3.60
3.60
3.60
3.60
3.60
3.60
3.60
3.60
3.60
3.60
3.60
3.60
3.60
3.60
3.60
3.60
3.60
3.60
3.60
1.31
1.31
1.31
1.31
1.31
1.31
1.31
1.31
1.31
1.31
1.31
1.31
1.31
1.31
1.31
1.31
1.31
1.31
1.31
1.31
1.31
1.31
1.31
1.31
1.31
1.31
1.31
1.31
1.31
1.31
1.31
0.00
0.00
0.00
14.43
14.43
14.43
14.43
14.43
0.00
0.00
0.00
0.00
0.00
0.00
0.00
0.00
0.00
0.00
0.00
0.00
0.00
0.00
0.00
0.00
0.00
0.00
0.00
14.43
0.00
0.00
0.00
4.08
2.93
27.25
14.85
0.00
13.26
0.00
0.00
6.18
0.00
0.00
0.00
4.50
9.91
10.29
0.00
15.58
12.04
7.68
0.00
11.38
8.96
10.82
1.56
0.00
0.00
0.00
0.00
0.00
0.00
0.00
0.00
0.00
0.00
0.00
0.00
0.00
0.00
0.00
0.00
0.00
8.79
0.00
6.75
6.97
8.10
0.00
20.66
23.96
7.74
12.88
0.00
0.00
0.00
0.00
0.00
0.00
0.00
0.00
0.00
0.00
0.00
0.00
8.28
8.28
10.74
12.37
8.28
0.00
0.00
0.00
0.00
29.97
13.14
29.65
39.48
36.18
47.81
51.54
41.06
31.00
26.92
15.92
14.88
24.94
52.49
62.69
83.73
75.96
70.78
79.33
77.47
49.40
34.25
18.86
10.38
6.75
24.79
22.03
25.27
38.91
24.27
19.85
11.64
11.64
22.82
21.20
19.35
18.57
22.32
22.03
10.38
0.00
0.00
11.64
15.89
20.31
14.42
16.57
64.13
77.42
72.50
65.21
39.36
36.82
62.80
41.12
11.77
0.00
0.00
0.00
0.00
0.00
0.00
0.00
0.00
0.00
0.00
0.00
0.00
25.78
6.41
4.95
0.00
0.00
6.41
8.29
8.29
8.29
12.57
16.15
16.15
27.06
31.40
32.74
31.49
28.93
29.64
30.61
19.85
14.62
21.05
27.06
14.62
14.62
24.70
21.34
19.67
14.62
0.00
19.29
0.00
0.00
0.00
0.00
0.00
0.00
0.00
0.00
0.00
0.00
34.32
34.32
34.32
34.32
34.32
0.00
0.00
0.00
0.00
0.00
0.00
0.00
0.00
0.00
34.32
0.00
0.00
0.00
0.00
34.32
34.32
34.32
34.32
0.00
0.00
0.00
0.00
34.32
0.00
0.00
0.00
0.00
0.00
0.00
0.00
0.00
0.00
0.00
52.70
0.00
0.00
0.00
52.70
52.70
0.00
0.00
0.00
0.00
0.00
0.00
0.00
0.00
0.00
0.00
0.00
0.00
0.00
0.00
0.00
0.00
0.00
0.00
0.00
0.00
0.00
0.00
0.00
0.00
0.00
0.00
0.00
0.00
0.00
0.00
0.00
0.00
0.00
0.00
0.00
0.00
0.00
0.00
0.00
0.00
0.00
0.00
0.00
0.00
0.00
0.00
0.00
3.60
3.60
3.60
3.60
3.60
3.60
3.60
3.60
3.60
3.60
3.60
3.60
3.60
3.60
3.60
3.60
3.60
3.60
3.60
3.60
3.60
3.60
3.60
3.60
3.60
3.60
3.60
3.60
3.60
3.60
3.60
1.31
1.31
1.31
1.31
1.31
1.31
1.31
1.31
1.31
1.31
1.31
1.31
1.31
1.31
1.31
1.31
1.31
1.31
1.31
1.31
1.31
1.31
1.31
1.31
1.31
1.31
1.31
1.31
1.31
1.31
1.31
0.00
0.00
0.00
0.00
0.00
0.00
0.00
0.00
0.00
0.00
0.00
0.00
0.00
0.00
0.00
0.00
0.00
0.00
14.43
14.43
0.00
0.00
14.43
0.00
0.00
0.00
0.00
0.00
0.00
0.00
0.00
0.00
0.00
19.68
11.92
0.00
6.18
3.59
11.25
7.46
11.45
29.62
44.09
38.08
24.02
16.54
8.09
4.50
2.13
7.68
0.00
0.00
0.00
0.00
0.00
0.00
16.35
29.24
21.82
23.69
12.69
0.00
0.00
0.00
0.00
0.00
0.00
0.00
15.13
22.80
0.00
12.28
14.82
19.57
0.00
0.00
0.00
16.04
0.00
3.98
16.59
12.28
0.00
0.00
0.00
0.00
0.00
0.00
14.82
8.28
25.38
19.12
31.99
29.97
34.05
26.18
31.99
8.28
0.00
12.37
0.00
15.92
26.18
42.42
31.43
30.86
59.87
42.75
31.08
12.81
31.65
12.37
14.88
12.37
11.19
13.77
17.01
12.37
8.28
10.74
15.55
36.97
45.55
29.55
15.20
12.66
14.42
14.02
10.38
24.79
38.66
34.04
27.75
15.38
19.59
31.35
32.79
35.97
44.32
37.91
20.08
24.79
33.48
30.05
27.41
27.90
29.80
23.21
24.27
33.01
47.97
70.15
76.16
46.46
34.24
28.93
23.22
16.57
24.69
27.85
9.79
12.18
14.95
12.57
7.45
13.39
14.05
11.77
9.18
4.95
0.00
0.00
0.00
0.00
0.00
26.23
0.00
0.00
0.00
0.00
0.00
16.55
17.67
27.63
21.20
23.42
20.74
26.60
0.00
0.00
18.39
21.94
18.39
13.63
10.22
13.63
15.44
17.92
15.44
12.18
12.18
17.41
12.18
32.23
42.63
31.96
13.04
0.00
20.41
26.13
0.00
0.00
0.00
0.00
0.00
0.00
0.00
0.00
0.00
0.00
0.00
0.00
0.00
0.00
34.32
0.00
0.00
0.00
0.00
0.00
34.32
34.32
0.00
0.00
0.00
0.00
0.00
0.00
0.00
0.00
34.32
0.00
0.00
0.00
52.70
52.70
52.70
52.70
0.00
0.00
0.00
0.00
0.00
0.00
0.00
0.00
0.00
0.00
0.00
52.70
0.00
0.00
0.00
0.00
0.00
0.00
0.00
0.00
0.00
0.00
0.00
0.00
0.00
0.00
0.00
0.00
0.00
0.00
0.00
0.00
0.00
0.00
0.00
0.00
0.00
0.00
0.00
0.00
0.00
0.00
0.00
0.00
0.00
0.00
0.00
0.00
0.00
0.00
0.00
0.00
0.00
0.00
0.00
3.60
3.60
3.60
3.60
3.60
3.60
3.60
3.60
3.60
3.60
3.60
3.60
3.60
3.60
3.60
3.60
3.60
3.60
3.60
3.60
3.60
3.60
3.60
3.60
3.60
3.60
3.60
3.60
3.60
3.60
3.60
1.31
1.31
1.31
1.31
1.31
1.31
1.31
1.31
1.31
1.31
1.31
1.31
1.31
1.31
1.31
1.31
1.31
1.31
1.31
1.31
1.31
1.31
1.31
1.31
1.31
1.31
1.31
1.31
1.31
1.31
1.31
0.00
0.00
0.00
0.00
0.00
0.00
0.00
14.43
14.43
0.00
14.43
14.43
14.43
0.00
0.00
0.00
0.00
0.00
0.00
0.00
14.43
14.43
14.43
14.43
14.43
14.43
14.43
14.43
14.43
9.73
9.91
0.00
0.00
8.87
0.00
12.18
8.09
9.24
9.49
6.73
21.48
25.78
31.48
2.13
8.09
11.12
6.35
2.93
20.45
19.50
17.05
0.00
2.13
0.00
0.00
13.08
10.96
11.79
3.59
0.00
0.00
0.00
0.00
8.10
0.00
0.00
11.66
9.96
0.00
8.10
14.16
11.87
6.47
14.08
25.99
11.42
3.98
0.00
0.00
0.00
5.45
0.00
0.00
0.00
0.00
0.00
17.92
11.42
18.41
23.34
59.42
43.67
36.13
35.69
22.64
8.28
0.00
0.00
20.99
0.00
0.00
0.00
0.00
19.77
23.35
7.47
8.28
8.28
10.74
10.74
12.37
14.88
0.00
0.00
0.00
26.18
0.00
6.46
5.04
0.00
0.00
3.96
5.17
7.49
24.79
11.64
6.75
0.00
16.25
25.52
6.75
3.96
7.49
9.32
24.71
24.87
21.93
25.91
8.91
12.66
14.42
11.64
16.25
17.17
32.79
42.97
56.29
68.66
79.90
67.53
65.84
70.20
43.10
19.15
0.00
4.95
9.79
16.33
22.94
32.42
28.74
39.98
35.36
27.34
47.81
41.53
54.55
76.20
93.65
90.07
49.41
30.77
47.81
35.90
79.70
75.03
0.00
0.00
0.00
0.00
0.00
0.00
0.00
0.00
0.00
8.58
0.00
0.00
12.18
13.63
12.18
10.22
15.44
17.41
15.44
0.00
12.18
14.62
16.15
20.03
29.29
19.29
10.22
0.00
0.00
19.29
38.90
0.00
0.00
0.00
0.00
20.41
35.06
0.00
34.32
0.00
0.00
0.00
34.32
34.32
34.32
34.32
34.32
34.32
0.00
0.00
0.00
34.32
34.32
0.00
0.00
0.00
0.00
0.00
0.00
34.32
34.32
34.32
34.32
0.00
0.00
0.00
0.00
0.00
0.00
0.00
0.00
0.00
0.00
0.00
0.00
0.00
0.00
0.00
0.00
0.00
0.00
0.00
0.00
0.00
0.00
0.00
0.00
0.00
0.00
0.00
0.00
0.00
0.00
0.00
0.00
0.00
0.00
0.00
0.00
56.16
0.00
0.00
0.00
0.00
0.00
56.16
56.16
56.16
0.00
0.00
0.00
0.00
0.00
0.00
0.00
0.00
0.00
0.00
0.00
0.00
56.16
0.00
0.00
0.00
0.00
0.00
0.00
0.00
3.60
3.60
3.60
3.60
3.60
3.60
3.60
3.60
3.60
3.60
3.60
3.60
3.60
3.60
3.60
3.60
3.60
3.60
3.60
3.60
3.60
3.60
3.60
3.60
3.60
3.60
3.60
3.60
3.60
3.60
3.60
1.31
1.31
1.31
1.31
1.31
1.31
1.31
1.31
1.31
1.31
1.31
1.31
1.31
1.31
1.31
1.31
1.31
1.31
1.31
1.31
1.31
1.31
1.31
1.31
1.31
1.31
1.31
1.31
1.31
1.31
1.31
0.00
0.00
0.00
0.00
14.43
0.00
0.00
0.00
0.00
0.00
14.43
0.00
0.00
14.43
14.43
14.43
0.00
14.43
14.43
14.43
14.43
14.43
14.43
14.43
14.43
14.43
0.00
0.00
2.93
21.57
7.21
4.50
6.97
2.13
0.00
7.21
10.82
0.00
0.00
0.00
0.00
0.00
0.00
4.08
7.68
13.59
6.18
27.44
0.00
7.09
6.48
6.04
1.56
12.68
5.27
8.78
2.13
0.00
5.59
10.97
3.98
0.00
9.38
10.34
2.95
0.00
12.38
6.75
3.51
7.74
5.99
3.98
10.74
2.95
0.00
9.38
26.30
2.95
12.69
22.24
0.00
12.69
19.35
0.00
5.99
15.21
0.00
0.00
0.00
0.00
0.00
31.72
30.86
47.84
62.36
47.97
66.20
42.22
64.06
27.30
33.05
0.00
8.28
13.14
13.77
13.77
12.37
10.74
13.77
11.60
34.89
39.10
32.26
42.71
59.96
41.20
49.14
30.71
21.84
38.43
23.74
20.31
39.40
41.83
47.57
50.17
65.95
34.54
20.31
15.20
14.61
22.23
22.03
15.20
11.64
6.75
0.00
0.00
0.00
0.00
0.00
0.00
0.00
0.00
0.00
0.00
16.57
5.17
6.04
12.66
16.08
18.17
16.33
0.00
33.65
10.86
8.29
7.45
0.00
0.00
0.00
17.76
0.00
0.00
20.60
0.00
0.00
9.18
9.18
4.95
0.00
0.00
0.00
0.00
0.00
9.79
11.33
11.33
10.86
7.45
0.00
13.63
17.41
17.41
21.34
28.81
29.75
50.67
54.31
36.88
38.62
0.00
0.00
0.00
0.00
0.00
0.00
0.00
0.00
22.73
8.58
12.18
13.63
13.04
11.33
0.00
0.00
0.00
22.73
33.40
0.00
0.00
0.00
0.00
0.00
0.00
34.32
34.32
34.32
34.32
34.32
34.32
0.00
0.00
0.00
34.32
0.00
0.00
0.00
0.00
0.00
34.32
0.00
0.00
0.00
0.00
0.00
0.00
0.00
34.32
34.32
34.32
0.00
0.00
0.00
0.00
0.00
0.00
0.00
0.00
0.00
0.00
0.00
52.70
0.00
0.00
0.00
0.00
0.00
0.00
0.00
0.00
0.00
0.00
0.00
0.00
0.00
0.00
0.00
0.00
0.00
52.70
0.00
0.00
0.00
0.00
0.00
0.00
56.16
56.16
0.00
0.00
0.00
0.00
0.00
0.00
0.00
0.00
0.00
0.00
0.00
0.00
0.00
0.00
0.00
0.00
0.00
0.00
0.00
0.00
0.00
0.00
0.00
3.60
3.60
3.60
3.60
3.60
3.60
3.60
3.60
3.60
3.60
3.60
3.60
3.60
3.60
3.60
3.60
3.60
