19710101
0.00
0.00
0.00
0.00
0.00
0.00
0.00
0.00
0.00
0.00
0.00
0.00
0.00
0.00
0.00
0.00
0.00
0.00
0.00
0.00
0.00
0.00
0.00
0.00
0.00
0.00
0.00
0.00
0.00
0.00
0.00
0.00
0.00
0.00
0.00
0.00
0.00
0.00
0.00
9.30
9.30
0.00
0.00
9.30
0.00
0.00
9.30
9.30
9.30
0.00
9.30
9.30
9.30
9.30
0.00
0.00
9.30
9.30
0.00
0.00
6.68
8.59
0.00
0.00
0.00
0.00
1.73
0.00
0.00
0.00
0.00
9.18
0.00
0.00
0.00
0.00
0.00
4.64
7.38
8.73
0.00
0.00
1.73
6.26
18.50
14.92
0.00
0.00
1.73
4.78
0.00
0.67
1.87
17.97
17.17
8.42
0.00
0.00
4.28
10.71
0.21
0.00
0.00
0.21
0.00
0.00
5.81
3.49
0.00
6.07
7.39
4.78
0.00
0.00
0.00
0.00
0.00
0.00
0.00
0.67
2.16
2.82
3.06
7.39
1.20
5.79
12.31
8.04
0.00
0.00
0.00
0.00
4.66
12.13
14.49
0.00
0.00
0.00
4.86
4.54
13.90
5.79
8.97
6.84
2.50
4.14
6.73
7.06
0.00
0.00
0.00
0.00
0.00
0.00
0.94
0.00
7.64
3.97
2.94
3.28
8.09
15.18
12.91
10.17
17.79
15.16
19.21
8.36
4.92
0.00
0.00
2.18
2.43
40.02
31.82
34.44
33.21
9.20
10.45
1.76
15.16
15.09
53.70
35.47
53.77
30.12
21.40
25.79
7.46
0.00
0.00
0.00
0.00
0.00
0.00
0.00
0.00
0.00
0.00
0.00
0.00
0.00
0.00
0.00
12.71
11.61
0.00
11.67
17.53
0.00
0.00
3.95
11.93
11.30
7.01
31.73
16.58
18.32
17.48
8.11
3.12
2.81
0.01
0.05
0.12
10.25
0.00
0.02
0.00
2.77
28.68
6.70
21.87
6.10
0.24
0.00
1.13
35.93
25.91
0.00
0.00
0.00
0.83
0.00
0.00
0.00
2.00
4.03
0.13
8.53
13.04
4.03
0.00
15.38
0.00
10.95
5.78
7.12
8.90
2.53
36.44
29.49
0.00
0.00
0.00
0.00
0.00
23.32
10.48
49.30
22.54
23.71
15.10
35.37
28.40
25.72
18.68
9.88
17.34
17.34
0.00
0.00
0.00
0.00
0.00
0.00
0.00
0.00
0.00
0.00
0.00
43.63
11.54
5.82
0.00
0.00
0.00
5.40
19.85
0.00
0.00
0.00
6.80
0.00
0.00
0.00
0.00
0.00
0.00
0.00
0.00
0.00
0.00
0.00
0.00
0.00
0.00
0.00
0.00
0.00
0.00
0.00
0.00
0.00
0.00
0.00
0.00
0.00
0.00
0.00
0.00
0.00
0.00
0.00
18.83
18.83
0.00
0.00
0.00
0.00
0.00
0.00
18.83
18.83
18.83
18.83
18.83
0.00
0.00
18.83
18.83
0.00
0.00
0.00
0.00
0.00
0.00
0.00
0.00
0.00
18.83
0.00
0.00
0.00
0.00
0.00
0.00
0.00
0.00
0.00
0.00
0.00
0.00
13.26
13.26
13.26
0.00
0.00
0.00
0.00
0.00
0.00
13.26
13.26
0.00
0.00
0.00
0.00
0.00
0.00
0.00
0.00
0.00
0.00
0.00
0.00
9.30
0.00
0.00
0.00
0.00
0.00
0.00
0.00
0.00
0.00
0.00
0.00
0.00
0.00
0.00
0.00
0.00
0.00
0.00
0.00
0.00
9.30
9.30
0.00
9.30
9.30
0.00
0.00
0.00
0.00
2.45
2.97
5.57
1.24
0.00
0.00
4.78
7.44
10.75
2.45
0.00
0.00
0.00
0.00
5.93
0.89
14.79
2.72
0.00
0.00
0.00
0.00
0.00
0.00
6.87
4.92
0.00
6.87
5.33
0.00
0.00
0.00
0.00
0.00
0.00
0.00
0.00
0.00
0.00
0.00
0.00
0.00
0.00
0.00
0.00
1.36
0.12
1.87
0.00
0.29
0.00
0.00
0.00
1.30
2.29
1.06
3.30
1.87
3.49
0.21
1.99
5.76
7.50
10.84
10.35
10.55
10.41
13.12
8.04
6.50
2.67
12.76
3.13
7.28
0.73
5.18
11.21
13.20
16.88
6.61
12.13
15.42
15.21
5.79
16.88
9.94
0.00
5.30
19.06
22.10
5.73
3.37
0.00
0.00
0.00
0.00
0.00
0.00
5.71
2.52
6.23
7.33
9.07
4.29
0.00
11.45
8.20
17.86
39.88
38.69
8.08
7.04
6.22
2.89
0.00
3.26
6.61
2.90
4.94
3.69
2.92
0.00
0.00
0.00
4.42
0.68
0.00
11.67
12.63
14.86
7.83
12.57
10.11
11.67
13.71
4.82
12.86
5.78
2.22
1.36
0.00
1.64
0.00
0.00
2.87
12.12
13.49
4.32
6.22
9.10
13.65
8.39
14.07
27.11
19.32
18.18
10.62
16.37
20.33
2.77
16.23
7.54
3.40
5.37
0.00
0.30
1.25
2.63
0.76
22.13
5.27
0.00
6.46
0.00
0.00
9.91
5.44
10.99
17.41
21.64
8.75
5.04
10.87
7.31
4.23
0.00
0.00
17.71
17.61
21.41
18.06
0.00
21.41
19.30
27.38
0.00
0.00
0.00
10.62
0.00
0.00
30.64
36.94
12.27
0.00
0.00
0.00
0.00
19.47
5.16
12.91
1.10
0.00
25.60
20.51
17.95
22.07
31.73
25.35
28.89
32.05
25.35
25.35
10.92
15.29
12.50
0.00
0.00
0.00
0.00
15.06
0.00
0.00
0.00
16.96
0.00
0.00
0.00
0.00
0.00
0.00
0.00
0.00
0.00
0.00
0.00
0.00
0.00
0.00
0.00
0.00
0.00
0.00
0.00
0.00
0.00
0.00
0.00
0.00
15.21
6.88
0.00
10.04
0.00
0.00
0.00
0.00
0.00
0.00
0.00
0.00
0.00
0.00
0.00
0.00
0.00
0.00
0.00
0.00
0.00
0.00
0.00
0.00
0.00
0.00
0.00
0.00
0.00
0.00
0.00
0.00
0.00
0.00
0.00
0.00
0.00
0.00
0.00
0.00
0.00
0.00
0.00
0.00
0.00
0.00
0.00
0.00
0.00
0.00
0.00
0.00
0.00
0.00
0.00
0.00
0.00
0.00
0.00
0.00
0.00
0.00
0.00
0.00
0.00
0.00
13.26
13.26
0.00
0.00
0.00
13.26
13.26
0.00
0.00
0.00
0.00
0.00
0.00
0.00
0.00
0.00
0.00
0.00
0.00
0.00
0.00
0.00
0.00
0.00
0.00
0.00
0.00
0.00
0.00
0.00
0.00
0.00
0.00
0.00
0.00
0.00
0.00
0.00
0.00
0.00
0.00
0.00
0.00
0.00
0.00
0.00
0.00
0.00
0.00
4.16
2.72
8.70
11.11
4.36
0.00
0.00
3.52
9.14
0.00
0.00
0.00
0.00
0.00
5.81
8.12
0.00
0.00
0.00
0.00
0.00
0.00
0.00
1.06
0.00
0.00
0.00
0.00
0.00
0.00
0.00
0.21
2.65
0.00
0.21
1.87
0.93
3.49
1.41
3.05
1.54
0.46
2.09
2.51
2.65
0.00
0.00
0.00
11.01
20.71
2.81
0.00
0.00
2.50
0.00
0.00
10.45
17.04
0.00
7.39
3.43
0.00
10.74
0.00
5.42
12.04
10.84
13.55
9.87
12.08
6.95
3.50
11.86
11.12
3.29
6.38
14.07
4.34
0.00
0.00
0.00
0.00
0.00
0.00
2.94
6.94
4.01
0.00
3.86
1.72
4.79
3.09
8.89
8.89
14.16
14.00
9.36
9.85
5.95
7.13
7.11
11.40
20.71
34.72
14.39
12.85
12.03
23.35
47.92
35.01
18.23
14.66
5.12
16.26
4.52
0.00
0.00
5.15
3.90
3.42
10.03
14.92
7.30
9.56
13.94
18.03
86.69
74.84
12.57
11.78
6.98
9.18
11.31
6.62
0.00
0.00
0.00
3.34
28.63
30.28
33.47
20.82
25.26
13.32
18.22
21.72
10.13
12.90
11.18
0.00
0.00
15.14
6.27
8.06
17.34
44.69
18.99
30.20
23.65
19.11
8.34
33.20
5.55
1.86
0.84
1.24
2.17
4.16
7.09
1.76
8.81
7.43
10.62
5.58
20.52
51.11
45.99
0.94
0.00
12.50
8.15
11.12
0.00
14.72
14.49
10.71
24.76
10.65
11.86
11.08
0.00
0.00
0.00
0.00
0.00
0.38
41.64
52.34
53.89
13.59
29.61
3.63
23.98
12.86
20.37
0.00
0.00
0.00
0.00
0.00
0.00
0.00
0.00
0.00
0.00
0.00
0.00
0.00
0.00
0.00
0.00
25.39
24.74
0.00
0.00
0.00
0.00
0.00
0.00
0.00
0.00
0.00
0.00
0.00
0.00
0.00
0.00
0.00
0.00
0.00
0.00
5.72
5.72
6.88
0.00
0.00
0.00
0.00
0.00
0.00
0.00
0.00
0.00
0.00
0.00
0.00
4.76
0.00
0.00
0.00
0.00
6.07
5.72
4.76
3.95
0.00
0.00
0.00
0.00
0.00
0.00
0.00
0.00
0.00
0.00
0.00
0.00
0.00
0.00
0.00
0.00
0.00
0.00
0.00
0.00
0.00
18.83
18.83
18.83
0.00
18.83
0.00
0.00
0.00
0.00
0.00
0.00
0.00
0.00
13.26
0.00
0.00
13.26
13.26
0.00
0.00
0.00
0.00
0.00
0.00
0.00
0.00
0.00
0.00
0.00
0.00
0.00
0.00
0.00
0.00
0.00
0.00
0.00
0.00
0.00
0.00
0.00
0.00
0.00
0.00
0.00
0.00
9.30
9.30
0.00
0.00
0.00
0.00
9.30
0.00
0.00
0.00
9.30
9.30
9.30
9.30
0.00
0.00
0.00
0.00
0.00
0.00
0.00
0.00
0.00
0.00
0.00
0.00
0.00
4.92
1.73
0.00
0.00
0.00
0.00
0.00
5.45
0.00
5.81
6.47
10.68
0.00
0.00
0.00
0.00
1.24
1.24
3.32
4.00
1.51
4.40
4.64
0.00
0.00
0.00
7.61
0.21
9.96
2.51
0.00
0.00
0.37
1.87
0.00
0.00
3.30
7.23
2.09
0.00
2.70
5.39
8.27
0.00
0.00
0.00
1.76
7.18
6.49
17.11
3.10
0.00
0.37
3.68
5.13
0.00
2.09
1.20
6.06
7.98
7.09
15.09
0.00
9.27
5.91
8.56
6.20
9.67
5.79
5.42
12.49
24.46
15.83
0.00
7.55
0.26
0.00
0.00
0.00
1.20
1.80
0.97
0.00
0.00
0.00
0.00
0.00
0.00
0.94
0.00
0.00
1.49
4.55
3.54
0.07
0.14
0.14
5.86
0.00
0.00
0.02
15.44
12.87
13.61
25.39
7.78
11.67
24.70
6.56
5.03
15.77
1.70
0.00
4.81
0.00
1.03
20.23
17.13
7.38
15.91
1.95
6.67
4.62
18.63
12.68
15.45
4.22
1.60
2.50
2.50
4.22
21.76
32.00
22.30
1.38
0.00
0.00
6.98
0.00
0.00
0.00
0.02
10.11
0.03
13.60
19.41
3.51
16.03
11.02
16.43
26.76
14.04
9.83
9.61
11.56
13.42
4.96
15.41
13.81
3.77
2.94
18.32
25.41
13.02
0.00
4.26
8.46
0.00
0.00
0.00
0.00
14.61
2.68
1.65
0.01
1.76
0.00
0.00
0.46
9.23
18.11
8.68
19.92
12.14
5.59
37.83
17.35
7.68
7.50
0.25
21.41
0.00
8.81
0.00
0.00
0.00
0.00
0.00
0.00
0.00
5.01
1.48
0.00
0.00
0.00
0.00
0.00
0.00
0.00
0.00
9.88
26.16
0.00
6.80
11.74
43.19
40.39
13.76
0.00
4.28
25.80
31.62
22.51
0.00
0.00
0.00
5.40
0.00
0.00
0.00
0.00
0.00
0.00
0.00
0.00
0.00
0.00
0.00
0.00
0.00
0.00
0.00
0.00
0.00
0.00
0.00
0.00
0.00
0.00
0.00
0.00
0.00
0.00
0.00
0.00
0.00
0.00
0.00
0.00
0.00
0.00
0.00
0.00
0.00
0.00
0.00
0.00
0.00
13.15
0.00
0.00
0.00
0.00
0.00
0.00
0.00
0.00
0.00
0.00
0.00
0.00
0.00
0.00
0.00
0.00
0.00
0.00
0.00
0.00
0.00
0.00
0.00
0.00
0.00
0.00
0.00
0.00
0.00
0.00
0.00
0.00
0.00
0.00
0.00
0.00
0.00
0.00
0.00
0.00
0.00
0.00
0.00
0.00
0.00
13.26
13.26
13.26
0.00
0.00
0.00
0.00
0.00
0.00
13.26
13.26
0.00
0.00
0.00
0.00
0.00
0.00
0.00
0.00
0.00
0.00
0.00
0.00
0.00
0.00
0.00
0.00
0.00
0.00
0.00
9.30
9.30
9.30
9.30
9.30
0.00
0.00
0.00
0.00
0.00
0.00
9.30
0.00
0.00
9.30
9.30
0.00
0.00
1.24
2.72
2.15
0.89
0.00
4.78
1.73
0.00
1.24
3.11
0.00
0.00
0.00
0.00
3.80
0.00
7.61
3.43
5.81
1.73
0.00
3.43
5.05
6.47
3.80
2.97
1.73
7.44
7.34
6.26
4.60
2.70
0.00
0.37
5.13
0.37
0.00
0.37
0.00
1.18
0.00
5.30
19.67
3.30
12.68
21.54
6.99
2.91
0.00
23.25
0.67
3.10
0.93
0.00
0.00
5.39
0.12
0.00
3.68
3.77
5.18
0.43
2.98
0.43
0.43
1.99
0.73
0.73
4.14
9.43
11.07
8.43
5.15
10.28
2.20
4.60
0.00
0.00
0.00
0.00
0.00
0.00
1.80
5.94
0.00
4.41
8.04
4.96
1.90
0.97
6.27
0.14
3.75
5.31
5.01
0.00
0.00
1.97
6.50
0.00
0.00
0.00
0.00
0.00
0.00
0.00
0.00
10.07
13.07
24.77
9.54
19.86
34.02
38.83
15.66
4.31
2.39
0.00
2.14
2.60
0.00
0.00
0.00
0.00
0.00
0.00
0.00
0.05
0.14
2.68
18.15
15.19
15.04
16.35
21.88
0.60
12.88
8.13
0.00
0.01
0.00
1.51
6.25
0.00
13.71
6.98
12.00
4.12
0.00
0.68
0.00
0.00
0.00
0.00
11.30
40.70
13.09
11.65
0.12
0.28
2.25
0.28
0.00
5.79
6.70
2.68
0.00
1.10
0.00
0.00
0.00
0.52
5.37
0.00
3.22
10.13
10.75
10.93
0.00
0.00
7.80
2.96
0.00
13.68
25.49
15.12
20.92
7.88
13.04
0.00
20.44
31.36
0.00
5.11
7.21
15.02
0.25
0.00
0.00
4.42
6.55
10.89
19.92
13.04
14.21
4.12
0.13
0.00
0.00
9.00
0.00
7.68
9.18
27.38
22.93
20.11
9.88
0.00
0.00
0.00
0.00
0.00
0.00
0.00
0.00
0.00
0.00
0.00
0.00
0.00
0.00
0.00
0.00
0.00
0.00
0.00
0.00
0.00
0.00
0.00
0.00
0.00
0.00
0.00
0.00
0.00
0.00
0.00
0.00
0.00
0.00
0.00
0.00
0.00
0.00
5.72
0.00
0.00
0.00
0.00
0.00
0.00
0.00
0.00
0.00
0.00
0.00
0.00
0.00
0.00
0.00
0.00
0.00
0.00
0.00
0.00
0.00
0.00
0.00
0.00
0.00
0.00
0.00
0.00
0.00
0.00
0.00
0.00
0.00
0.00
0.00
0.00
0.00
0.00
0.00
0.00
0.00
0.00
0.00
0.00
0.00
0.00
0.00
0.00
0.00
0.00
0.00
0.00
0.00
0.00
0.00
0.00
0.00
13.26
13.26
0.00
0.00
0.00
0.00
13.26
13.26
0.00
0.00
0.00
0.00
0.00
0.00
0.00
0.00
0.00
0.00
0.00
0.00
0.00
0.00
0.00
0.00
0.00
0.00
9.30
0.00
0.00
0.00
0.00
0.00
0.00
0.00
0.00
9.30
9.30
0.00
0.00
0.00
0.00
0.00
0.00
0.00
0.00
0.00
0.00
0.00
0.00
0.00
0.00
9.30
0.89
0.89
5.81
0.00
0.00
0.00
0.00
0.00
0.00
0.00
0.00
0.00
0.00
0.00
6.87
0.00
0.00
0.00
0.00
0.00
0.00
8.82
0.00
0.00
3.22
5.81
7.61
0.00
3.62
4.48
0.00
0.00
0.00
3.30
2.70
3.10
0.00
0.00
5.13
0.00
0.93
2.09
3.68
0.00
0.00
9.12
8.58
2.70
0.12
0.00
9.35
15.41
0.00
0.00
11.45
2.29
0.00
0.53
1.87
4.06
7.79
1.61
1.99
5.18
6.09
7.91
7.01
1.61
5.67
4.00
2.16
3.86
1.41
6.86
3.32
3.75
5.61
0.73
0.00
0.26
0.00
0.00
0.00
3.50
6.27
2.34
3.72
13.81
2.16
0.00
22.69
18.07
15.12
17.22
24.70
1.51
0.14
1.02
0.00
12.03
2.09
14.20
7.11
6.67
13.16
22.47
20.25
20.34
2.18
14.30
7.82
2.26
0.00
0.00
0.00
0.02
10.07
20.83
24.28
17.97
14.48
7.89
21.76
0.00
0.00
0.00
16.85
19.38
10.36
25.51
17.79
0.01
6.53
0.67
6.25
8.04
2.75
16.41
28.44
25.07
5.63
14.92
15.62
19.32
14.00
25.26
31.01
20.85
10.94
0.00
0.00
0.00
0.00
0.00
0.00
0.00
0.00
0.00
0.00
0.00
0.00
0.00
7.48
0.00
3.49
0.00
0.00
2.01
8.29
15.27
18.74
12.25
14.87
23.28
24.15
14.48
5.58
1.51
0.00
0.00
0.00
0.00
0.00
12.90
0.00
6.83
0.00
0.00
15.21
20.79
14.58
21.76
23.14
12.27
20.05
28.80
23.06
11.21
0.00
0.00
22.36
20.96
34.29
23.28
31.96
6.12
0.00
0.00
12.68
11.86
21.06
13.00
8.44
2.00
19.28
0.00
0.00
0.00
0.00
0.00
0.00
0.00
0.00
0.00
0.00
0.00
0.00
0.00
0.00
0.00
0.00
0.00
0.00
0.00
5.40
0.00
0.00
0.00
0.00
0.00
0.00
0.00
0.00
0.00
31.51
10.81
14.09
19.09
0.00
0.00
0.00
0.00
5.72
5.72
4.76
0.00
0.00
0.00
0.00
5.72
6.88
5.72
5.72
5.72
0.00
0.00
0.00
0.00
5.72
0.00
0.00
5.72
0.00
0.00
0.00
0.00
0.00
0.00
18.83
18.83
18.83
0.00
0.00
0.00
0.00
0.00
0.00
0.00
0.00
0.00
0.00
0.00
0.00
0.00
0.00
0.00
0.00
0.00
0.00
0.00
0.00
0.00
0.00
0.00
0.00
0.00
0.00
0.00
0.00
0.00
0.00
0.00
0.00
0.00
0.00
0.00
0.00
0.00
0.00
0.00
0.00
0.00
0.00
0.00
13.26
0.00
0.00
0.00
0.00
0.00
0.00
0.00
0.00
0.00
0.00
0.00
0.00
0.00
0.00
0.00
0.00
0.00
0.00
0.00
0.00
0.00
0.00
0.00
0.00
0.00
0.00
0.00
0.00
0.00
0.00
0.00
0.00
0.00
0.00
0.00
0.00
0.00
0.00
0.00
0.00
0.00
0.00
0.00
2.85
0.00
0.00
0.00
0.00
0.00
0.00
1.24
10.86
5.57
2.97
0.89
4.48
6.68
0.00
8.12
8.59
13.82
8.73
0.00
0.00
0.00
0.00
5.05
0.00
0.00
0.00
0.00
1.81
4.23
0.67
0.67
0.93
0.67
0.67
4.06
0.00
0.00
0.00
0.00
0.00
0.00
0.00
0.00
0.00
0.00
0.00
2.91
0.00
0.00
0.00
0.00
0.00
0.00
0.00
0.00
5.99
0.00
3.58
9.58
0.00
0.00
2.82
0.00
0.00
0.00
0.00
0.00
0.00
0.00
0.00
2.98
3.58
4.54
4.00
9.78
18.96
8.04
0.00
0.00
0.00
0.00
0.00
0.00
0.00
6.03
15.33
16.40
14.56
13.03
3.03
11.49
9.67
16.21
13.80
16.21
22.28
10.14
7.91
0.69
0.07
0.00
0.00
0.00
0.00
0.63
7.07
13.21
12.66
12.85
11.49
23.12
9.51
2.01
0.00
14.12
12.58
9.69
12.53
0.00
0.00
0.68
6.36
3.15
15.21
21.40
16.03
21.07
27.23
13.94
39.67
19.95
21.76
22.43
15.45
5.94
0.02
3.58
6.25
7.89
0.80
2.32
11.31
9.95
0.00
0.00
0.00
0.00
0.00
0.00
4.55
1.76
4.16
7.54
26.18
25.56
12.51
9.67
2.25
2.63
0.00
0.00
0.00
0.00
6.22
0.00
0.00
5.85
8.00
6.87
0.00
8.37
13.55
15.00
0.00
0.00
0.00
0.00
0.00
0.02
0.00
2.00
6.16
13.68
12.63
19.82
26.44
14.58
13.68
30.98
23.32
31.83
0.25
0.00
20.96
19.74
0.13
14.80
0.00
0.00
34.71
11.68
18.94
6.36
0.13
0.00
0.00
0.00
0.00
0.00
4.42
28.63
0.00
0.00
0.00
12.83
24.48
0.00
0.00
0.00
0.00
0.00
0.00
0.00
0.00
10.21
26.40
24.92
5.40
5.40
0.00
0.00
0.00
0.00
0.00
0.00
0.00
0.00
0.00
0.00
0.00
0.00
13.61
13.15
0.00
0.00
0.00
0.00
0.00
0.00
0.00
0.00
0.00
9.28
0.00
0.00
0.00
0.00
0.00
0.00
0.00
0.00
0.00
0.00
0.00
0.00
4.76
15.62
0.00
16.37
24.37
20.05
18.83
18.83
18.83
0.00
0.00
0.00
0.00
0.00
0.00
0.00
0.00
18.83
18.83
18.83
18.83
18.83
0.00
18.83
0.00
0.00
0.00
0.00
0.00
0.00
0.00
0.00
0.00
0.00
0.00
0.00
0.00
0.00
0.00
0.00
0.00
0.00
0.00
0.00
0.00
0.00
0.00
0.00
0.00
0.00
0.00
0.00
0.00
0.00
0.00
0.00
0.00
0.00
0.00
0.00
0.00
0.00
0.00
0.00
0.00
0.00
0.00
0.00
0.00
0.00
0.00
0.00
0.00
0.00
0.00
0.00
0.00
0.00
0.00
0.00
0.00
0.00
0.00
0.00
0.00
0.00
0.00
0.00
9.30
9.30
9.30
9.30
0.00
0.00
0.00
0.00
0.00
0.00
6.47
2.97
0.00
0.00
0.00
0.00
0.00
0.00
0.00
0.00
0.00
0.00
2.15
0.64
0.89
0.00
0.00
0.00
0.00
0.00
0.00
0.00
0.00
0.00
1.24
4.78
3.22
0.00
0.00
13.67
3.10
0.00
0.00
0.00
0.00
0.00
0.00
0.00
0.00
0.67
0.93
0.37
3.49
5.30
5.30
4.06
7.95
5.47
2.91
0.00
4.06
1.41
1.18
0.00
0.00
2.51
3.49
13.18
33.79
0.00
0.00
5.36
2.67
2.98
8.97
3.72
0.00
0.00
0.00
0.00
0.73
1.80
2.82
0.73
0.73
10.88
15.42
1.20
4.54
0.26
1.31
0.16
0.26
3.82
0.00
0.00
4.06
0.00
0.00
0.00
0.00
0.00
1.11
1.53
3.47
7.89
8.62
18.25
21.08
114.99
59.35
1.51
0.07
0.09
0.07
0.00
5.14
3.32
6.32
25.26
24.04
7.33
0.85
15.53
12.30
8.53
5.14
0.75
0.07
0.00
0.00
2.00
1.47
2.73
12.04
33.73
21.03
9.78
0.00
0.00
0.00
0.65
0.72
2.73
0.86
0.02
4.72
8.26
30.66
18.87
31.87
22.89
9.67
37.77
19.08
43.07
52.14
14.17
12.49
18.39
21.10
10.25
19.18
15.27
30.52
36.70
6.93
10.37
3.99
0.00
0.00
8.78
0.00
0.00
13.55
3.35
6.43
9.95
1.97
6.76
10.68
14.81
1.86
3.08
5.47
8.46
10.34
10.50
6.76
0.00
0.00
7.32
14.85
2.22
0.00
0.00
0.00
5.59
0.00
0.00
0.00
4.62
0.00
0.00
0.00
0.00
0.07
22.85
13.43
0.00
6.27
0.00
5.78
4.23
10.85
45.50
37.99
7.31
0.13
0.00
0.00
0.00
0.00
26.01
24.65
0.00
22.28
17.85
0.00
0.00
0.00
5.40
0.00
0.00
0.00
0.00
0.00
18.19
20.45
0.00
0.00
0.00
0.00
0.00
0.00
0.00
0.00
0.00
0.00
0.00
0.00
0.00
0.00
0.00
0.00
0.00
0.00
0.00
0.00
28.19
31.87
0.00
6.38
5.72
5.72
19.37
22.83
7.75
0.00
5.72
5.72
0.00
6.88
5.72
5.72
5.72
5.72
6.38
6.38
6.88
6.88
5.72
6.88
0.00
18.83
0.00
0.00
0.00
18.83
18.83
18.83
0.00
0.00
18.83
0.00
0.00
0.00
0.00
18.83
18.83
0.00
18.83
0.00
0.00
0.00
18.83
0.00
0.00
0.00
0.00
0.00
0.00
0.00
0.00
13.26
13.26
0.00
13.26
13.26
0.00
0.00
0.00
0.00
0.00
0.00
0.00
13.26
13.26
13.26
13.26
13.26
13.26
0.00
0.00
0.00
0.00
0.00
0.00
0.00
0.00
0.00
0.00
0.00
0.00
0.00
0.00
0.00
0.00
0.00
0.00
0.00
0.00
0.00
0.00
0.00
0.00
0.00
0.00
0.00
0.00
0.00
9.30
9.30
9.30
0.00
0.00
0.00
0.00
9.30
9.30
0.00
0.00
0.00
0.00
0.00
0.00
0.00
0.00
0.00
0.00
0.00
0.00
0.00
7.29
7.99
1.24
0.89
0.00
0.00
0.00
2.15
4.48
0.00
0.00
1.73
7.16
5.05
6.26
10.00
2.45
9.32
0.00
6.68
6.26
0.37
0.37
4.78
0.93
4.23
2.91
4.23
8.74
3.49
16.77
0.00
2.96
5.77
1.54
0.12
1.06
0.00
0.00
3.20
12.97
0.00
0.00
0.00
0.00
0.37
1.65
1.76
0.53
0.00
0.00
0.00
0.00
0.00
1.61
1.99
0.00
0.00
0.00
0.00
0.00
1.80
3.13
3.29
15.79
18.44
0.26
14.92
9.94
4.51
13.82
1.36
3.06
1.71
0.00
0.00
0.00
3.43
4.17
0.00
0.00
1.90
11.67
5.01
3.89
4.36
3.24
8.89
7.01
0.69
7.09
16.16
10.53
7.16
14.59
8.83
14.52
11.57
1.86
4.10
0.00
1.02
0.00
12.37
15.36
8.96
18.43
20.62
20.62
2.52
0.00
7.64
0.00
2.50
5.88
0.72
10.17
21.61
17.97
29.96
23.72
16.32
9.56
2.40
0.00
0.00
0.00
0.68
0.00
0.00
0.00
0.00
0.00
0.00
0.00
0.00
0.00
0.00
8.37
8.58
0.00
0.00
0.00
0.00
0.00
7.32
7.32
5.47
0.00
4.26
5.96
6.62
0.00
0.00
8.96
21.79
6.14
15.41
15.93
18.67
21.79
32.79
33.44
32.88
41.40
10.40
3.70
0.00
0.00
0.00
0.00
11.49
9.43
10.62
20.35
0.00
0.00
0.00
14.58
0.04
9.51
19.65
15.70
0.00
0.00
0.00
0.00
2.73
33.57
9.14
0.07
0.13
9.38
0.00
0.00
0.00
2.42
0.00
12.63
30.43
9.84
0.00
0.00
0.00
0.00
0.00
20.11
35.31
22.93
0.00
0.00
24.83
18.03
20.64
15.96
20.11
20.88
0.00
0.00
0.00
0.00
0.00
0.00
0.00
0.00
0.00
0.00
0.00
0.00
0.00
0.00
0.00
0.00
0.00
0.00
0.00
0.00
0.00
0.00
0.00
0.00
0.00
0.00
0.00
0.00
0.00
0.00
0.00
0.00
0.00
0.00
0.00
0.00
0.00
0.00
0.00
0.00
0.00
0.00
0.00
0.00
0.00
0.00
0.00
0.00
0.00
0.00
0.00
0.00
0.00
0.00
0.00
0.00
0.00
0.00
0.00
0.00
0.00
0.00
0.00
0.00
0.00
0.00
0.00
18.83
18.83
0.00
0.00
0.00
0.00
0.00
0.00
18.83
18.83
18.83
18.83
13.26
0.00
0.00
0.00
0.00
0.00
0.00
0.00
0.00
0.00
0.00
0.00
0.00
0.00
0.00
0.00
0.00
0.00
0.00
13.26
13.26
0.00
13.26
0.00
0.00
0.00
0.00
0.00
0.00
0.00
0.00
0.00
0.00
0.00
0.00
0.00
0.00
0.00
0.00
0.00
0.00
0.00
0.00
9.30
0.00
0.00
0.00
0.00
0.00
0.00
0.00
0.00
0.00
0.00
0.00
0.00
0.00
0.00
0.00
9.30
0.00
0.00
0.00
0.00
6.26
3.80
8.89
6.87
0.00
0.00
0.00
0.00
0.00
3.80
5.81
1.24
0.00
0.00
0.00
0.89
1.73
0.00
1.73
2.45
1.73
0.00
1.73
0.00
1.73
0.00
3.80
4.23
1.18
11.45
1.87
7.47
10.26
12.75
0.00
9.45
4.91
13.25
7.60
4.37
0.21
0.00
5.04
5.13
9.66
4.06
3.49
7.07
22.24
11.01
4.06
2.09
0.37
0.93
0.53
1.41
0.21
0.00
0.73
2.16
5.36
4.34
0.00
10.45
6.15
4.66
0.00
0.00
0.00
3.43
3.29
4.14
12.58
1.20
0.00
0.00
5.55
9.18
22.48
14.92
20.58
8.87
0.00
0.00
0.00
0.97
0.00
0.00
0.00
5.47
8.93
11.24
4.99
11.09
4.75
0.37
9.54
19.72
3.56
16.62
13.66
1.74
4.79
2.54
10.50
8.18
19.45
21.18
14.93
14.48
44.11
51.65
30.30
30.39
2.69
0.22
38.03
28.01
29.33
12.52
14.11
13.83
5.42
4.50
13.77
2.64
1.89
0.00
0.00
16.76
13.03
1.60
2.40
0.00
0.00
0.00
0.00
7.89
0.00
1.34
0.00
12.40
2.78
10.89
0.00
6.85
6.32
8.26
13.17
16.20
14.91
18.37
13.68
15.96
4.96
10.50
16.82
15.05
2.27
0.17
0.00
3.04
14.64
6.70
7.09
1.25
1.24
2.92
0.00
7.43
9.29
3.77
0.00
0.01
5.37
0.01
6.54
8.52
27.07
29.00
45.04
60.00
27.38
8.26
42.25
30.04
0.00
0.00
13.54
17.57
0.00
4.62
22.28
26.79
0.00
0.00
0.00
23.49
0.00
0.00
17.08
5.20
2.00
12.31
8.63
0.00
0.00
0.00
0.00
0.00
0.00
0.00
20.64
29.28
17.34
16.26
0.00
0.00
0.00
0.00
0.00
0.00
0.00
0.00
6.80
0.00
0.00
5.40
5.40
5.40
0.00
0.00
0.00
0.00
0.00
10.92
13.76
0.00
0.00
0.00
0.00
0.00
0.00
0.00
0.00
0.00
0.00
0.00
0.00
0.00
14.54
15.62
12.08
12.08
6.88
6.88
0.00
0.00
0.00
0.00
0.00
0.00
0.00
0.00
0.00
0.00
0.00
0.00
0.00
0.00
0.00
0.00
0.00
0.00
0.00
0.00
0.00
0.00
18.83
0.00
0.00
0.00
18.83
18.83
18.83
18.83
0.00
0.00
0.00
0.00
0.00
0.00
0.00
0.00
18.83
18.83
18.83
0.00
0.00
0.00
0.00
0.00
0.00
0.00
0.00
0.00
0.00
0.00
0.00
0.00
0.00
0.00
0.00
0.00
0.00
0.00
0.00
0.00
0.00
0.00
0.00
13.26
0.00
0.00
0.00
0.00
0.00
13.26
0.00
0.00
0.00
0.00
0.00
0.00
0.00
0.00
0.00
9.30
0.00
0.00
0.00
0.00
0.00
0.00
0.00
0.00
0.00
0.00
0.00
0.00
0.00
0.00
0.00
9.30
9.30
0.00
0.00
0.00
9.30
9.30
9.30
0.00
5.57
10.00
8.66
6.82
1.73
1.73
0.00
5.81
1.73
0.00
0.00
0.89
3.22
4.64
6.04
2.45
4.92
1.24
2.45
2.97
0.00
7.61
2.45
0.00
0.00
5.70
8.27
2.97
0.00
8.33
14.60
4.55
0.00
2.91
0.29
0.25
8.44
6.41
0.53
0.00
0.00
0.00
0.00
0.67
3.96
4.32
3.77
2.09
4.51
2.29
0.00
5.13
0.00
0.21
2.41
0.00
2.91
0.00
0.00
1.41
4.66
0.43
0.00
0.73
2.98
3.29
1.20
7.28
2.16
0.00
0.00
0.00
0.73
0.16
3.36
6.15
0.00
1.99
5.79
4.00
0.00
0.00
2.34
3.54
5.64
0.26
2.29
0.00
0.00
4.54
2.07
0.00
0.00
0.00
0.00
0.00
1.43
0.00
3.71
0.00
1.70
6.63
57.61
37.56
11.69
0.77
0.03
0.03
0.37
0.00
0.00
0.00
0.00
0.00
0.00
0.00
0.00
0.00
0.00
0.00
0.00
0.00
0.00
0.60
2.68
11.61
27.04
26.57
17.74
28.70
22.86
17.44
19.59
51.80
2.50
3.68
12.06
0.00
0.00
6.77
3.25
4.72
10.72
11.22
16.12
11.81
10.72
12.63
10.72
25.70
11.56
10.00
0.00
0.00
6.29
7.88
7.65
7.48
4.35
5.58
7.43
14.74
7.26
10.25
13.81
15.41
3.49
7.43
6.22
1.31
2.99
0.00
4.70
0.00
9.95
13.98
0.00
6.54
8.78
28.57
15.55
7.91
3.82
5.39
16.64
25.41
31.58
25.92
14.49
35.05
41.17
25.92
19.56
0.00
0.00
0.00
0.00
27.64
15.12
12.46
4.12
20.71
17.00
17.00
16.77
27.30
5.01
7.17
13.95
0.00
0.00
0.25
4.81
5.40
5.40
0.00
0.00
0.00
0.00
0.00
0.00
0.00
0.00
0.00
0.00
0.00
0.00
0.00
16.16
25.68
27.53
22.71
29.28
23.62
16.91
0.00
0.00
0.00
0.00
0.00
0.00
0.00
0.00
0.00
0.00
0.00
0.00
0.00
0.00
0.00
10.04
0.00
8.35
21.78
13.15
0.00
0.00
5.72
8.35
0.00
0.00
0.00
0.00
0.00
0.00
0.00
0.00
0.00
0.00
0.00
0.00
4.76
0.00
0.00
0.00
0.00
0.00
0.00
0.00
0.00
0.00
0.00
0.00
0.00
0.00
0.00
0.00
0.00
0.00
0.00
0.00
0.00
0.00
0.00
0.00
0.00
0.00
0.00
0.00
0.00
0.00
0.00
0.00
0.00
0.00
0.00
0.00
0.00
0.00
0.00
0.00
0.00
0.00
0.00
0.00
0.00
0.00
0.00
0.00
0.00
0.00
0.00
0.00
0.00
0.00
0.00
0.00
0.00
0.00
0.00
0.00
0.00
0.00
0.00
0.00
0.00
0.00
0.00
0.00
0.00
9.30
9.30
0.00
0.00
0.00
0.00
0.00
0.00
9.30
9.30
9.30
9.30
0.00
0.00
0.00
0.00
0.00
0.00
0.00
0.00
0.00
0.00
0.00
0.00
0.00
0.00
0.00
0.00
0.00
5.57
6.26
8.20
5.05
3.43
0.00
3.22
0.00
0.00
1.73
2.45
1.73
0.00
0.00
2.97
0.00
0.00
0.00
0.00
0.00
0.00
0.00
0.00
0.00
3.80
6.68
5.81
7.31
13.89
3.30
7.63
0.37
0.46
0.37
0.12
0.00
0.00
0.00
2.75
0.00
0.00
0.00
0.00
0.00
1.87
0.00
0.00
1.65
5.99
10.41
1.87
1.76
0.00
0.00
3.40
2.29
0.00
4.54
7.39
6.38
18.30
9.38
4.00
3.29
0.00
0.00
3.54
10.19
4.14
3.20
4.00
0.00
0.00
0.00
0.00
0.00
0.00
0.00
0.00
0.00
0.00
0.00
0.00
0.00
0.00
0.00
0.00
1.51
0.00
0.00
0.00
0.00
0.00
0.00
0.00
0.00
0.00
0.00
0.00
0.07
0.00
0.00
0.32
0.57
9.83
0.02
10.01
10.23
21.01
25.07
25.16
20.16
41.54
19.33
17.36
18.64
4.43
8.69
4.17
3.78
0.00
0.00
0.00
0.00
4.03
3.20
0.00
0.00
0.00
6.20
0.57
0.00
0.00
0.00
0.01
8.69
1.51
0.00
0.00
9.89
10.11
0.60
1.87
0.00
0.00
0.00
0.60
5.02
5.60
0.00
3.12
0.00
2.72
13.16
8.69
5.06
0.00
0.00
5.42
1.27
2.94
16.64
7.23
6.78
1.71
14.21
4.06
0.00
12.38
8.23
0.00
0.00
0.00
4.46
4.60
31.25
22.61
0.00
11.18
19.65
3.23
4.42
0.00
0.00
0.00
0.00
17.53
4.42
0.07
12.68
11.12
11.31
11.21
25.57
0.00
0.00
9.28
3.93
0.00
0.00
0.00
1.27
1.48
1.58
0.00
0.00
0.00
0.00
0.00
0.00
0.00
0.00
14.03
13.47
0.00
0.00
23.13
0.00
0.00
0.00
0.00
0.00
0.00
0.00
0.00
0.00
0.00
0.00
14.03
0.00
0.00
0.00
0.00
0.00
0.00
0.00
0.00
0.00
0.00
0.00
0.00
0.00
0.00
0.00
0.00
0.00
0.00
0.00
0.00
0.00
0.00
0.00
0.00
0.00
0.00
0.00
0.00
0.00
0.00
0.00
0.00
0.00
0.00
0.00
0.00
0.00
0.00
0.00
0.00
6.07
0.00
0.00
0.00
0.00
0.00
0.00
0.00
0.00
0.00
0.00
0.00
0.00
0.00
0.00
0.00
0.00
0.00
0.00
0.00
0.00
0.00
0.00
0.00
0.00
0.00
0.00
0.00
0.00
0.00
18.83
18.83
0.00
0.00
0.00
0.00
0.00
0.00
0.00
0.00
0.00
0.00
13.26
13.26
13.26
0.00
13.26
13.26
0.00
0.00
0.00
0.00
0.00
0.00
0.00
0.00
0.00
0.00
0.00
0.00
0.00
0.00
0.00
0.00
0.00
0.00
9.30
0.00
0.00
0.00
0.00
0.00
0.00
0.00
0.00
0.00
0.00
0.00
0.00
0.00
9.30
9.30
9.30
0.00
0.00
0.00
9.30
9.30
9.30
9.30
9.30
10.56
1.24
0.00
0.00
5.57
0.00
0.00
2.72
6.26
2.23
0.00
0.00
0.00
0.00
0.00
0.00
0.00
0.00
0.00
4.99
14.90
15.06
11.54
0.00
0.00
0.00
2.45
0.00
0.00
0.00
1.24
0.00
2.46
0.00
0.00
0.00
0.00
0.87
1.87
0.80
0.21
2.29
3.01
0.00
0.00
2.91
0.00
3.01
3.77
15.38
17.91
7.79
3.01
3.91
2.29
4.32
9.43
15.00
3.15
10.71
14.41
5.55
0.00
2.34
0.00
0.00
0.00
2.67
0.00
0.00
0.00
2.50
0.73
4.54
5.67
5.79
2.50
2.50
8.25
5.18
4.80
2.82
0.00
0.00
10.16
15.75
19.76
28.31
54.83
20.56
19.76
0.26
21.01
10.61
0.00
0.00
7.47
5.93
18.34
27.01
25.21
11.49
0.30
15.44
8.24
18.23
9.69
12.66
1.26
0.00
0.00
0.00
0.00
0.00
0.00
0.00
0.00
0.00
0.00
0.00
0.00
0.00
0.00
0.00
0.00
14.20
10.72
6.07
3.73
11.36
5.68
13.54
21.24
10.72
16.68
7.48
16.26
8.04
8.80
16.62
30.02
10.77
11.67
8.66
0.00
0.35
2.02
11.11
10.00
6.46
6.25
0.00
0.00
0.00
0.35
0.00
0.00
6.62
11.46
11.62
16.37
22.94
18.42
8.17
12.32
0.00
0.00
0.00
10.99
7.37
19.46
5.84
6.00
8.11
1.76
0.00
0.00
15.69
0.00
6.62
9.83
0.96
0.00
0.00
10.85
18.50
0.00
0.00
0.00
0.00
0.00
13.95
19.21
13.85
16.90
10.67
0.00
15.21
34.29
16.81
23.84
0.00
0.00
0.00
22.11
7.50
0.00
6.07
5.78
6.74
0.00
0.00
0.00
1.64
22.61
37.91
52.14
40.39
35.66
26.78
0.00
0.00
0.00
0.00
0.00
11.74
8.66
0.00
0.00
12.50
25.76
22.28
0.00
0.00
0.00
9.31
0.00
0.00
0.00
0.00
0.00
0.00
0.00
0.00
0.00
0.00
0.00
6.88
6.88
6.88
0.00
0.00
0.00
6.88
20.30
18.55
0.00
5.72
5.72
4.76
6.38
5.72
5.72
6.88
5.72
0.00
0.00
4.76
0.00
0.00
6.88
0.00
0.00
0.00
0.00
0.00
0.00
18.83
18.83
18.83
18.83
0.00
18.83
18.83
18.83
18.83
0.00
0.00
18.83
18.83
18.83
18.83
0.00
0.00
0.00
0.00
0.00
0.00
0.00
0.00
18.83
18.83
0.00
0.00
0.00
0.00
0.00
0.00
0.00
0.00
0.00
0.00
0.00
0.00
0.00
0.00
0.00
0.00
0.00
0.00
0.00
0.00
0.00
0.00
13.26
13.26
0.00
0.00
0.00
0.00
0.00
0.00
0.00
0.00
0.00
0.00
0.00
0.00
0.00
0.00
0.00
0.00
0.00
0.00
0.00
0.00
0.00
0.00
0.00
0.00
0.00
0.00
0.00
0.00
0.00
0.00
0.00
0.00
0.00
0.00
0.00
0.00
9.30
0.00
0.00
0.00
0.00
0.00
0.00
0.00
0.00
0.00
0.00
7.02
5.70
0.00
0.00
5.26
0.00
0.00
0.00
0.00
0.00
6.68
6.47
11.88
11.22
4.48
7.61
0.00
0.00
2.97
5.33
3.43
9.18
6.87
0.00
3.30
4.78
0.00
3.30
1.18
3.13
1.92
1.03
0.00
6.70
10.34
5.81
7.23
6.49
18.30
11.01
1.65
4.78
1.18
0.37
0.00
0.00
0.00
0.00
0.67
6.91
21.76
3.68
9.47
2.41
0.00
4.24
17.87
3.06
7.72
0.00
0.00
0.00
1.80
0.00
0.00
0.73
1.61
0.00
0.00
0.00
0.00
0.00
0.00
0.00
0.00
2.67
4.27
11.72
12.27
10.84
33.81
24.59
9.02
0.26
0.00
0.00
0.00
0.00
8.18
13.80
11.85
15.48
20.73
10.59
6.41
0.00
0.00
0.00
0.00
0.00
0.00
7.87
10.32
11.67
0.00
2.86
13.66
49.45
3.11
11.22
4.75
0.37
17.03
10.05
4.57
0.00
0.00
12.17
15.79
9.78
5.63
0.00
0.00
5.12
8.74
10.36
11.84
12.94
5.67
4.37
6.82
11.53
15.74
11.61
4.42
5.33
5.07
14.75
12.40
19.59
4.87
5.38
11.17
8.26
13.37
29.52
5.68
5.32
23.17
33.52
32.71
24.34
14.74
6.87
11.74
17.20
34.69
42.26
37.12
11.87
7.37
3.12
0.00
0.00
0.00
0.00
5.21
2.63
4.31
0.00
1.37
5.32
7.32
0.00
0.00
0.00
0.04
0.00
19.03
25.23
19.65
34.63
26.35
1.05
2.63
1.16
6.74
9.56
0.00
5.78
6.12
0.00
2.87
2.92
10.21
6.79
12.95
20.00
9.74
3.23
0.72
0.00
0.00
0.00
0.00
0.00
0.00
0.00
0.00
0.00
0.00
0.00
0.00
15.96
26.09
33.32
6.80
0.00
0.00
23.73
17.68
0.00
0.00
0.00
0.00
0.00
0.00
0.00
0.00
0.00
0.00
0.00
0.00
0.00
0.00
0.00
15.29
30.50
0.00
5.72
0.00
0.00
0.00
0.00
6.88
0.00
12.08
16.95
15.37
27.98
18.52
0.00
0.00
4.76
0.00
0.00
0.00
0.00
0.00
0.00
0.00
0.00
0.00
0.00
0.00
0.00
0.00
0.00
0.00
0.00
0.00
0.00
0.00
0.00
0.00
0.00
0.00
0.00
0.00
0.00
0.00
0.00
0.00
0.00
18.83
18.83
18.83
0.00
0.00
0.00
0.00
0.00
0.00
0.00
0.00
0.00
0.00
0.00
0.00
0.00
0.00
0.00
0.00
0.00
0.00
0.00
0.00
0.00
0.00
0.00
0.00
0.00
0.00
0.00
0.00
0.00
0.00
0.00
13.26
13.26
13.26
0.00
0.00
0.00
0.00
0.00
0.00
0.00
0.00
0.00
0.00
0.00
0.00
0.00
0.00
0.00
0.00
9.30
9.30
9.30
9.30
0.00
0.00
0.00
0.00
0.00
0.00
0.00
0.00
0.00
0.00
0.00
0.00
0.00
0.00
0.00
0.00
0.00
0.00
0.00
0.00
0.00
0.00
0.00
4.16
0.00
0.00
0.00
0.00
0.00
0.00
0.00
0.00
0.00
0.00
0.00
0.00
7.34
12.30
22.12
0.00
1.24
0.00
0.00
1.73
6.04
0.00
9.46
3.62
0.37
0.37
0.00
0.00
0.00
0.00
0.00
0.00
3.10
0.00
0.00
0.00
0.00
0.00
0.00
3.68
3.30
3.30
0.00
0.00
0.00
0.00
0.00
0.00
3.30
0.00
1.65
0.00
0.00
4.23
9.67
5.97
8.33
0.00
2.82
3.29
0.00
0.00
0.73
1.57
8.79
12.90
26.75
18.88
0.00
0.00
0.00
0.00
0.00
11.02
10.45
10.55
22.62
28.90
21.90
1.20
4.14
0.00
0.00
0.00
0.00
0.00
0.00
0.00
1.16
3.13
5.71
0.00
0.00
0.00
0.00
0.00
0.00
0.00
0.00
0.02
4.38
0.00
0.00
0.00
0.00
0.00
2.54
2.71
10.50
7.56
26.28
20.48
9.47
2.35
5.27
0.00
0.00
9.67
0.00
0.00
0.00
0.00
0.00
0.00
0.00
0.45
8.58
1.82
0.60
2.87
1.43
0.00
3.54
2.78
7.83
0.00
4.52
2.13
5.73
8.91
0.60
1.25
0.00
0.00
0.00
0.00
0.00
10.53
9.20
7.34
3.99
0.00
8.60
0.00
0.00
5.95
10.19
1.35
15.08
9.40
18.18
8.00
9.11
4.91
9.47
3.12
0.00
9.05
0.00
0.00
0.00
5.68
0.00
16.23
7.83
7.88
0.00
0.00
0.00
0.00
0.00
0.00
0.72
0.00
0.00
0.00
8.26
9.47
26.10
0.00
0.00
0.00
3.03
8.26
14.21
24.37
14.58
0.00
0.00
1.58
7.31
19.65
0.00
0.00
0.00
0.00
0.00
0.00
0.00
14.29
23.33
33.62
26.94
0.00
26.94
21.61
0.00
0.00
0.00
0.00
0.00
0.00
5.40
0.00
0.00
0.00
0.00
5.40
0.00
0.00
0.00
0.00
0.00
0.00
0.00
0.00
0.00
0.00
0.00
0.00
0.00
0.00
0.00
0.00
0.00
0.00
0.00
10.94
0.00
0.00
0.00
0.00
0.00
0.00
0.00
0.00
0.00
0.00
0.00
0.00
12.82
10.64
15.00
15.32
10.04
6.88
0.00
0.00
0.00
0.00
18.83
0.00
0.00
0.00
0.00
0.00
0.00
0.00
0.00
0.00
0.00
0.00
0.00
0.00
0.00
18.83
18.83
18.83
18.83
0.00
0.00
0.00
0.00
0.00
0.00
0.00
0.00
0.00
0.00
0.00
0.00
0.00
0.00
0.00
0.00
0.00
0.00
0.00
13.26
13.26
0.00
0.00
0.00
0.00
0.00
0.00
0.00
0.00
13.26
13.26
0.00
0.00
0.00
0.00
0.00
13.26
0.00
0.00
13.26
0.00
0.00
0.00
0.00
0.00
0.00
0.00
0.00
0.00
0.00
0.00
0.00
0.00
0.00
0.00
0.00
0.00
0.00
0.00
0.00
0.00
0.00
9.30
0.00
0.00
0.00
9.30
0.00
0.00
0.00
7.61
3.43
0.00
0.00
0.00
0.00
0.00
5.33
0.00
0.00
0.00
0.00
0.00
0.00
0.00
0.00
0.00
4.32
6.47
1.73
0.00
6.47
5.93
6.47
0.00
0.00
0.00
0.00
0.00
0.00
0.00
0.00
0.21
0.00
0.00
0.00
0.00
11.16
0.53
1.65
9.50
6.99
11.71
8.93
16.77
0.21
3.68
0.00
0.37
1.18
4.60
6.91
6.49
0.00
6.15
13.07
0.37
0.00
0.67
0.00
2.50
1.61
1.99
0.26
0.00
6.06
5.55
5.30
10.35
0.00
1.99
0.26
0.00
14.24
8.77
3.86
7.28
0.00
0.00
0.00
0.00
0.00
0.00
0.00
2.98
2.16
6.35
0.00
1.71
0.43
0.00
0.53
0.00
0.00
0.00
0.00
0.07
0.22
0.30
0.00
0.22
0.69
0.00
0.00
1.10
3.71
9.25
4.40
27.49
4.14
11.76
1.76
6.41
11.49
10.95
12.73
13.21
8.69
9.43
13.03
10.75
12.26
21.51
0.00
0.00
8.47
10.39
9.86
3.44
11.61
14.92
24.02
39.28
33.50
24.76
21.82
6.17
17.38
9.64
0.00
0.00
0.00
6.82
0.00
6.53
0.00
0.00
0.00
0.00
0.00
4.57
0.00
0.00
0.00
2.17
12.90
10.13
5.79
6.54
16.51
15.21
7.43
13.90
4.13
0.00
0.00
0.00
0.00
5.74
16.51
15.00
0.52
0.00
8.23
39.84
23.88
5.19
1.67
0.00
15.41
9.83
4.41
0.00
0.00
14.13
0.00
0.00
0.00
0.00
3.33
0.00
0.00
4.52
1.16
18.24
14.49
0.00
0.00
0.00
0.00
0.00
0.00
18.11
0.00
0.00
10.95
0.07
5.11
0.00
0.00
4.91
25.75
28.84
16.36
0.00
0.00
16.58
9.16
12.58
0.00
0.00
0.00
0.00
0.00
0.00
0.00
19.98
18.97
24.74
16.58
0.00
14.29
20.48
19.19
15.29
0.00
21.84
0.00
0.00
0.00
0.00
0.00
0.00
0.00
0.00
0.00
0.00
0.00
0.00
5.72
6.88
0.00
0.00
0.00
0.00
10.64
0.00
0.00
0.00
0.00
0.00
0.00
0.00
0.00
0.00
18.74
23.24
14.03
5.72
0.00
0.00
0.00
0.00
0.00
0.00
0.00
0.00
0.00
0.00
0.00
0.00
18.83
18.83
18.83
18.83
18.83
0.00
0.00
18.83
0.00
0.00
0.00
0.00
0.00
0.00
0.00
0.00
0.00
0.00
0.00
0.00
0.00
0.00
0.00
0.00
13.26
13.26
0.00
0.00
0.00
0.00
13.26
13.26
13.26
0.00
0.00
13.26
13.26
13.26
0.00
0.00
0.00
0.00
0.00
0.00
0.00
0.00
0.00
0.00
0.00
0.00
0.00
0.00
0.00
0.00
0.00
0.00
0.00
0.00
0.00
0.00
0.00
0.00
0.00
0.00
0.00
9.30
9.30
9.30
0.00
0.00
0.00
0.00
0.00
0.00
0.00
9.30
9.30
9.30
9.30
9.30
0.00
0.00
0.00
0.00
0.00
0.00
0.00
0.00
5.33
0.00
9.49
6.68
1.73
0.00
0.00
0.00
4.85
0.89
0.00
0.00
0.00
0.00
0.00
0.00
0.00
0.00
0.00
0.00
0.00
0.00
0.00
0.00
3.80
9.18
0.00
0.00
0.00
0.00
1.65
2.91
0.00
0.00
0.00
0.00
0.00
0.00
0.00
0.00
0.37
0.00
0.00
2.51
0.00
4.95
2.09
2.70
4.32
10.19
0.00
6.66
0.37
0.00
2.70
9.35
9.07
7.28
6.84
5.18
4.41
0.00
1.99
5.55
9.67
0.00
0.00
3.29
4.80
0.00
0.00
0.00
3.58
9.07
0.00
0.00
8.36
18.51
23.60
12.49
0.00
0.00
0.00
0.00
0.00
0.00
3.06
1.10
0.00
4.20
1.47
11.17
7.20
0.02
0.00
10.25
0.02
0.00
0.00
0.00
0.00
0.57
1.18
7.20
10.37
4.81
18.36
14.02
10.93
17.97
16.48
8.62
22.47
13.43
23.12
6.96
0.00
5.22
12.00
0.00
0.00
0.00
0.00
0.00
10.00
3.02
9.61
8.52
4.12
55.55
10.83
15.21
25.20
38.59
14.57
4.62
10.22
0.00
0.00
1.87
25.70
26.01
10.77
13.46
8.34
27.16
15.01
26.51
9.47
0.00
1.50
1.94
1.74
5.37
0.46
0.00
4.11
7.37
7.60
17.13
8.34
10.25
0.00
0.00
0.00
0.00
0.00
0.58
0.00
0.00
0.00
0.00
0.00
0.00
2.15
15.93
3.73
0.00
0.00
0.00
0.00
0.00
10.25
4.98
17.65
14.89
16.86
0.00
0.00
0.00
0.00
0.00
0.00
0.00
11.86
55.41
27.30
25.49
26.14
23.06
17.31
0.00
0.00
0.25
3.53
0.00
0.00
0.00
0.00
0.00
0.00
14.58
20.31
15.75
17.51
0.00
0.00
0.00
0.00
0.00
0.00
0.00
6.80
0.00
0.00
0.00
0.00
0.00
4.28
5.40
0.00
0.00
0.00
0.00
0.00
0.00
0.00
0.00
0.00
0.00
0.00
0.00
0.00
0.00
0.00
0.00
0.00
0.00
0.00
0.00
0.00
0.00
0.00
0.00
0.00
0.00
0.00
0.00
0.00
0.00
0.00
0.00
0.00
0.00
0.00
0.00
0.00
0.00
0.00
0.00
0.00
0.00
0.00
0.00
0.00
0.00
0.00
0.00
0.00
0.00
0.00
0.00
0.00
0.00
0.00
0.00
0.00
0.00
0.00
0.00
0.00
0.00
0.00
0.00
0.00
0.00
0.00
0.00
0.00
0.00
0.00
0.00
0.00
0.00
0.00
0.00
0.00
0.00
0.00
0.00
0.00
0.00
0.00
0.00
0.00
0.00
0.00
0.00
0.00
0.00
13.26
13.26
13.26
13.26
0.00
0.00
0.00
0.00
0.00
0.00
0.00
0.00
0.00
0.00
0.00
0.00
0.00
0.00
0.00
0.00
0.00
0.00
0.00
0.00
0.00
0.00
0.00
9.30
9.30
0.00
9.30
0.00
0.00
0.00
0.00
0.00
0.00
0.00
0.00
0.00
0.00
0.00
0.00
0.00
1.24
0.00
0.00
0.00
0.00
0.00
0.00
0.00
0.00
0.00
0.00
0.00
0.00
0.00
0.00
0.00
0.00
0.00
2.97
0.00
0.00
0.00
0.00
1.24
0.00
0.00
0.00
2.97
5.65
13.95
10.49
8.97
3.93
0.67
11.63
3.15
0.21
2.14
0.37
0.21
0.00
4.95
3.53
3.30
1.81
6.28
0.00
1.76
5.91
0.00
0.00
3.30
7.87
2.41
1.65
4.23
0.00
2.70
3.13
3.72
0.00
0.00
0.00
1.71
1.52
6.03
9.23
8.09
13.02
0.00
7.28
0.00
0.00
0.00
4.92
3.43
7.18
7.72
4.66
12.58
7.11
16.01
5.70
8.66
3.50
0.00
0.16
2.38
0.73
0.30
0.00
0.00
0.00
0.00
0.00
0.00
2.43
3.07
3.45
0.00
0.00
0.09
0.94
0.00
0.57
0.00
8.00
14.12
18.32
7.56
6.81
12.48
14.98
10.50
0.00
0.00
0.53
0.00
2.26
23.01
12.26
8.18
19.11
14.46
10.50
4.92
8.26
9.29
18.21
20.79
5.53
9.26
8.84
0.00
0.00
0.00
5.81
14.52
11.61
14.23
9.89
12.68
8.39
0.00
0.00
0.01
8.83
9.48
18.75
25.88
24.72
12.16
20.62
10.31
9.95
17.06
14.74
5.21
1.31
16.40
7.63
0.38
18.46
26.34
13.68
8.81
26.88
34.85
11.05
4.43
5.34
0.00
6.22
0.00
0.00
0.00
3.82
0.00
0.00
5.47
2.59
0.00
21.58
0.00
10.62
16.46
10.06
0.00
6.22
0.13
1.53
14.87
23.80
11.49
20.40
22.40
19.74
8.74
2.99
0.00
0.00
0.00
7.73
9.74
0.00
17.35
5.50
15.74
0.00
0.00
0.00
0.00
0.00
18.54
0.00
0.00
12.33
12.33
14.36
0.00
0.00
0.00
0.00
0.00
15.75
13.76
0.00
0.00
20.64
27.38
27.95
14.82
10.92
0.00
0.00
0.00
0.00
0.00
0.00
0.00
0.00
0.00
0.00
15.48
13.81
15.26
0.00
0.00
0.00
5.72
0.00
0.00
0.00
0.00
0.00
0.00
0.00
0.00
0.00
0.00
0.00
0.00
0.00
0.00
0.00
0.00
0.00
0.00
0.00
0.00
0.00
0.00
0.00
0.00
0.00
0.00
0.00
0.00
0.00
0.00
0.00
0.00
0.00
0.00
0.00
0.00
0.00
0.00
0.00
18.83
0.00
0.00
0.00
0.00
0.00
0.00
0.00
0.00
0.00
0.00
0.00
0.00
0.00
0.00
0.00
0.00
0.00
0.00
0.00
0.00
0.00
0.00
0.00
0.00
0.00
0.00
0.00
0.00
0.00
0.00
0.00
0.00
0.00
0.00
0.00
0.00
0.00
0.00
0.00
0.00
0.00
0.00
0.00
0.00
0.00
0.00
0.00
0.00
0.00
0.00
0.00
0.00
0.00
9.30
0.00
0.00
9.30
0.00
0.00
0.00
9.30
9.30
0.00
0.00
0.00
0.00
0.00
0.00
0.00
0.00
0.00
0.00
0.00
0.00
0.64
0.00
4.44
4.55
1.08
1.38
0.89
0.00
0.00
0.00
0.00
0.00
1.97
0.00
4.00
4.16
1.51
0.00
5.57
0.00
0.00
0.00
0.00
0.00
1.73
6.68
1.73
2.45
4.48
4.42
0.00
0.00
0.67
2.51
3.68
9.66
7.31
1.87
3.49
1.18
5.47
7.79
10.56
4.68
2.19
0.00
0.00
1.18
3.68
0.00
0.00
5.30
0.00
0.00
6.91
19.55
10.11
11.61
2.24
0.00
0.00
0.00
0.00
0.00
0.00
0.73
0.00
2.07
0.00
0.00
0.00
1.41
2.67
0.00
0.00
6.20
7.01
0.35
13.94
16.66
3.13
1.82
0.97
3.20
0.00
0.00
0.00
0.00
0.00
0.00
0.00
0.00
0.07
1.26
2.94
1.34
1.26
1.51
8.49
10.21
0.00
0.00
0.00
0.00
0.00
0.00
2.43
3.62
8.18
7.25
11.09
9.58
11.29
28.62
31.82
15.02
12.62
15.30
14.12
11.98
15.50
14.06
16.38
11.95
18.21
13.06
8.96
2.34
17.59
19.83
35.05
16.26
31.61
11.27
16.55
13.34
12.06
10.00
2.50
5.42
3.25
10.33
11.78
8.20
8.71
12.00
0.00
0.00
12.46
15.68
0.00
7.77
0.00
8.37
14.21
15.05
22.17
32.09
32.34
14.81
18.61
7.97
9.08
0.42
0.00
1.44
3.87
0.00
0.00
0.00
0.00
0.00
0.00
0.00
3.24
0.00
0.79
9.55
19.28
0.00
0.00
4.80
24.37
13.23
11.49
5.78
0.00
7.35
0.00
0.00
0.00
0.00
18.36
11.73
20.52
6.55
32.60
31.23
24.63
16.73
19.25
0.00
1.90
9.14
0.07
0.00
11.99
15.25
0.00
15.88
9.23
10.80
26.64
0.00
0.00
0.00
0.00
0.00
0.00
0.00
0.00
0.00
0.00
0.00
11.74
0.00
18.51
28.09
24.29
24.11
35.04
43.02
14.82
12.50
0.00
0.00
0.00
0.00
0.00
0.00
0.00
0.00
0.00
0.00
0.00
0.00
6.88
11.65
17.34
11.88
0.00
0.00
0.00
0.00
5.72
0.00
0.00
0.00
0.00
0.00
0.00
0.00
0.00
0.00
0.00
12.08
0.00
0.00
0.00
0.00
0.00
0.00
0.00
0.00
0.00
0.00
0.00
0.00
0.00
0.00
0.00
0.00
0.00
0.00
0.00
0.00
0.00
0.00
0.00
0.00
0.00
0.00
0.00
0.00
0.00
0.00
0.00
0.00
0.00
0.00
0.00
0.00
0.00
0.00
0.00
0.00
0.00
0.00
0.00
0.00
0.00
0.00
0.00
0.00
13.26
13.26
0.00
0.00
0.00
0.00
0.00
0.00
0.00
0.00
0.00
0.00
0.00
0.00
0.00
0.00
0.00
0.00
0.00
13.26
13.26
9.30
0.00
0.00
0.00
0.00
0.00
0.00
0.00
0.00
0.00
0.00
0.00
0.00
0.00
0.00
0.00
0.00
9.30
9.30
0.00
9.30
9.30
0.00
9.30
9.30
0.00
0.00
0.00
0.00
0.00
0.00
0.00
0.00
2.72
0.89
0.00
0.00
8.89
11.96
8.03
0.00
4.16
0.00
0.00
0.00
0.00
0.00
0.00
0.00
0.00
0.00
0.00
0.00
0.00
0.00
0.00
0.00
1.73
6.47
0.00
2.51
0.00
0.00
0.00
5.13
0.37
0.00
0.00
2.29
1.65
1.65
1.18
0.00
0.67
0.93
1.87
6.66
2.70
0.00
0.00
7.95
10.11
8.58
0.67
0.37
1.87
7.47
17.78
11.37
7.50
3.72
5.30
5.18
8.51
7.91
5.18
7.53
4.77
0.00
2.16
5.79
8.14
0.00
0.00
0.00
0.00
0.00
0.00
3.58
0.00
0.00
0.00
0.00
0.00
0.00
0.00
3.20
5.05
17.42
16.70
40.85
27.80
6.28
0.14
24.14
19.42
13.48
1.76
0.00
0.00
0.00
0.00
9.69
24.97
28.85
19.10
31.94
24.97
12.66
20.90
18.04
5.27
7.91
8.53
5.53
8.53
13.11
14.57
8.00
6.63
4.37
29.96
19.28
17.44
15.56
9.18
0.00
0.00
0.00
0.00
0.00
0.00
0.00
0.00
1.60
2.45
0.00
0.00
0.00
12.46
5.88
6.48
20.03
15.97
9.70
12.37
13.88
0.00
8.58
4.62
0.00
0.00
0.00
0.00
0.00
0.00
0.00
0.00
0.00
0.00
0.00
0.00
0.00
0.00
0.00
0.00
0.00
0.00
0.01
13.58
13.35
0.00
2.55
5.29
0.00
9.64
7.34
2.21
6.38
15.24
10.40
0.00
21.23
19.92
37.62
20.71
14.36
0.00
0.00
0.00
0.00
0.00
0.00
0.00
0.00
0.00
0.00
0.00
0.00
0.00
0.00
12.59
13.81
0.00
0.00
0.00
0.00
0.00
0.00
0.00
0.00
0.00
0.00
0.00
0.00
0.00
0.00
0.00
14.58
14.82
32.73
29.34
23.91
0.00
0.00
0.00
21.37
18.83
32.62
41.79
26.33
18.83
6.18
0.00
15.53
0.00
13.76
60.74
49.46
0.00
0.00
5.40
0.00
0.00
0.00
0.00
0.00
0.00
0.00
0.00
0.00
0.00
0.00
0.00
0.00
0.00
0.00
0.00
0.00
13.75
26.31
0.00
0.00
0.00
0.00
0.00
0.00
0.00
0.00
0.00
0.00
0.00
0.00
0.00
0.00
0.00
0.00
18.83
0.00
0.00
0.00
0.00
0.00
0.00
0.00
0.00
0.00
0.00
0.00
0.00
0.00
0.00
0.00
0.00
0.00
0.00
0.00
0.00
0.00
0.00
0.00
0.00
0.00
0.00
0.00
0.00
0.00
0.00
0.00
0.00
0.00
0.00
0.00
0.00
0.00
0.00
0.00
0.00
0.00
0.00
0.00
0.00
0.00
0.00
0.00
0.00
0.00
0.00
0.00
0.00
0.00
0.00
0.00
0.00
0.00
0.00
0.00
0.00
0.00
0.00
0.00
0.00
0.00
0.00
0.00
0.00
0.00
0.00
0.00
0.00
0.00
0.00
0.00
0.00
0.00
0.00
0.00
0.00
0.00
0.00
0.00
0.00
0.00
0.00
1.73
0.00
0.00
1.73
5.45
0.00
0.00
0.00
0.00
0.00
0.00
0.00
6.78
9.03
13.49
14.83
9.49
4.00
9.18
4.16
1.73
6.57
11.91
15.78
13.01
13.42
13.92
8.01
0.00
6.26
4.68
2.51
9.08
5.69
1.81
0.12
0.25
0.46
23.47
14.83
7.39
3.58
3.68
5.22
1.18
9.35
8.11
5.65
5.65
4.06
16.50
2.09
9.35
3.49
7.15
3.40
0.00
0.00
1.87
3.20
2.67
5.42
10.74
6.61
0.00
2.50
0.00
0.00
3.13
4.14
16.40
6.61
9.87
8.25
5.18
10.55
4.14
0.00
0.00
0.00
1.61
0.00
0.00
3.13
0.00
0.43
0.00
0.00
0.00
0.00
0.00
0.00
0.00
1.66
0.00
0.00
1.68
3.45
0.00
2.86
0.00
1.14
2.81
7.29
6.58
10.50
4.23
5.53
19.70
1.43
10.59
3.58
2.48
3.84
20.25
23.05
10.41
5.36
8.93
9.79
8.58
23.35
14.11
17.68
13.85
8.04
17.35
15.24
8.07
9.04
1.89
2.83
5.94
8.80
3.64
7.09
7.46
12.68
9.51
21.18
12.17
10.77
24.21
18.45
15.56
12.46
0.92
3.28
4.77
2.36
6.36
13.85
1.61
3.06
2.01
3.12
0.00
0.00
0.00
0.00
0.00
0.00
2.72
0.00
0.38
0.00
18.07
0.00
2.54
10.43
12.47
13.28
9.71
6.87
2.59
0.01
0.94
11.27
14.81
19.35
34.19
21.57
11.43
12.09
33.48
20.17
10.62
10.39
11.31
2.00
0.00
4.62
12.14
12.31
0.00
10.48
0.00
0.00
9.18
27.81
34.29
26.27
16.46
27.22
7.59
15.12
6.45
9.05
5.01
3.33
0.00
2.00
5.20
29.02
18.97
5.40
0.00
20.76
17.95
23.03
23.62
15.64
0.00
0.00
0.00
30.43
39.95
32.00
5.40
0.00
0.00
0.00
0.00
0.00
9.31
0.00
4.28
4.28
6.80
6.18
4.28
0.00
6.80
6.80
0.00
0.00
0.00
0.00
0.00
0.00
25.33
28.87
8.35
8.21
13.32
4.76
0.00
5.30
5.72
0.00
0.00
0.00
0.00
0.00
0.00
6.38
5.72
4.76
4.76
5.72
0.00
0.00
0.00
0.00
0.00
18.83
18.83
18.83
0.00
18.83
18.83
18.83
18.83
18.83
18.83
0.00
18.83
0.00
0.00
0.00
0.00
0.00
0.00
18.83
18.83
0.00
0.00
0.00
0.00
0.00
0.00
0.00
0.00
0.00
0.00
0.00
0.00
0.00
0.00
0.00
0.00
13.26
13.26
0.00
0.00
0.00
0.00
0.00
0.00
0.00
0.00
0.00
0.00
0.00
0.00
0.00
0.00
0.00
0.00
0.00
0.00
0.00
13.26
0.00
0.00
0.00
0.00
0.00
0.00
0.00
0.00
0.00
0.00
0.00
0.00
9.30
0.00
9.30
0.00
0.00
9.30
0.00
0.00
0.00
0.00
9.30
9.30
0.00
0.00
0.00
9.30
9.30
0.00
0.00
0.00
0.00
0.00
0.00
0.00
0.00
0.00
0.00
4.32
0.00
0.00
0.00
0.00
0.00
1.73
1.73
2.97
0.00
10.86
7.78
10.12
1.73
0.00
4.16
2.45
0.00
0.00
0.00
2.15
4.78
0.00
0.00
0.00
0.00
5.65
5.65
2.91
0.00
0.00
0.00
0.00
2.14
6.41
6.15
13.46
2.09
0.00
0.00
5.13
19.41
12.18
19.16
6.82
0.93
3.10
3.87
2.29
3.87
0.00
1.65
0.67
0.00
0.00
1.20
3.58
2.34
8.87
11.21
10.26
14.92
14.32
18.34
13.38
0.00
0.00
0.00
0.00
0.00
0.00
0.00
5.91
9.72
8.17
0.91
0.00
3.68
13.40
15.75
13.29
7.50
12.13
9.07
2.16
0.00
0.22
0.00
0.00
0.00
0.00
0.00
0.00
5.01
5.01
7.64
3.97
25.72
12.30
20.07
0.00
0.00
0.00
0.00
1.76
2.09
6.58
4.23
7.11
0.03
1.22
8.78
1.93
4.88
6.52
8.15
1.21
4.37
14.29
12.23
26.82
22.62
6.67
0.00
7.40
5.12
6.46
7.19
7.83
6.98
7.35
7.48
19.35
12.00
0.00
0.00
0.00
0.00
0.00
0.00
0.00
7.46
1.69
0.00
0.00
3.83
0.00
0.00
0.00
0.00
0.00
0.00
0.00
0.00
0.00
0.00
7.43
0.89
0.00
0.00
0.00
0.00
0.00
0.00
0.00
11.46
7.74
1.17
10.59
12.47
9.53
0.00
0.00
5.06
5.76
0.00
0.00
0.00
1.80
0.00
13.40
0.00
0.00
5.59
25.57
20.88
17.71
0.00
20.35
20.52
9.18
0.00
24.37
11.21
0.00
0.00
1.58
0.00
0.00
0.00
0.00
0.00
0.00
0.00
0.00
0.00
0.00
0.00
13.47
5.40
13.76
0.00
0.00
18.03
12.50
0.00
0.00
0.00
0.00
0.00
0.00
0.00
0.00
0.00
0.00
0.00
0.00
0.00
0.00
0.00
0.00
0.00
0.00
0.00
0.00
0.00
0.00
0.00
0.00
0.00
0.00
0.00
0.00
0.00
0.00
0.00
0.00
0.00
0.00
0.00
0.00
0.00
0.00
0.00
0.00
0.00
0.00
0.00
0.00
0.00
0.00
0.00
0.00
0.00
0.00
0.00
0.00
0.00
0.00
0.00
0.00
0.00
0.00
0.00
0.00
0.00
0.00
0.00
0.00
0.00
0.00
0.00
0.00
0.00
0.00
0.00
0.00
0.00
0.00
0.00
0.00
0.00
0.00
0.00
0.00
0.00
0.00
0.00
18.83
13.26
13.26
13.26
0.00
0.00
0.00
0.00
0.00
0.00
0.00
0.00
0.00
0.00
0.00
0.00
0.00
0.00
13.26
13.26
13.26
13.26
0.00
0.00
13.26
13.26
0.00
0.00
0.00
0.00
0.00
0.00
0.00
0.00
9.30
9.30
9.30
9.30
9.30
0.00
0.00
0.00
0.00
0.00
0.00
0.00
0.00
0.00
9.30
9.30
9.30
9.30
9.30
0.00
0.00
9.30
9.30
0.00
0.00
9.30
3.43
0.00
5.05
0.00
0.00
3.43
4.16
1.73
0.00
2.97
4.48
5.05
0.00
0.00
0.00
1.24
0.00
0.00
0.00
1.73
2.97
3.43
10.37
10.75
19.41
8.12
4.16
2.97
0.00
0.00
4.48
0.00
0.00
2.29
0.00
1.18
0.00
3.10
3.10
0.00
0.00
0.00
0.00
0.00
0.00
1.65
0.37
4.23
3.68
5.81
2.91
0.37
0.37
4.60
0.93
12.46
4.60
2.91
2.09
3.40
4.60
0.00
5.30
7.28
4.41
0.00
0.00
0.00
5.05
1.80
0.00
15.46
16.68
17.28
16.08
15.50
0.00
5.61
2.90
4.41
0.43
3.06
11.63
4.00
2.34
7.93
18.99
5.79
11.21
0.00
0.00
0.00
0.00
0.00
2.18
0.30
3.65
9.03
0.00
6.39
14.59
34.15
25.12
13.57
0.00
0.00
0.00
0.00
0.00
0.00
0.00
0.00
0.00
0.00
3.71
0.00
7.03
0.00
0.00
0.00
0.00
0.00
0.00
0.00
0.00
0.00
0.00
0.00
0.00
0.00
0.00
18.57
25.07
50.58
33.02
9.18
6.59
0.00
0.00
0.00
0.00
0.00
1.09
0.92
4.03
4.77
22.37
8.42
7.94
1.95
5.22
37.81
68.68
10.37
1.17
0.00
0.00
0.00
0.00
0.00
3.87
21.87
36.02
34.02
38.90
10.43
10.65
13.61
3.31
0.00
0.00
7.43
0.00
0.00
0.00
0.00
1.10
10.31
0.00
0.00
0.00
0.00
0.00
0.00
0.00
0.00
0.94
0.00
20.17
0.00
0.00
0.00
22.54
16.50
21.54
19.03
17.53
33.19
71.98
30.25
0.00
0.13
0.00
0.00
0.00
0.94
0.00
0.00
0.00
0.00
0.00
0.00
0.49
2.92
17.68
13.89
0.00
0.00
0.00
0.00
0.00
0.00
0.00
0.00
0.00
0.00
0.00
0.00
0.00
0.00
31.24
40.32
34.50
28.70
0.00
0.00
5.40
5.40
3.40
0.00
0.00
5.82
6.80
7.45
6.80
6.88
5.72
6.88
6.88
6.38
4.76
4.76
4.76
4.76
0.00
0.00
0.00
0.00
0.00
0.00
0.00
0.00
0.00
6.88
6.88
6.88
6.88
0.00
6.88
6.88
0.00
0.00
0.00
5.72
5.72
0.00
0.00
18.83
18.83
0.00
0.00
0.00
18.83
18.83
0.00
0.00
0.00
0.00
0.00
0.00
0.00
0.00
0.00
0.00
0.00
0.00
0.00
0.00
0.00
0.00
0.00
0.00
0.00
0.00
0.00
0.00
0.00
0.00
0.00
0.00
0.00
0.00
0.00
0.00
0.00
0.00
0.00
0.00
0.00
0.00
0.00
0.00
0.00
0.00
0.00
0.00
13.26
0.00
0.00
0.00
0.00
0.00
13.26
13.26
13.26
13.26
13.26
0.00
0.00
0.00
9.30
9.30
9.30
9.30
0.00
9.30
9.30
0.00
9.30
0.00
0.00
0.00
0.00
0.00
0.00
9.30
0.00
9.30
9.30
9.30
9.30
9.30
0.00
9.30
9.30
7.91
0.89
0.89
0.00
0.00
0.00
0.00
0.00
0.00
0.00
0.00
0.00
1.73
8.12
0.00
0.00
4.08
0.00
0.00
0.00
0.00
0.00
0.00
0.00
0.00
2.59
0.00
0.00
0.00
0.00
0.00
3.10
0.00
0.00
0.00
0.00
0.00
0.00
2.29
2.29
35.97
5.04
4.60
8.50
0.00
0.00
0.00
0.00
5.52
3.40
7.39
15.14
2.19
3.10
3.49
2.29
2.09
10.41
10.56
0.00
6.33
0.00
7.06
2.50
13.02
5.18
0.00
3.72
4.80
4.92
0.00
0.00
6.38
7.09
6.81
0.97
0.00
7.39
0.00
0.00
0.00
0.00
1.25
0.00
4.47
3.61
8.04
0.00
6.86
1.75
0.00
15.00
9.54
5.75
15.44
5.99
19.86
8.51
2.14
0.00
0.00
4.57
4.84
9.92
0.00
0.00
0.00
0.00
0.00
0.00
0.00
0.00
3.03
7.11
8.98
0.00
0.00
0.00
0.00
0.00
0.00
0.61
3.73
0.00
3.49
2.09
0.00
0.00
0.00
0.99
1.38
0.00
0.00
0.00
10.94
12.35
17.86
10.39
13.54
19.68
10.77
4.32
0.00
4.72
2.09
1.17
0.02
2.54
0.00
7.30
15.33
14.00
3.73
10.43
16.89
5.09
26.45
18.96
8.34
16.58
17.76
7.20
0.00
0.00
4.91
0.00
0.00
0.00
0.00
15.24
0.00
11.18
7.97
0.00
0.00
2.72
0.00
1.13
9.88
5.97
0.00
0.00
0.00
7.57
0.00
0.00
2.22
0.00
0.00
0.00
14.30
11.40
0.00
0.00
0.00
0.00
0.00
9.74
0.00
0.00
0.00
9.93
12.59
0.00
0.00
0.00
0.00
0.00
0.00
8.26
4.72
1.64
0.00
0.00
0.00
26.78
27.73
28.09
0.00
26.67
25.35
18.58
30.05
26.29
35.44
36.86
27.16
10.92
10.46
13.14
0.00
0.00
0.00
0.00
0.00
0.00
0.00
0.00
0.00
0.00
0.00
0.00
0.00
0.00
0.00
17.03
18.68
25.74
25.17
8.35
0.00
0.00
0.00
0.00
0.00
0.00
0.00
0.00
6.88
6.88
6.88
6.88
5.72
5.72
0.00
21.54
19.69
12.08
23.17
5.72
0.00
5.72
5.72
4.76
4.76
0.00
0.00
18.83
18.83
18.83
18.83
18.83
18.83
18.83
0.00
18.83
18.83
18.83
18.83
18.83
18.83
0.00
18.83
0.00
0.00
0.00
0.00
0.00
0.00
18.83
18.83
18.83
18.83
18.83
18.83
18.83
0.00
13.26
0.00
0.00
0.00
0.00
0.00
0.00
0.00
0.00
0.00
0.00
13.26
13.26
13.26
0.00
0.00
0.00
0.00
0.00
0.00
0.00
0.00
0.00
0.00
0.00
0.00
0.00
0.00
0.00
13.26
9.30
0.00
0.00
0.00
0.00
0.00
0.00
9.30
0.00
0.00
0.00
0.00
0.00
0.00
0.00
0.00
0.00
9.30
0.00
0.00
0.00
0.00
0.00
0.00
0.00
0.00
9.30
9.30
0.00
0.00
8.43
11.22
13.95
1.24
9.46
0.00
1.24
0.00
0.00
0.00
0.00
0.00
0.00
3.43
0.00
0.00
0.00
0.00
0.00
0.00
1.73
0.00
0.00
0.00
0.00
5.81
4.78
9.32
21.17
29.70
18.64
6.82
0.67
0.67
24.99
14.02
10.86
5.04
11.45
0.00
0.00
0.00
0.00
4.06
4.42
4.42
0.00
0.00
0.21
0.00
1.41
12.86
10.11
6.82
5.47
0.00
0.00
0.00
0.00
0.00
0.00
1.84
1.71
0.00
0.00
0.00
7.77
6.55
14.75
12.31
5.36
0.00
0.00
0.00
0.00
0.00
0.00
0.00
0.00
8.71
8.38
5.94
7.11
6.29
6.43
4.89
12.60
20.47
10.76
11.81
8.71
12.85
0.00
0.00
0.00
0.00
0.00
0.00
4.49
2.90
5.14
17.08
18.50
11.45
23.07
15.64
12.03
14.52
13.39
6.89
0.00
0.00
4.14
3.89
7.38
12.58
10.63
27.12
26.33
22.88
3.64
9.83
10.83
3.15
14.41
28.10
9.42
17.62
8.80
9.95
19.14
15.79
14.37
0.00
0.00
0.00
0.00
0.00
0.00
0.00
0.00
6.77
10.33
8.66
8.45
5.78
0.72
10.33
18.75
8.18
0.00
0.00
0.00
0.00
4.31
21.79
17.54
4.02
14.91
4.18
9.05
8.81
0.00
0.00
0.00
0.00
0.00
1.10
2.51
0.00
0.00
18.89
4.28
0.00
0.00
8.40
11.84
18.07
0.00
14.14
18.11
0.00
0.00
0.00
0.00
0.00
0.00
0.00
0.00
25.31
0.00
32.08
16.10
12.31
6.36
14.30
0.00
19.12
16.81
20.00
33.28
0.00
2.00
0.00
0.00
0.00
0.00
0.00
0.00
0.00
0.00
0.00
16.77
12.15
0.00
0.00
0.00
0.00
18.51
25.60
0.00
0.00
0.00
9.88
0.00
0.00
0.00
0.00
0.00
0.00
0.00
0.00
0.00
0.00
0.00
0.00
0.00
21.37
13.14
0.00
0.00
0.00
0.00
0.00
0.00
0.00
0.00
0.00
0.00
0.00
0.00
0.00
0.00
5.72
18.68
26.09
19.90
19.09
16.28
0.00
0.00
0.00
0.00
0.00
0.00
0.00
0.00
5.72
0.00
0.00
0.00
0.00
0.00
0.00
0.00
0.00
0.00
18.83
0.00
0.00
0.00
0.00
0.00
0.00
0.00
0.00
0.00
0.00
0.00
0.00
0.00
0.00
0.00
0.00
0.00
18.83
18.83
18.83
18.83
0.00
0.00
0.00
0.00
0.00
0.00
0.00
0.00
0.00
0.00
0.00
0.00
0.00
0.00
0.00
0.00
0.00
0.00
0.00
0.00
0.00
0.00
0.00
0.00
0.00
0.00
0.00
0.00
0.00
0.00
0.00
0.00
0.00
0.00
0.00
0.00
0.00
0.00
0.00
0.00
0.00
0.00
0.00
0.00
0.00
0.00
0.00
0.00
0.00
0.00
0.00
9.30
9.30
9.30
9.30
0.00
0.00
9.30
9.30
9.30
9.30
9.30
9.30
9.30
9.30
0.00
0.00
0.00
6.92
1.97
0.89
1.51
4.99
1.24
1.24
0.00
0.00
0.00
5.02
0.00
9.76
6.92
9.93
9.39
10.03
0.00
0.00
0.00
0.00
0.00
0.00
0.00
5.05
1.73
0.00
0.00
0.00
1.87
0.21
3.30
2.09
0.37
0.67
0.00
0.00
3.77
17.04
24.74
9.50
4.23
0.00
0.00
10.26
11.16
2.51
4.15
4.23
2.91
0.00
2.09
1.41
0.93
0.00
0.00
0.67
3.30
4.14
9.47
2.34
4.27
4.14
4.92
7.28
8.14
0.00
0.00
0.00
0.00
0.00
0.00
0.00
0.00
0.00
0.00
0.00
0.00
0.00
0.00
4.34
2.67
7.34
0.00
0.00
0.00
13.36
25.51
27.12
25.00
0.09
5.73
6.19
31.52
19.15
2.60
0.00
0.00
0.00
0.00
0.00
3.67
0.67
0.00
0.00
0.00
0.00
0.00
0.00
0.00
0.00
0.00
0.00
0.00
0.00
0.00
0.00
5.58
10.14
5.33
7.72
8.47
12.80
26.13
22.62
0.00
0.00
0.00
0.00
6.16
6.12
3.90
4.57
1.36
14.29
48.55
28.32
3.44
22.40
14.90
6.51
0.01
4.42
16.91
14.29
15.62
15.56
15.68
16.09
5.53
11.56
6.16
0.01
0.00
0.00
0.00
0.96
7.20
11.87
19.93
17.20
5.27
7.48
1.46
12.13
8.11
0.00
4.55
18.57
16.82
3.70
0.00
0.00
0.00
0.00
0.00
0.00
0.00
6.05
11.21
7.57
18.63
16.28
6.79
6.41
14.62
0.00
0.00
0.00
0.00
0.00
14.21
15.02
10.02
8.06
0.00
4.03
15.02
3.84
12.40
0.00
0.00
0.00
8.26
0.00
0.00
0.00
1.67
0.00
15.34
0.32
0.00
0.00
0.00
0.00
0.00
0.00
0.00
0.00
15.96
29.28
21.08
0.00
0.00
0.00
11.74
0.00
4.28
4.28
4.28
4.28
14.88
12.15
6.80
0.00
0.00
0.00
0.00
0.00
0.00
0.00
0.00
0.00
0.00
8.85
8.35
12.08
14.28
13.32
11.43
12.08
0.00
0.00
0.00
14.77
0.00
10.64
21.86
10.94
0.00
0.00
0.00
0.00
0.00
0.00
0.00
0.00
0.00
0.00
0.00
0.00
0.00
0.00
0.00
0.00
0.00
0.00
0.00
0.00
0.00
0.00
0.00
0.00
0.00
0.00
0.00
0.00
0.00
0.00
0.00
0.00
18.83
18.83
0.00
0.00
0.00
0.00
0.00
0.00
0.00
0.00
0.00
0.00
0.00
13.26
13.26
0.00
0.00
0.00
0.00
0.00
0.00
0.00
0.00
0.00
0.00
0.00
0.00
0.00
0.00
0.00
0.00
0.00
0.00
0.00
0.00
0.00
0.00
0.00
0.00
0.00
0.00
0.00
0.00
0.00
0.00
0.00
9.30
9.30
0.00
0.00
0.00
0.00
0.00
0.00
0.00
0.00
0.00
0.00
0.00
0.00
0.00
0.00
0.00
0.00
0.00
0.00
0.00
0.00
0.00
9.30
9.30
8.12
14.22
10.00
1.73
6.57
4.78
1.24
0.89
7.16
3.11
11.35
7.78
0.00
9.32
6.04
7.44
0.00
0.89
7.07
3.11
5.87
7.38
8.43
6.68
0.00
0.00
0.00
1.73
0.00
6.68
3.80
6.66
0.00
3.87
2.14
2.81
3.46
0.93
3.30
4.23
6.95
1.54
0.00
0.00
0.00
0.00
5.13
6.41
0.93
4.78
3.68
2.51
5.47
1.76
8.22
10.83
6.82
2.84
0.00
3.15
31.59
20.73
13.02
6.61
1.80
0.00
0.00
0.00
0.00
11.12
0.00
0.00
0.00
0.00
1.61
7.28
18.23
14.58
5.91
7.39
10.45
10.35
4.14
0.00
0.00
0.00
0.00
0.00
0.00
0.00
0.00
8.77
0.00
0.00
0.00
0.00
5.53
2.18
7.11
0.00
0.00
0.00
0.00
0.00
3.35
8.73
11.62
16.53
4.31
9.54
13.23
13.64
16.78
25.88
30.51
7.11
0.02
9.38
3.67
3.51
9.20
6.41
10.52
14.08
23.23
3.87
21.27
8.28
5.53
9.73
25.20
17.92
31.52
33.73
25.51
24.79
28.73
5.15
10.47
10.33
11.17
20.61
7.51
0.76
3.51
8.64
18.75
11.33
14.17
10.13
12.17
6.25
6.25
2.81
5.81
23.06
20.62
12.93
9.16
11.65
0.81
11.34
2.81
1.61
6.90
21.46
12.99
1.19
0.00
0.00
0.00
0.00
13.05
7.26
2.81
14.67
2.04
7.48
1.88
0.00
1.15
7.77
0.46
0.00
20.44
24.88
35.31
37.95
31.32
6.83
7.92
14.13
21.62
19.17
24.19
0.00
0.00
0.00
0.00
0.00
0.00
0.00
0.00
0.00
1.38
12.31
0.00
0.00
15.93
20.44
30.04
1.70
5.01
3.84
25.68
18.51
23.03
9.31
10.92
18.97
0.00
0.00
0.00
0.00
0.00
0.00
0.00
0.00
0.00
0.00
0.00
0.00
0.00
17.68
10.46
17.68
29.89
27.24
19.56
0.00
0.00
0.00
0.00
0.00
4.28
6.38
4.76
0.00
0.00
0.00
0.00
0.00
0.00
0.00
0.00
20.58
33.43
28.00
20.53
0.00
5.72
0.00
0.00
0.00
0.00
0.00
0.00
6.88
0.00
0.00
0.00
0.00
0.00
0.00
0.00
0.00
0.00
0.00
0.00
0.00
0.00
18.83
0.00
0.00
0.00
18.83
0.00
18.83
0.00
0.00
0.00
0.00
18.83
18.83
18.83
18.83
18.83
18.83
18.83
0.00
18.83
0.00
0.00
0.00
0.00
0.00
0.00
0.00
13.26
13.26
0.00
0.00
0.00
0.00
0.00
0.00
0.00
0.00
0.00
0.00
0.00
0.00
0.00
13.26
0.00
0.00
0.00
0.00
0.00
0.00
0.00
0.00
0.00
13.26
13.26
13.26
13.26
9.30
9.30
0.00
0.00
9.30
0.00
0.00
0.00
0.00
0.00
0.00
0.00
0.00
0.00
0.00
0.00
0.00
0.00
0.00
9.30
0.00
0.00
0.00
0.00
0.00
0.00
0.00
0.00
0.00
0.00
3.80
0.89
0.00
0.00
5.05
7.44
2.97
0.00
0.00
0.00
0.00
0.00
0.00
0.00
0.00
0.00
0.00
0.00
0.00
0.00
0.00
5.93
0.00
7.44
0.00
0.00
0.00
4.16
0.00
7.79
7.63
5.81
30.65
15.55
0.67
5.81
3.10
1.18
0.53
0.00
0.00
1.65
0.00
0.93
0.00
1.87
3.87
0.00
0.00
0.00
0.00
0.00
1.18
2.29
0.00
0.93
5.47
4.78
14.58
9.18
0.00
0.00
0.00
0.00
0.00
0.00
3.43
6.73
13.55
0.00
6.27
1.61
5.18
13.29
14.41
13.55
7.72
1.90
5.42
0.00
0.00
0.00
0.00
0.00
0.00
0.00
0.00
0.00
0.00
26.53
48.35
32.37
13.41
5.38
0.00
0.00
0.00
0.03
8.42
16.44
26.59
19.03
11.45
10.75
9.87
9.51
6.32
0.00
0.00
0.00
0.00
0.00
0.00
0.00
0.00
0.00
0.00
0.00
0.00
0.00
3.64
12.35
24.70
23.78
15.33
18.45
9.37
9.45
33.02
21.88
12.46
12.35
10.66
4.62
0.84
14.86
0.60
0.00
2.22
0.00
0.00
0.00
0.00
2.04
1.47
0.02
0.00
0.00
0.00
0.00
0.00
2.90
25.56
40.70
39.45
31.12
18.25
13.61
15.85
8.84
2.59
22.08
14.07
5.37
4.86
1.10
1.38
5.60
2.70
0.00
8.58
15.82
0.00
0.00
0.00
0.00
11.68
5.55
16.47
0.00
0.00
3.65
10.99
16.81
1.75
7.41
9.38
9.56
2.37
2.83
3.03
7.88
7.21
12.86
17.35
0.25
0.00
0.00
0.00
0.00
0.13
10.99
4.28
2.00
0.00
13.32
14.80
21.66
13.51
0.00
0.00
0.00
0.00
27.01
31.18
0.00
0.00
0.00
0.00
0.00
0.00
0.00
18.97
15.29
0.00
0.00
0.00
0.00
6.80
6.80
4.28
3.40
4.28
0.00
0.00
0.00
0.00
0.00
0.00
0.00
0.00
0.00
0.00
0.00
0.00
0.00
0.00
0.00
0.00
0.00
0.00
0.00
0.00
0.00
0.00
0.00
0.00
0.00
0.00
0.00
0.00
0.00
0.00
0.00
23.62
26.99
16.71
13.15
6.88
6.88
0.00
0.00
0.00
0.00
0.00
0.00
0.00
0.00
0.00
18.83
18.83
18.83
18.83
18.83
0.00
18.83
18.83
18.83
0.00
0.00
0.00
0.00
0.00
0.00
0.00
0.00
0.00
0.00
0.00
0.00
0.00
0.00
0.00
0.00
13.26
0.00
0.00
0.00
0.00
0.00
0.00
0.00
0.00
0.00
0.00
0.00
0.00
0.00
0.00
0.00
0.00
0.00
0.00
0.00
0.00
0.00
0.00
0.00
0.00
0.00
0.00
0.00
0.00
0.00
0.00
0.00
0.00
0.00
0.00
0.00
0.00
0.00
0.00
0.00
0.00
0.00
0.00
0.00
0.00
0.00
0.00
0.00
0.00
0.00
0.00
0.00
9.30
9.30
0.00
0.00
0.00
9.30
0.00
0.00
0.00
0.00
0.00
0.00
0.00
0.00
0.00
0.00
0.00
3.80
4.92
4.64
0.00
0.00
0.00
1.97
1.97
3.11
0.00
0.00
0.00
0.00
4.55
2.31
0.00
0.00
0.00
0.00
0.00
0.00
0.00
0.00
0.00
1.18
1.06
0.00
6.15
0.00
0.00
0.00
0.67
0.00
0.37
0.00
2.91
2.70
4.42
3.10
0.00
0.00
1.18
0.00
0.00
0.00
0.00
0.00
0.00
0.00
0.00
0.00
0.00
0.00
2.34
3.43
0.00
0.00
0.00
0.00
0.00
0.00
7.47
4.63
0.00
3.06
0.00
0.00
0.00
0.00
2.67
4.54
1.80
6.27
3.86
4.14
0.00
0.00
0.00
5.67
0.00
2.50
13.51
15.66
8.87
35.48
16.14
12.85
6.17
0.00
0.00
9.07
4.79
4.05
7.82
0.69
8.20
6.92
10.71
36.35
32.84
0.69
11.35
10.75
15.50
23.60
10.66
3.28
7.38
7.25
8.40
7.40
9.13
9.18
8.31
3.80
11.44
5.15
7.80
1.38
5.68
7.70
6.90
11.59
6.22
9.61
12.35
13.85
8.64
10.39
14.92
16.23
19.41
24.92
33.86
8.71
28.07
29.96
33.15
19.46
21.88
22.62
10.61
12.46
17.41
0.89
0.00
0.07
2.19
9.31
8.37
9.29
4.70
1.46
0.58
0.00
4.75
0.00
0.00
11.84
0.00
1.27
0.00
3.40
11.78
12.06
1.03
3.70
0.68
1.76
10.25
13.16
0.00
0.00
0.00
4.23
0.00
0.00
0.00
0.00
0.00
0.00
16.10
0.00
0.00
4.72
8.06
14.58
30.39
17.08
4.52
24.19
15.02
9.88
7.78
0.00
0.00
0.00
0.00
0.00
0.00
0.00
0.00
0.00
0.00
0.00
0.00
0.00
8.66
16.36
48.98
47.51
30.47
0.00
0.00
14.29
16.06
15.29
0.00
6.80
0.00
0.00
4.28
0.00
0.00
0.00
0.00
0.00
0.00
0.00
0.00
0.00
0.00
4.28
0.00
0.00
15.21
6.88
16.05
4.76
4.76
0.00
0.00
0.00
0.00
0.00
13.96
18.95
14.16
0.00
0.00
0.00
0.00
0.00
0.00
0.00
0.00
0.00
0.00
0.00
0.00
0.00
0.00
0.00
0.00
0.00
0.00
0.00
0.00
0.00
0.00
0.00
0.00
0.00
0.00
0.00
0.00
0.00
0.00
0.00
0.00
0.00
0.00
0.00
0.00
0.00
0.00
0.00
0.00
0.00
0.00
0.00
0.00
0.00
0.00
0.00
0.00
0.00
0.00
0.00
0.00
0.00
0.00
0.00
0.00
0.00
0.00
0.00
0.00
0.00
0.00
0.00
0.00
0.00
0.00
0.00
0.00
0.00
0.00
13.26
13.26
0.00
0.00
0.00
0.00
0.00
0.00
0.00
9.30
9.30
9.30
9.30
0.00
0.00
0.00
0.00
9.30
0.00
9.30
9.30
9.30
0.00
9.30
9.30
0.00
0.00
0.00
0.00
0.00
9.30
0.00
0.00
0.00
0.00
0.00
0.00
0.00
0.00
0.00
0.00
0.00
0.00
0.00
0.00
0.00
0.00
0.00
0.00
0.00
0.00
0.00
0.00
0.00
0.00
0.00
0.00
0.00
0.00
3.43
4.78
4.78
0.00
5.70
9.46
9.67
1.73
1.73
0.00
0.00
0.00
4.23
1.18
0.00
0.00
0.21
3.10
5.99
14.93
4.42
4.78
2.09
3.10
0.67
2.51
0.00
0.00
1.76
0.00
0.00
0.00
1.18
0.00
6.45
7.47
9.81
3.40
8.22
14.65
6.66
6.84
5.42
1.94
0.00
0.00
3.13
8.87
3.29
0.00
14.49
8.36
7.50
0.00
13.14
0.00
0.00
0.00
0.00
9.67
18.69
23.69
22.26
9.97
11.95
13.90
12.31
9.67
0.00
9.67
7.50
6.41
0.00
10.77
12.03
18.69
10.14
11.98
16.95
7.69
9.25
7.03
2.60
15.85
24.51
25.63
15.57
16.40
14.93
19.06
12.85
12.85
18.04
14.39
27.45
16.85
0.00
0.00
0.00
0.00
0.00
0.00
0.00
0.00
6.62
0.80
7.40
2.83
11.27
12.60
30.82
35.69
33.41
29.90
20.55
13.83
2.92
7.30
9.51
11.00
15.04
0.24
0.00
0.00
6.36
0.00
0.00
0.76
3.15
0.17
8.15
0.00
1.10
0.00
0.00
0.00
0.00
5.65
0.91
8.32
25.83
36.82
18.86
13.39
12.06
1.44
2.17
5.79
20.40
10.62
0.00
0.00
1.17
0.00
19.46
13.42
1.57
11.37
1.97
0.00
10.37
17.76
15.82
22.46
0.00
0.00
0.00
0.00
0.00
23.14
29.95
17.44
11.08
21.49
25.66
0.00
0.00
0.00
3.33
20.00
0.00
0.00
0.00
17.79
14.58
11.68
11.40
13.40
0.00
0.00
0.00
0.00
0.00
14.03
15.75
37.06
14.16
5.40
0.00
0.00
0.00
0.00
0.00
0.00
10.46
28.85
17.34
0.00
0.00
0.00
0.00
0.00
0.00
15.29
27.67
21.61
6.80
20.11
12.50
6.80
0.00
0.00
0.00
0.00
0.00
4.76
4.76
0.00
0.00
5.72
6.88
6.88
6.88
0.00
0.00
5.72
0.00
0.00
0.00
6.88
6.88
6.88
6.88
0.00
0.00
0.00
0.00
0.00
0.00
0.00
0.00
0.00
19.79
12.08
0.00
18.83
0.00
18.83
0.00
0.00
0.00
0.00
0.00
0.00
0.00
0.00
18.83
0.00
0.00
0.00
18.83
0.00
0.00
0.00
18.83
0.00
0.00
0.00
0.00
0.00
0.00
0.00
0.00
0.00
0.00
0.00
0.00
0.00
0.00
0.00
0.00
0.00
0.00
0.00
0.00
0.00
0.00
0.00
0.00
0.00
0.00
13.26
13.26
0.00
0.00
0.00
0.00
0.00
0.00
0.00
0.00
0.00
0.00
0.00
0.00
0.00
0.00
0.00
0.00
0.00
0.00
0.00
0.00
0.00
0.00
0.00
0.00
0.00
0.00
0.00
0.00
0.00
0.00
0.00
0.00
0.00
0.00
0.00
0.00
0.00
0.00
0.00
0.00
9.30
0.00
0.00
1.24
4.92
0.00
0.00
0.00
0.00
5.05
0.00
0.00
3.80
7.34
0.00
12.64
9.25
13.88
17.84
12.76
5.81
9.46
0.00
0.00
11.66
2.45
3.80
4.48
17.82
2.97
9.73
0.00
5.99
14.10
7.83
1.00
0.46
0.00
0.00
0.00
0.00
0.00
0.00
0.00
0.93
1.87
0.00
0.00
0.00
0.00
3.40
0.00
1.41
0.00
0.00
0.00
0.00
0.00
0.00
0.00
0.00
0.00
0.00
0.73
2.16
3.06
3.36
8.87
9.87
14.16
9.27
6.75
9.07
10.74
13.29
8.77
0.00
0.00
10.07
7.93
13.12
0.00
16.90
15.81
23.34
1.61
10.69
14.32
10.67
0.00
3.50
7.18
3.61
13.68
1.36
8.00
1.64
5.71
0.00
0.00
0.00
0.00
2.86
5.01
7.38
3.97
5.89
8.18
27.21
21.45
17.58
8.80
1.93
5.84
8.36
8.44
0.00
0.00
0.00
0.00
3.58
7.11
11.49
32.32
36.05
22.49
23.35
23.11
2.11
7.27
0.78
1.91
10.55
9.61
7.75
13.08
7.40
6.46
0.00
0.92
4.52
7.14
0.00
0.00
0.00
0.00
1.43
8.85
7.30
13.03
4.72
12.52
22.37
15.89
0.38
0.00
0.14
1.22
0.46
0.00
0.58
2.01
6.87
10.25
4.65
27.66
50.71
21.79
6.05
0.00
0.00
9.20
7.32
0.00
0.00
6.56
6.60
1.31
2.19
19.46
16.68
7.77
7.26
11.81
0.00
16.73
21.37
0.00
8.86
22.54
7.46
0.00
0.00
0.00
4.42
6.16
3.44
7.50
2.83
26.79
11.40
14.49
17.88
20.66
11.95
8.15
23.37
11.17
0.00
0.00
0.00
0.00
0.00
0.00
0.00
21.84
0.00
0.00
0.00
0.00
20.11
18.97
23.91
28.49
31.73
20.88
21.61
28.22
36.24
24.74
6.80
0.00
0.00
0.00
0.00
6.18
0.00
0.00
0.00
0.00
0.00
0.00
0.00
0.00
0.00
23.43
0.00
12.08
12.08
19.37
17.87
15.96
18.40
20.20
17.91
12.37
21.58
8.35
9.70
0.00
0.00
0.00
5.72
6.88
0.00
0.00
0.00
3.95
3.95
3.95
0.00
0.00
5.72
6.07
6.88
4.76
0.00
0.00
0.00
18.83
18.83
18.83
0.00
0.00
0.00
0.00
0.00
0.00
0.00
0.00
0.00
0.00
0.00
0.00
0.00
0.00
0.00
0.00
0.00
0.00
0.00
0.00
0.00
18.83
0.00
0.00
0.00
0.00
0.00
0.00
0.00
0.00
0.00
0.00
0.00
0.00
0.00
0.00
13.26
13.26
13.26
13.26
0.00
0.00
0.00
0.00
0.00
0.00
13.26
0.00
0.00
0.00
0.00
0.00
13.26
13.26
13.26
13.26
0.00
0.00
0.00
0.00
0.00
0.00
0.00
9.30
9.30
9.30
0.00
0.00
0.00
0.00
0.00
0.00
0.00
0.00
0.00
0.00
0.00
0.00
0.00
0.00
0.00
0.00
9.30
9.30
0.00
0.00
0.00
0.00
3.80
7.25
13.49
14.66
17.99
0.00
0.00
0.00
0.00
0.00
0.00
1.24
2.45
4.71
3.22
7.29
0.00
0.00
0.00
0.00
4.08
12.36
8.62
7.44
0.00
0.00
0.00
0.00
0.00
0.00
0.00
2.81
0.00
0.00
0.00
0.00
0.00
0.00
0.00
0.00
2.91
3.77
2.51
0.37
1.70
0.00
1.76
0.21
4.60
8.42
3.87
7.47
9.66
1.87
0.00
0.00
0.00
0.00
0.00
0.00
3.13
3.13
3.72
2.16
1.41
2.34
0.00
0.00
0.43
0.00
0.00
2.34
2.98
3.79
6.12
8.17
6.35
9.23
6.24
4.57
7.01
8.36
4.14
4.27
2.34
3.58
21.75
23.12
16.95
19.33
5.89
10.59
19.06
15.30
11.04
14.30
12.21
6.41
6.58
1.84
3.97
0.00
0.37
0.00
5.40
15.62
21.89
16.95
22.63
17.52
8.33
2.60
0.00
0.00
0.00
3.32
4.66
14.34
25.70
22.86
15.09
11.78
11.22
0.31
17.92
41.75
24.82
16.55
0.00
0.00
0.00
0.00
0.00
0.00
0.00
0.00
0.00
0.17
1.60
7.40
16.94
0.00
0.00
0.00
5.22
0.76
0.68
4.32
25.32
7.20
27.90
32.79
30.92
31.00
45.26
5.21
10.93
15.27
5.53
10.87
4.21
3.58
2.25
0.12
0.00
0.00
0.00
0.00
4.06
4.06
0.00
0.00
10.99
9.77
8.75
13.81
4.16
0.70
0.35
1.17
11.04
13.95
43.17
10.85
10.67
12.68
3.13
4.12
28.33
7.68
0.00
3.73
21.93
19.30
0.00
11.26
0.00
12.40
1.80
15.21
6.74
44.84
19.47
9.14
0.00
11.04
15.12
1.27
4.81
0.00
0.00
0.00
0.00
0.00
0.00
0.00
0.00
0.00
26.94
20.64
22.51
0.00
0.00
0.00
0.00
0.00
0.00
0.00
0.00
5.40
0.00
0.00
0.00
0.00
0.00
0.00
0.00
0.00
0.00
0.00
0.00
0.00
0.00
0.00
0.00
4.76
0.00
0.00
0.00
0.00
0.00
0.00
0.00
0.00
0.00
6.88
6.88
6.88
6.88
5.72
0.00
0.00
0.00
0.00
0.00
0.00
0.00
0.00
0.00
0.00
0.00
0.00
0.00
0.00
0.00
18.83
18.83
18.83
18.83
18.83
18.83
18.83
18.83
0.00
0.00
18.83
18.83
18.83
0.00
0.00
18.83
18.83
18.83
0.00
0.00
18.83
18.83
18.83
0.00
0.00
0.00
18.83
13.26
13.26
0.00
0.00
0.00
0.00
0.00
0.00
0.00
0.00
0.00
0.00
0.00
0.00
13.26
13.26
0.00
0.00
0.00
0.00
0.00
0.00
0.00
0.00
0.00
0.00
0.00
0.00
0.00
0.00
0.00
0.00
0.00
0.00
0.00
0.00
0.00
0.00
0.00
0.00
0.00
0.00
0.00
9.30
0.00
0.00
0.00
0.00
0.00
0.00
9.30
9.30
9.30
9.30
0.00
0.00
0.00
0.00
0.00
0.00
0.00
0.00
0.00
2.15
5.57
0.00
0.00
0.00
0.00
5.20
0.00
0.00
6.31
5.45
18.30
18.65
5.81
0.00
1.24
7.16
13.44
8.12
1.24
0.00
0.00
0.00
7.95
8.89
14.66
5.05
3.68
0.00
0.37
0.67
0.21
2.51
1.18
0.00
1.41
18.64
12.04
16.84
21.61
2.70
2.51
0.00
6.99
22.12
2.91
0.00
7.63
10.11
2.91
3.10
0.00
4.23
0.00
0.00
4.23
0.00
6.61
5.79
12.49
13.12
8.97
6.27
8.04
1.99
3.13
10.74
6.84
0.00
12.22
2.42
11.12
10.14
2.29
8.66
0.00
0.00
0.00
0.00
0.00
0.00
0.00
0.00
0.00
5.24
15.09
14.24
0.00
6.54
6.98
0.00
0.00
8.27
10.86
1.76
0.49
7.16
12.89
17.49
9.29
2.08
31.52
12.37
15.39
27.21
29.74
28.05
28.34
3.54
1.10
3.28
12.46
3.13
7.03
6.89
13.93
23.02
29.18
19.59
22.62
10.44
0.00
8.58
9.45
15.39
9.53
2.85
8.28
5.78
31.49
37.81
24.82
24.49
28.13
17.83
11.89
0.00
0.00
0.00
0.00
0.00
0.00
0.00
5.38
8.42
0.00
0.00
5.33
1.01
0.00
0.00
0.00
0.00
0.78
2.34
0.01
7.71
3.22
7.12
29.56
15.82
11.24
3.82
13.74
5.37
10.28
3.82
0.00
0.00
1.53
46.24
14.07
26.88
18.29
3.68
17.97
5.21
10.31
17.76
0.00
0.00
0.00
0.00
0.00
0.00
19.38
0.00
0.00
7.12
0.00
6.70
13.77
25.41
0.00
0.07
0.00
0.00
26.69
14.53
9.56
6.70
1.95
0.00
0.00
0.00
0.00
0.00
2.42
5.20
4.12
17.85
23.62
37.41
22.07
5.40
6.80
0.00
0.00
0.00
0.00
0.00
0.00
0.00
0.00
0.00
0.00
0.00
9.88
0.00
0.00
0.00
0.00
0.00
0.00
0.00
0.00
0.00
0.00
0.00
0.00
0.00
0.00
0.00
0.00
0.00
0.00
5.72
0.00
0.00
0.00
0.00
0.00
0.00
0.00
0.00
0.00
0.00
0.00
0.00
0.00
0.00
0.00
0.00
0.00
0.00
0.00
0.00
0.00
0.00
0.00
0.00
0.00
0.00
0.00
0.00
0.00
0.00
0.00
18.83
18.83
0.00
0.00
0.00
0.00
0.00
0.00
0.00
0.00
0.00
0.00
0.00
0.00
0.00
0.00
0.00
0.00
0.00
0.00
0.00
0.00
0.00
0.00
0.00
0.00
0.00
0.00
0.00
0.00
0.00
0.00
0.00
0.00
0.00
0.00
0.00
0.00
0.00
0.00
0.00
0.00
0.00
0.00
0.00
0.00
0.00
0.00
0.00
0.00
0.00
0.00
0.00
0.00
0.00
0.00
0.00
0.00
0.00
0.00
0.00
0.00
0.00
0.00
0.00
0.00
0.00
0.00
0.00
0.00
9.30
0.00
0.00
0.00
0.00
9.30
0.00
9.30
0.00
0.00
0.00
0.00
0.00
0.00
0.00
0.00
0.00
0.00
0.00
6.47
5.81
0.00
0.00
0.00
0.00
3.43
4.55
0.89
0.00
0.00
0.00
4.55
6.14
2.85
8.85
2.31
0.00
7.20
4.89
10.56
1.24
0.89
0.00
10.25
9.03
6.33
0.00
2.51
4.78
5.22
0.00
4.32
28.51
6.15
9.66
3.30
0.00
3.87
8.27
10.26
17.17
2.70
0.00
9.05
3.01
11.59
5.13
0.00
0.00
0.00
12.61
15.00
10.56
1.65
0.00
5.42
5.42
8.04
4.41
0.73
0.43
5.05
12.49
7.39
8.71
5.55
0.00
0.00
5.76
8.89
6.24
5.55
5.18
0.00
0.00
17.44
4.00
4.54
9.47
0.00
0.00
5.30
6.55
1.25
1.41
21.83
12.24
4.10
2.20
2.41
1.51
0.00
1.38
0.00
6.12
0.00
0.00
3.58
7.40
9.94
17.06
14.71
8.13
6.58
11.58
15.94
0.00
0.00
0.00
14.75
15.94
1.10
4.92
10.23
3.54
5.58
27.69
17.18
16.06
6.67
3.58
2.13
18.63
48.01
42.94
32.76
9.81
1.01
20.19
24.08
40.03
37.42
25.13
18.87
0.11
1.17
0.00
0.76
0.00
0.05
10.33
1.69
0.00
0.00
0.00
0.00
0.00
0.00
0.00
14.01
7.12
0.00
0.00
5.27
6.32
0.00
0.00
14.81
11.87
10.13
4.26
3.04
0.00
6.82
17.48
18.32
18.32
11.74
15.14
0.00
5.27
33.04
16.09
2.72
0.00
0.00
0.00
0.00
0.00
0.00
0.00
0.00
0.00
0.07
5.54
69.73
46.40
39.17
21.27
16.64
6.27
10.67
0.00
32.00
23.59
7.03
0.00
0.00
0.00
0.00
11.77
150.75
2.99
5.39
0.00
0.00
0.00
0.00
0.00
0.00
0.00
6.80
0.00
0.00
0.00
0.00
0.00
5.40
6.80
6.80
0.00
0.00
0.00
6.80
0.00
6.80
0.00
0.00
0.00
0.00
0.00
0.00
0.00
0.00
0.00
0.00
11.74
0.00
0.00
0.00
0.00
0.00
0.00
0.00
0.00
0.00
4.76
9.88
14.31
4.76
12.27
5.72
0.00
0.00
0.00
0.00
0.00
0.00
0.00
0.00
0.00
0.00
0.00
0.00
8.35
0.00
0.00
0.00
0.00
0.00
0.00
0.00
0.00
0.00
0.00
0.00
0.00
0.00
0.00
18.83
18.83
18.83
0.00
0.00
0.00
0.00
0.00
0.00
0.00
0.00
0.00
0.00
0.00
0.00
18.83
18.83
0.00
0.00
18.83
18.83
13.26
0.00
13.26
0.00
0.00
0.00
13.26
13.26
0.00
13.26
13.26
13.26
0.00
0.00
0.00
0.00
0.00
0.00
0.00
0.00
0.00
0.00
0.00
0.00
0.00
0.00
13.26
0.00
0.00
0.00
0.00
0.00
0.00
0.00
0.00
0.00
0.00
0.00
0.00
0.00
0.00
0.00
0.00
0.00
0.00
9.30
9.30
9.30
0.00
0.00
0.00
9.30
9.30
0.00
0.00
0.00
0.00
0.00
0.00
6.87
5.57
0.00
0.00
0.00
0.00
0.00
6.04
1.73
0.00
0.00
0.00
2.97
0.00
0.00
0.00
0.00
0.00
2.45
6.09
0.89
0.89
5.57
6.14
0.00
0.00
0.00
0.00
0.00
5.05
0.00
0.00
0.00
0.00
0.00
0.37
0.00
0.53
1.41
0.00
0.00
0.00
0.00
0.00
0.00
0.00
1.30
13.04
1.18
9.73
3.87
6.15
12.75
8.11
0.00
15.00
10.79
7.55
9.47
0.00
0.00
0.00
5.67
0.00
6.38
11.21
7.72
10.02
6.61
14.58
5.18
5.73
17.70
26.21
27.92
16.68
11.30
15.67
17.28
7.82
13.55
40.84
41.38
12.94
21.10
34.21
34.27
40.21
12.67
11.26
24.59
19.96
6.32
2.35
4.84
3.54
16.85
11.40
8.22
4.73
3.89
11.72
20.11
29.43
16.10
20.02
13.84
11.31
0.00
16.44
5.44
6.54
9.34
0.00
12.12
8.09
10.32
24.14
12.21
10.63
1.53
0.00
9.78
5.22
5.02
5.02
0.00
0.00
0.11
0.00
0.00
0.00
0.00
1.17
3.58
1.43
2.78
3.37
2.07
0.00
0.00
6.62
0.01
0.01
5.94
10.69
19.56
24.18
5.58
17.74
8.45
13.14
5.51
2.77
5.34
17.90
6.78
7.26
89.95
28.21
10.13
38.72
18.86
0.00
0.00
0.00
0.00
0.83
0.00
0.89
2.38
2.25
8.40
8.99
0.00
1.40
16.78
10.16
1.99
5.29
38.48
20.25
9.53
6.65
4.33
0.00
0.00
0.00
0.00
20.27
8.90
16.81
14.49
0.00
6.36
20.00
4.03
3.84
0.00
0.00
0.00
0.00
0.00
1.58
17.88
6.16
4.03
6.74
0.00
11.95
0.00
7.31
28.50
0.00
0.00
0.00
0.00
0.00
0.00
0.00
0.00
0.00
10.46
22.40
14.29
16.96
0.00
0.00
0.00
0.00
0.00
0.00
0.00
0.00
0.00
0.00
0.00
0.00
0.00
0.00
0.00
0.00
0.00
15.29
0.00
0.00
0.00
0.00
0.00
0.00
24.65
6.88
8.85
5.72
5.72
0.00
0.00
0.00
0.00
0.00
0.00
0.00
0.00
0.00
0.00
0.00
8.85
0.00
0.00
0.00
0.00
0.00
0.00
0.00
0.00
0.00
0.00
0.00
0.00
0.00
0.00
0.00
0.00
0.00
0.00
0.00
0.00
0.00
0.00
0.00
0.00
0.00
